
Experimental details:
    Model     : cnn
    Optimizer : sgd
    Learning  : 0.01
    Global Rounds   : 50

    Federated parameters:
    Non-IID
    Fraction of users  : 0.0
    Local Batch size   : 10
    Local Epochs       : 1

Files already downloaded and verified
Files already downloaded and verified
3
Resoults
0
[1, 1, 1, 1, 1]
[1, 1, 1, 1, 1]
0.0991
182.05376291275024
Resoults
0
[1, 1, 1, 1, 1]
[1, 1, 1, 1, 1]
0.0991
182.05376291275024
1
Resoults
1
[1, 1, 1, 1, 1]
[1, 1, 1, 1, 1]
0.0994
182.11012935638428
Resoults
1
[1, 1, 1, 1, 1]
[1, 1, 1, 1, 1]
0.0994
182.11012935638428
2
Resoults
2
[1, 1, 1, 1, 1]
[1, 1, 1, 1, 1]
0.0995
182.19806122779846
Resoults
2
[1, 1, 1, 1, 1]
[1, 1, 1, 1, 1]
0.0995
182.19806122779846
3
Resoults
3
[1, 1, 1, 1, 1]
[1, 1, 1, 1, 1]
0.1
182.32782769203186
Resoults
3
[1, 1, 1, 1, 1]
[1, 1, 1, 1, 1]
0.1
182.32782769203186
4
Resoults
4
[1, 1, 1, 1, 1]
[1, 1, 1, 1, 1]
0.1005
182.49206614494324
Resoults
4
[1, 1, 1, 1, 1]
[1, 1, 1, 1, 1]
0.1005
182.49206614494324
3
Resoults
5
[1, 1, 1, 1, 1]
[1, 1, 1, 1, 1]
0.1036
182.72408509254456
Resoults
5
[1, 1, 1, 1, 1]
[1, 1, 1, 1, 1]
0.1036
182.72408509254456
3
Resoults
6
[1, 1, 1, 1, 1]
[1, 1, 1, 1, 1]
0.1062
183.06403017044067
Resoults
6
[1, 1, 1, 1, 1]
[1, 1, 1, 1, 1]
0.1062
183.06403017044067
2
Resoults
7
[1, 1, 1, 1, 1]
[1, 1, 1, 1, 1]
0.1295
183.62281894683838
Resoults
7
[1, 1, 1, 1, 1]
[1, 1, 1, 1, 1]
0.1295
183.62281894683838
2
Resoults
8
[1, 1, 1, 1, 1]
[1, 1, 1, 1, 1]
0.1375
184.5962336063385
Resoults
8
[1, 1, 1, 1, 1]
[1, 1, 1, 1, 1]
0.1375
184.5962336063385
4
Resoults
9
[1, 1, 1, 1, 1]
[1, 1, 1, 1, 1]
0.1078
186.2255322933197
Resoults
9
[1, 1, 1, 1, 1]
[1, 1, 1, 1, 1]
0.1078
186.2255322933197
1
Resoults
10
[1, 1, 1, 1, 1]
[1, 1, 1, 1, 1]
0.1182
189.04614925384521
Resoults
10
[1, 1, 1, 1, 1]
[1, 1, 1, 1, 1]
0.1182
189.04614925384521
0
Resoults
11
[1, 1, 1, 1, 1]
[1, 1, 1, 1, 1]
0.122
192.50970649719238
Resoults
11
[1, 1, 1, 1, 1]
[1, 1, 1, 1, 1]
0.122
192.50970649719238
2
Resoults
12
[1, 1, 1, 1, 1]
[1, 1, 1, 1, 1]
0.1235
197.01548552513123
Resoults
12
[1, 1, 1, 1, 1]
[1, 1, 1, 1, 1]
0.1235
197.01548552513123
2
Resoults
13
[1, 1, 1, 1, 1]
[1, 1, 1, 1, 1]
0.1279
201.49952507019043
Resoults
13
[1, 1, 1, 1, 1]
[1, 1, 1, 1, 1]
0.1279
201.49952507019043
4
Resoults
14
[1, 1, 1, 1, 1]
[1, 1, 1, 1, 1]
0.1101
205.59207916259766
Resoults
14
[1, 1, 1, 1, 1]
[1, 1, 1, 1, 1]
0.1101
205.59207916259766
0
Resoults
15
[1, 1, 1, 1, 1]
[1, 1, 1, 1, 1]
0.1441
207.59542298316956
Resoults
15
[1, 1, 1, 1, 1]
[1, 1, 1, 1, 1]
0.1441
207.59542298316956
4
Resoults
16
[1, 1, 1, 1, 1]
[1, 1, 1, 1, 1]
0.1475
210.32844614982605
Resoults
16
[1, 1, 1, 1, 1]
[1, 1, 1, 1, 1]
0.1475
210.32844614982605
2
Resoults
17
[1, 1, 1, 1, 1]
[1, 1, 1, 1, 1]
0.1872
213.41336011886597
Resoults
17
[1, 1, 1, 1, 1]
[1, 1, 1, 1, 1]
0.1872
213.41336011886597
4
Resoults
18
[1, 1, 1, 1, 1]
[1, 1, 1, 1, 1]
0.179
215.9747564792633
Resoults
18
[1, 1, 1, 1, 1]
[1, 1, 1, 1, 1]
0.179
215.9747564792633
4
Resoults
19
[1, 1, 1, 1, 1]
[1, 1, 1, 1, 1]
0.1823
221.6433229446411
Resoults
19
[1, 1, 1, 1, 1]
[1, 1, 1, 1, 1]
0.1823
221.6433229446411
1
Resoults
20
[1, 1, 1, 1, 1]
[1, 1, 1, 1, 1]
0.1773
213.0563883781433
Resoults
20
[1, 1, 1, 1, 1]
[1, 1, 1, 1, 1]
0.1773
213.0563883781433
4
Resoults
21
[1, 1, 1, 1, 1]
[1, 1, 1, 1, 1]
0.1779
215.6778028011322
Resoults
21
[1, 1, 1, 1, 1]
[1, 1, 1, 1, 1]
0.1779
215.6778028011322
1
Resoults
22
[1, 1, 1, 1, 1]
[1, 1, 1, 1, 1]
0.1843
215.06275868415833
Resoults
22
[1, 1, 1, 1, 1]
[1, 1, 1, 1, 1]
0.1843
215.06275868415833
2
Resoults
23
[1, 1, 1, 1, 1]
[1, 1, 1, 1, 1]
0.1921
216.98006129264832
Resoults
23
[1, 1, 1, 1, 1]
[1, 1, 1, 1, 1]
0.1921
216.98006129264832
2
Resoults
24
[1, 1, 1, 1, 1]
[1, 1, 1, 1, 1]
0.2042
220.46957063674927
Resoults
24
[1, 1, 1, 1, 1]
[1, 1, 1, 1, 1]
0.2042
220.46957063674927
0
Resoults
25
[1, 1, 1, 1, 1]
[1, 1, 1, 1, 1]
0.2025
212.3844349384308
Resoults
25
[1, 1, 1, 1, 1]
[1, 1, 1, 1, 1]
0.2025
212.3844349384308
1
Resoults
26
[1, 1, 1, 1, 1]
[1, 1, 1, 1, 1]
0.2018
215.13185238838196
Resoults
26
[1, 1, 1, 1, 1]
[1, 1, 1, 1, 1]
0.2018
215.13185238838196
1
Resoults
27
[1, 1, 1, 1, 1]
[1, 1, 1, 1, 1]
0.2048
215.67448329925537
Resoults
27
[1, 1, 1, 1, 1]
[1, 1, 1, 1, 1]
0.2048
215.67448329925537
3
Resoults
28
[1, 1, 1, 1, 1]
[1, 1, 1, 1, 1]
0.2084
211.8340802192688
Resoults
28
[1, 1, 1, 1, 1]
[1, 1, 1, 1, 1]
0.2084
211.8340802192688
1
Resoults
29
[1, 1, 1, 1, 1]
[1, 1, 1, 1, 1]
0.1886
215.4120650291443
Resoults
29
[1, 1, 1, 1, 1]
[1, 1, 1, 1, 1]
0.1886
215.4120650291443
1
Resoults
30
[1, 1, 1, 1, 1]
[1, 1, 1, 1, 1]
0.1774
213.90081214904785
Resoults
30
[1, 1, 1, 1, 1]
[1, 1, 1, 1, 1]
0.1774
213.90081214904785
2
Resoults
31
[1, 1, 1, 1, 1]
[1, 1, 1, 1, 1]
0.2041
213.5384123325348
Resoults
31
[1, 1, 1, 1, 1]
[1, 1, 1, 1, 1]
0.2041
213.5384123325348
1
Resoults
32
[1, 1, 1, 1, 1]
[1, 1, 1, 1, 1]
0.2066
214.1072678565979
Resoults
32
[1, 1, 1, 1, 1]
[1, 1, 1, 1, 1]
0.2066
214.1072678565979
1
Resoults
33
[1, 1, 1, 1, 1]
[1, 1, 1, 1, 1]
0.206
214.48318338394165
Resoults
33
[1, 1, 1, 1, 1]
[1, 1, 1, 1, 1]
0.206
214.48318338394165
3
Resoults
34
[1, 1, 1, 1, 1]
[1, 1, 1, 1, 1]
0.2099
215.1370985507965
Resoults
34
[1, 1, 1, 1, 1]
[1, 1, 1, 1, 1]
0.2099
215.1370985507965
0
Resoults
35
[1, 1, 1, 1, 1]
[1, 1, 1, 1, 1]
0.2195
212.6268117427826
Resoults
35
[1, 1, 1, 1, 1]
[1, 1, 1, 1, 1]
0.2195
212.6268117427826
1
Resoults
36
[1, 1, 1, 1, 1]
[1, 1, 1, 1, 1]
0.193
216.82934594154358
Resoults
36
[1, 1, 1, 1, 1]
[1, 1, 1, 1, 1]
0.193
216.82934594154358
2
Resoults
37
[1, 1, 1, 1, 1]
[1, 1, 1, 1, 1]
0.2052
217.7136673927307
Resoults
37
[1, 1, 1, 1, 1]
[1, 1, 1, 1, 1]
0.2052
217.7136673927307
0
Resoults
38
[1, 1, 1, 1, 1]
[1, 1, 1, 1, 1]
0.2214
215.4332447052002
Resoults
38
[1, 1, 1, 1, 1]
[1, 1, 1, 1, 1]
0.2214
215.4332447052002
3
Resoults
39
[1, 1, 1, 1, 1]
[1, 1, 1, 1, 1]
0.2174
210.3396120071411
Resoults
39
[1, 1, 1, 1, 1]
[1, 1, 1, 1, 1]
0.2174
210.3396120071411
3
Resoults
40
[1, 1, 1, 1, 1]
[1, 1, 1, 1, 1]
0.2187
217.7437469959259
Resoults
40
[1, 1, 1, 1, 1]
[1, 1, 1, 1, 1]
0.2187
217.7437469959259
3
Resoults
41
[1, 1, 1, 1, 1]
[1, 1, 1, 1, 1]
0.2033
220.0605969429016
Resoults
41
[1, 1, 1, 1, 1]
[1, 1, 1, 1, 1]
0.2033
220.0605969429016
0
Resoults
42
[1, 1, 1, 1, 1]
[1, 1, 1, 1, 1]
0.2315
213.1398196220398
Resoults
42
[1, 1, 1, 1, 1]
[1, 1, 1, 1, 1]
0.2315
213.1398196220398
0
Resoults
43
[1, 1, 1, 1, 1]
[1, 1, 1, 1, 1]
0.2192
217.895578622818
Resoults
43
[1, 1, 1, 1, 1]
[1, 1, 1, 1, 1]
0.2192
217.895578622818
2
Resoults
44
[1, 1, 1, 1, 1]
[1, 1, 1, 1, 1]
0.2238
223.32507824897766
Resoults
44
[1, 1, 1, 1, 1]
[1, 1, 1, 1, 1]
0.2238
223.32507824897766
1
Resoults
45
[1, 1, 1, 1, 1]
[1, 1, 1, 1, 1]
0.2297
218.4737367630005
Resoults
45
[1, 1, 1, 1, 1]
[1, 1, 1, 1, 1]
0.2297
218.4737367630005
3
Resoults
46
[1, 1, 1, 1, 1]
[1, 1, 1, 1, 1]
0.2305
216.36526155471802
Resoults
46
[1, 1, 1, 1, 1]
[1, 1, 1, 1, 1]
0.2305
216.36526155471802
1
Resoults
47
[1, 1, 1, 1, 1]
[1, 1, 1, 1, 1]
0.2237
216.91567468643188
Resoults
47
[1, 1, 1, 1, 1]
[1, 1, 1, 1, 1]
0.2237
216.91567468643188
1
Resoults
48
[1, 1, 1, 1, 1]
[1, 1, 1, 1, 1]
0.2247
217.61008977890015
Resoults
48
[1, 1, 1, 1, 1]
[1, 1, 1, 1, 1]
0.2247
217.61008977890015
0
Resoults
49
[1, 1, 1, 1, 1]
[1, 1, 1, 1, 1]
0.2343
215.81142115592957
Resoults
49
[1, 1, 1, 1, 1]
[1, 1, 1, 1, 1]
0.2343
215.81142115592957

Experimental details:
    Model     : cnn
    Optimizer : sgd
    Learning  : 0.01
    Global Rounds   : 50

    Federated parameters:
    Non-IID
    Fraction of users  : 0.0
    Local Batch size   : 10
    Local Epochs       : 1

Files already downloaded and verified
Files already downloaded and verified
2
Resoults
0
[1, 1, 1, 1, 1]
[1, 1, 1, 1, 1]
0.0998
181.99990797042847
Resoults
0
[1, 1, 1, 1, 1]
[1, 1, 1, 1, 1]
0.0998
181.99990797042847
0
Resoults
1
[1, 1, 1, 1, 1]
[1, 1, 1, 1, 1]
0.1017
182.02096891403198
Resoults
1
[1, 1, 1, 1, 1]
[1, 1, 1, 1, 1]
0.1017
182.02096891403198
1
Resoults
2
[1, 1, 1, 1, 1]
[1, 1, 1, 1, 1]
0.1031
182.0738925933838
Resoults
2
[1, 1, 1, 1, 1]
[1, 1, 1, 1, 1]
0.1031
182.0738925933838
4
Resoults
3
[1, 1, 1, 1, 1]
[1, 1, 1, 1, 1]
0.1046
182.14389991760254
Resoults
3
[1, 1, 1, 1, 1]
[1, 1, 1, 1, 1]
0.1046
182.14389991760254
0
Resoults
4
[1, 1, 1, 1, 1]
[1, 1, 1, 1, 1]
0.1065
182.2335169315338
Resoults
4
[1, 1, 1, 1, 1]
[1, 1, 1, 1, 1]
0.1065
182.2335169315338
1
Resoults
5
[1, 1, 1, 1, 1]
[1, 1, 1, 1, 1]
0.1091
182.3432457447052
Resoults
5
[1, 1, 1, 1, 1]
[1, 1, 1, 1, 1]
0.1091
182.3432457447052
0
Resoults
6
[1, 1, 1, 1, 1]
[1, 1, 1, 1, 1]
0.11
182.4651198387146
Resoults
6
[1, 1, 1, 1, 1]
[1, 1, 1, 1, 1]
0.11
182.4651198387146
2
Resoults
7
[1, 1, 1, 1, 1]
[1, 1, 1, 1, 1]
0.1122
182.60647344589233
Resoults
7
[1, 1, 1, 1, 1]
[1, 1, 1, 1, 1]
0.1122
182.60647344589233
4
Resoults
8
[1, 1, 1, 1, 1]
[1, 1, 1, 1, 1]
0.1134
182.76255774497986
Resoults
8
[1, 1, 1, 1, 1]
[1, 1, 1, 1, 1]
0.1134
182.76255774497986
3
Resoults
9
[1, 1, 1, 1, 1]
[1, 1, 1, 1, 1]
0.1137
182.9436914920807
Resoults
9
[1, 1, 1, 1, 1]
[1, 1, 1, 1, 1]
0.1137
182.9436914920807
4
Resoults
10
[1, 1, 1, 1, 1]
[1, 1, 1, 1, 1]
0.1133
183.14263010025024
Resoults
10
[1, 1, 1, 1, 1]
[1, 1, 1, 1, 1]
0.1133
183.14263010025024
3
Resoults
11
[1, 1, 1, 1, 1]
[1, 1, 1, 1, 1]
0.1152
183.3714258670807
Resoults
11
[1, 1, 1, 1, 1]
[1, 1, 1, 1, 1]
0.1152
183.3714258670807
1
Resoults
12
[1, 1, 1, 1, 1]
[1, 1, 1, 1, 1]
0.1138
183.62967252731323
Resoults
12
[1, 1, 1, 1, 1]
[1, 1, 1, 1, 1]
0.1138
183.62967252731323
2
Resoults
13
[1, 1, 1, 1, 1]
[1, 1, 1, 1, 1]
0.1137
183.926007270813
Resoults
13
[1, 1, 1, 1, 1]
[1, 1, 1, 1, 1]
0.1137
183.926007270813
3
Resoults
14
[1, 1, 1, 1, 1]
[1, 1, 1, 1, 1]
0.1112
184.29948830604553
Resoults
14
[1, 1, 1, 1, 1]
[1, 1, 1, 1, 1]
0.1112
184.29948830604553
3
Resoults
15
[1, 1, 1, 1, 1]
[1, 1, 1, 1, 1]
0.1091
184.77915120124817
Resoults
15
[1, 1, 1, 1, 1]
[1, 1, 1, 1, 1]
0.1091
184.77915120124817
1
Resoults
16
[1, 1, 1, 1, 1]
[1, 1, 1, 1, 1]
0.1084
185.37742257118225
Resoults
16
[1, 1, 1, 1, 1]
[1, 1, 1, 1, 1]
0.1084
185.37742257118225
0
Resoults
17
[1, 1, 1, 1, 1]
[1, 1, 1, 1, 1]
0.1044
186.25616550445557
Resoults
17
[1, 1, 1, 1, 1]
[1, 1, 1, 1, 1]
0.1044
186.25616550445557
0
Resoults
18
[1, 1, 1, 1, 1]
[1, 1, 1, 1, 1]
0.1022
187.57933831214905
Resoults
18
[1, 1, 1, 1, 1]
[1, 1, 1, 1, 1]
0.1022
187.57933831214905
4
Resoults
19
[1, 1, 1, 1, 1]
[1, 1, 1, 1, 1]
0.103
189.2732858657837
Resoults
19
[1, 1, 1, 1, 1]
[1, 1, 1, 1, 1]
0.103
189.2732858657837
1
Resoults
20
[1, 1, 1, 1, 1]
[1, 1, 1, 1, 1]
0.1366
191.7108051776886
Resoults
20
[1, 1, 1, 1, 1]
[1, 1, 1, 1, 1]
0.1366
191.7108051776886
3
Resoults
21
[1, 1, 1, 1, 1]
[1, 1, 1, 1, 1]
0.131
194.8947331905365
Resoults
21
[1, 1, 1, 1, 1]
[1, 1, 1, 1, 1]
0.131
194.8947331905365
4
Resoults
22
[1, 1, 1, 1, 1]
[1, 1, 1, 1, 1]
0.1147
198.48431587219238
Resoults
22
[1, 1, 1, 1, 1]
[1, 1, 1, 1, 1]
0.1147
198.48431587219238
0
Resoults
23
[1, 1, 1, 1, 1]
[1, 1, 1, 1, 1]
0.1269
202.63795518875122
Resoults
23
[1, 1, 1, 1, 1]
[1, 1, 1, 1, 1]
0.1269
202.63795518875122
1
Resoults
24
[1, 1, 1, 1, 1]
[1, 1, 1, 1, 1]
0.1193
206.85488939285278
Resoults
24
[1, 1, 1, 1, 1]
[1, 1, 1, 1, 1]
0.1193
206.85488939285278
0
Resoults
25
[1, 1, 1, 1, 1]
[1, 1, 1, 1, 1]
0.1316
211.63411664962769
Resoults
25
[1, 1, 1, 1, 1]
[1, 1, 1, 1, 1]
0.1316
211.63411664962769
4
Resoults
26
[1, 1, 1, 1, 1]
[1, 1, 1, 1, 1]
0.1537
213.39033961296082
Resoults
26
[1, 1, 1, 1, 1]
[1, 1, 1, 1, 1]
0.1537
213.39033961296082
0
Resoults
27
[1, 1, 1, 1, 1]
[1, 1, 1, 1, 1]
0.1541
217.03244876861572
Resoults
27
[1, 1, 1, 1, 1]
[1, 1, 1, 1, 1]
0.1541
217.03244876861572
2
Resoults
28
[1, 1, 1, 1, 1]
[1, 1, 1, 1, 1]
0.1375
219.830148935318
Resoults
28
[1, 1, 1, 1, 1]
[1, 1, 1, 1, 1]
0.1375
219.830148935318
4
Resoults
29
[1, 1, 1, 1, 1]
[1, 1, 1, 1, 1]
0.1622
221.47564482688904
Resoults
29
[1, 1, 1, 1, 1]
[1, 1, 1, 1, 1]
0.1622
221.47564482688904
2
Resoults
30
[1, 1, 1, 1, 1]
[1, 1, 1, 1, 1]
0.1712
222.54145216941833
Resoults
30
[1, 1, 1, 1, 1]
[1, 1, 1, 1, 1]
0.1712
222.54145216941833
3
Resoults
31
[1, 1, 1, 1, 1]
[1, 1, 1, 1, 1]
0.1876
223.16079688072205
Resoults
31
[1, 1, 1, 1, 1]
[1, 1, 1, 1, 1]
0.1876
223.16079688072205
2
Resoults
32
[1, 1, 1, 1, 1]
[1, 1, 1, 1, 1]
0.1724
224.6183421611786
Resoults
32
[1, 1, 1, 1, 1]
[1, 1, 1, 1, 1]
0.1724
224.6183421611786
4
Resoults
33
[1, 1, 1, 1, 1]
[1, 1, 1, 1, 1]
0.173
225.1501088142395
Resoults
33
[1, 1, 1, 1, 1]
[1, 1, 1, 1, 1]
0.173
225.1501088142395
0
Resoults
34
[1, 1, 1, 1, 1]
[1, 1, 1, 1, 1]
0.1805
226.6325352191925
Resoults
34
[1, 1, 1, 1, 1]
[1, 1, 1, 1, 1]
0.1805
226.6325352191925
1
Resoults
35
[1, 1, 1, 1, 1]
[1, 1, 1, 1, 1]
0.1725
230.9867730140686
Resoults
35
[1, 1, 1, 1, 1]
[1, 1, 1, 1, 1]
0.1725
230.9867730140686
2
Resoults
36
[1, 1, 1, 1, 1]
[1, 1, 1, 1, 1]
0.1789
232.27164387702942
Resoults
36
[1, 1, 1, 1, 1]
[1, 1, 1, 1, 1]
0.1789
232.27164387702942
1
Resoults
37
[1, 1, 1, 1, 1]
[1, 1, 1, 1, 1]
0.1993
235.1691870689392
Resoults
37
[1, 1, 1, 1, 1]
[1, 1, 1, 1, 1]
0.1993
235.1691870689392
1
Resoults
38
[1, 1, 1, 1, 1]
[1, 1, 1, 1, 1]
0.1867
239.43771147727966
Resoults
38
[1, 1, 1, 1, 1]
[1, 1, 1, 1, 1]
0.1867
239.43771147727966
0
Resoults
39
[1, 1, 1, 1, 1]
[1, 1, 1, 1, 1]
0.1918
231.16461205482483
Resoults
39
[1, 1, 1, 1, 1]
[1, 1, 1, 1, 1]
0.1918
231.16461205482483
4
Resoults
40
[1, 1, 1, 1, 1]
[1, 1, 1, 1, 1]
0.2123
235.14813423156738
Resoults
40
[1, 1, 1, 1, 1]
[1, 1, 1, 1, 1]
0.2123
235.14813423156738
1
Resoults
41
[1, 1, 1, 1, 1]
[1, 1, 1, 1, 1]
0.2132
235.967467546463
Resoults
41
[1, 1, 1, 1, 1]
[1, 1, 1, 1, 1]
0.2132
235.967467546463
2
Resoults
42
[1, 1, 1, 1, 1]
[1, 1, 1, 1, 1]
0.2085
232.9350016117096
Resoults
42
[1, 1, 1, 1, 1]
[1, 1, 1, 1, 1]
0.2085
232.9350016117096
3
Resoults
43
[1, 1, 1, 1, 1]
[1, 1, 1, 1, 1]
0.2342
228.36922335624695
Resoults
43
[1, 1, 1, 1, 1]
[1, 1, 1, 1, 1]
0.2342
228.36922335624695
0
