
Experimental details:
    Model     : cnn
    Optimizer : sgd
    Learning  : 0.1
    Global Rounds   : 50

    Federated parameters:
    Non-IID
    Fraction of users  : 0.0
    Local Batch size   : 10
    Local Epochs       : 1

Files already downloaded and verified
Files already downloaded and verified

Experimental details:
    Model     : cnn
    Optimizer : sgd
    Learning  : 0.1
    Global Rounds   : 50

    Federated parameters:
    Non-IID
    Fraction of users  : 0.0
    Local Batch size   : 10
    Local Epochs       : 1

Files already downloaded and verified
Files already downloaded and verified
3
Resoults
0
[1, 1, 1, 1, 1]
[1, 1, 1, 1, 1]
0.1006
182.9458270072937
2
Resoults
1
[1, 1, 1, 1, 1]
[1, 1, 1, 1, 1]
0.1114
186.65611481666565
0
Resoults
2
[1, 1, 1, 1, 1]
[1, 1, 1, 1, 1]
0.1
192.13721585273743
0
Resoults
3
[1, 1, 1, 1, 1]
[1, 1, 1, 1, 1]
0.1135
200.1451780796051
1
Resoults
4
[1, 1, 1, 1, 1]
[1, 1, 1, 1, 1]
0.1333
200.73129773139954
1
Resoults
5
[1, 1, 1, 1, 1]
[1, 1, 1, 1, 1]
0.1075
193.35909175872803
3
Resoults
6
[1, 1, 1, 1, 1]
[1, 1, 1, 1, 1]
0.1814
198.29292964935303
0
Resoults
7
[1, 1, 1, 1, 1]
[1, 1, 1, 1, 1]
0.1823
194.94250464439392
3
Resoults
8
[1, 1, 1, 1, 1]
[1, 1, 1, 1, 1]
0.2079
194.79679322242737
0
Resoults
9
[1, 1, 1, 1, 1]
[1, 1, 1, 1, 1]
0.1675
194.3650689125061
3
Resoults
10
[1, 1, 1, 1, 1]
[1, 1, 1, 1, 1]
0.1666
197.4396493434906
3
Resoults
11
[1, 1, 1, 1, 1]
[1, 1, 1, 1, 1]
0.1839
217.55380749702454
4
Resoults
12
[1, 1, 1, 1, 1]
[1, 1, 1, 1, 1]
0.2145
192.73224806785583
4
Resoults
13
[1, 1, 1, 1, 1]
[1, 1, 1, 1, 1]
0.228
205.00205993652344
0
Resoults
14
[1, 1, 1, 1, 1]
[1, 1, 1, 1, 1]
0.1717
201.66890907287598
4
Resoults
15
[1, 1, 1, 1, 1]
[1, 1, 1, 1, 1]
0.2347
221.21226477622986
2
Resoults
16
[1, 1, 1, 1, 1]
[1, 1, 1, 1, 1]
0.2262
204.23139452934265
4
Resoults
17
[1, 1, 1, 1, 1]
[1, 1, 1, 1, 1]
0.2116
212.37556314468384
4
Resoults
18
[1, 1, 1, 1, 1]
[1, 1, 1, 1, 1]
0.2336
202.7792112827301
3
Resoults
19
[1, 1, 1, 1, 1]
[1, 1, 1, 1, 1]
0.23
206.00215601921082
4
Resoults
20
[1, 1, 1, 1, 1]
[1, 1, 1, 1, 1]
0.2338
243.56437230110168
2
Resoults
21
[1, 1, 1, 1, 1]
[1, 1, 1, 1, 1]
0.1695
227.8909318447113
0
Resoults
22
[1, 1, 1, 1, 1]
[1, 1, 1, 1, 1]
0.2336
230.0166096687317
0
Resoults
23
[1, 1, 1, 1, 1]
[1, 1, 1, 1, 1]
0.2684
234.49010014533997
3
Resoults
24
[1, 1, 1, 1, 1]
[1, 1, 1, 1, 1]
0.2296
214.46666812896729
0
Resoults
25
[1, 1, 1, 1, 1]
[1, 1, 1, 1, 1]
0.2523
205.1380796432495
4
Resoults
26
[1, 1, 1, 1, 1]
[1, 1, 1, 1, 1]
0.2358
254.48956084251404
2
Resoults
27
[1, 1, 1, 1, 1]
[1, 1, 1, 1, 1]
0.2624
211.38389229774475
0
Resoults
28
[1, 1, 1, 1, 1]
[1, 1, 1, 1, 1]
0.2437
231.65953755378723
4
Resoults
29
[1, 1, 1, 1, 1]
[1, 1, 1, 1, 1]
0.2434
236.25402545928955
2
Resoults
30
[1, 1, 1, 1, 1]
[1, 1, 1, 1, 1]
0.2529
210.48901796340942
1
Resoults
31
[1, 1, 1, 1, 1]
[1, 1, 1, 1, 1]
0.2579
204.07390666007996
0
Resoults
32
[1, 1, 1, 1, 1]
[1, 1, 1, 1, 1]
0.2687
255.40070867538452
0
Resoults
33
[1, 1, 1, 1, 1]
[1, 1, 1, 1, 1]
0.2742
286.6139569282532
2
Resoults
34
[1, 1, 1, 1, 1]
[1, 1, 1, 1, 1]
0.2439
201.98692727088928
0
Resoults
35
[1, 1, 1, 1, 1]
[1, 1, 1, 1, 1]
0.252
233.89340376853943
4
Resoults
36
[1, 1, 1, 1, 1]
[1, 1, 1, 1, 1]
0.1864
206.07721638679504
1
Resoults
37
[1, 1, 1, 1, 1]
[1, 1, 1, 1, 1]
0.2446
204.94394707679749
3
Resoults
38
[1, 1, 1, 1, 1]
[1, 1, 1, 1, 1]
0.255
225.80417275428772
2
Resoults
39
[1, 1, 1, 1, 1]
[1, 1, 1, 1, 1]
0.2733
236.84826731681824
3
Resoults
40
[1, 1, 1, 1, 1]
[1, 1, 1, 1, 1]
0.2134
209.85224103927612
0
Resoults
41
[1, 1, 1, 1, 1]
[1, 1, 1, 1, 1]
0.2625
228.44392895698547
0
Resoults
42
[1, 1, 1, 1, 1]
[1, 1, 1, 1, 1]
0.2488
290.1544542312622
4
Resoults
43
[1, 1, 1, 1, 1]
[1, 1, 1, 1, 1]
0.2442
251.53285360336304
1
Resoults
44
[1, 1, 1, 1, 1]
[1, 1, 1, 1, 1]
0.2503
222.6599178314209
2
Resoults
45
[1, 1, 1, 1, 1]
[1, 1, 1, 1, 1]
0.2942
246.34463214874268
0
Resoults
46
[1, 1, 1, 1, 1]
[1, 1, 1, 1, 1]
0.2046
265.3078861236572
3
Resoults
47
[1, 1, 1, 1, 1]
[1, 1, 1, 1, 1]
0.2622
236.6272542476654
1
Resoults
48
[1, 1, 1, 1, 1]
[1, 1, 1, 1, 1]
0.2815
207.72184324264526
1
Resoults
49
[1, 1, 1, 1, 1]
[1, 1, 1, 1, 1]
0.2016
237.7472279071808
