
Experimental details:
    Model     : cnn
    Optimizer : sgd
    Learning  : 0.01
    Global Rounds   : 50

    Federated parameters:
    Non-IID
    Fraction of users  : 0.1
    Local Batch size   : 10
    Local Epochs       : 1

Results
 0 
 [2] 
 [0, 0, 0, 0, 1] 
 0.5162162162162162 

Results
 0 
 [2] 
 [0, 0, 0, 1, 0] 
 0.49056603773584906 

Results
 0 
 [2] 
 [0, 0, 1, 0, 0] 
 0.9949367088607595 

Results
 0 
 [2] 
 [0, 1, 0, 0, 0] 
 0.5035460992907801 

Results
 0 
 [2] 
 [1, 0, 0, 0, 0] 
 0.44110854503464203 

Results
 0 
 [2] 
 [1, 1, 1, 1, 1] 
 0.5873493975903614 

Results
 0 
 [2, 1] 
 [0, 0, 0, 0, 1] 
 0.5216216216216216 

Results
 0 
 [2, 1] 
 [0, 0, 0, 1, 0] 
 0.49595687331536387 

Results
 0 
 [2, 1] 
 [0, 0, 1, 0, 0] 
 0.49873417721518987 

Results
 0 
 [2, 1] 
 [0, 1, 0, 0, 0] 
 0.5177304964539007 

Results
 0 
 [2, 1] 
 [1, 0, 0, 0, 0] 
 0.44803695150115475 

Results
 0 
 [2, 1] 
 [1, 1, 1, 1, 1] 
 0.4954819277108434 

Results
 0 
 [2, 1, 4] 
 [0, 0, 0, 0, 1] 
 0.5216216216216216 

Results
 0 
 [2, 1, 4] 
 [0, 0, 0, 1, 0] 
 0.49595687331536387 

Results
 0 
 [2, 1, 4] 
 [0, 0, 1, 0, 0] 
 0.4810126582278481 

Results
 0 
 [2, 1, 4] 
 [0, 1, 0, 0, 0] 
 0.5177304964539007 

Results
 0 
 [2, 1, 4] 
 [1, 0, 0, 0, 0] 
 0.44803695150115475 

Results
 0 
 [2, 1, 4] 
 [1, 1, 1, 1, 1] 
 0.4919678714859438 

Results
 0 
 [2, 1, 4, 0] 
 [0, 0, 0, 0, 1] 
 0.5216216216216216 

Results
 0 
 [2, 1, 4, 0] 
 [0, 0, 0, 1, 0] 
 0.49595687331536387 

Results
 0 
 [2, 1, 4, 0] 
 [0, 0, 1, 0, 0] 
 0.4810126582278481 

Results
 0 
 [2, 1, 4, 0] 
 [0, 1, 0, 0, 0] 
 0.5177304964539007 

Results
 0 
 [2, 1, 4, 0] 
 [1, 0, 0, 0, 0] 
 0.44803695150115475 

Results
 0 
 [2, 1, 4, 0] 
 [1, 1, 1, 1, 1] 
 0.4919678714859438 

Results
 0 
 [2, 1, 4, 0, 3] 
 [0, 0, 0, 0, 1] 
 0.5216216216216216 

Results
 0 
 [2, 1, 4, 0, 3] 
 [0, 0, 0, 1, 0] 
 0.49595687331536387 

Results
 0 
 [2, 1, 4, 0, 3] 
 [0, 0, 1, 0, 0] 
 0.4810126582278481 

Results
 0 
 [2, 1, 4, 0, 3] 
 [0, 1, 0, 0, 0] 
 0.5177304964539007 

Results
 0 
 [2, 1, 4, 0, 3] 
 [1, 0, 0, 0, 0] 
 0.44803695150115475 

Results
 0 
 [2, 1, 4, 0, 3] 
 [1, 1, 1, 1, 1] 
 0.4919678714859438 

Results
 1 
 [1] 
 [0, 0, 0, 0, 1] 
 0.5216216216216216 

Results
 1 
 [1] 
 [0, 0, 0, 1, 0] 
 0.49595687331536387 

Results
 1 
 [1] 
 [0, 0, 1, 0, 0] 
 0.47848101265822784 

Results
 1 
 [1] 
 [0, 1, 0, 0, 0] 
 0.9739952718676123 

Results
 1 
 [1] 
 [1, 0, 0, 0, 0] 
 0.44803695150115475 

Results
 1 
 [1] 
 [1, 1, 1, 1, 1] 
 0.5883534136546185 

Results
 1 
 [1, 0] 
 [0, 0, 0, 0, 1] 
 0.5216216216216216 

Results
 1 
 [1, 0] 
 [0, 0, 0, 1, 0] 
 0.49595687331536387 

Results
 1 
 [1, 0] 
 [0, 0, 1, 0, 0] 
 0.4810126582278481 

Results
 1 
 [1, 0] 
 [0, 1, 0, 0, 0] 
 0.8037825059101655 

Results
 1 
 [1, 0] 
 [1, 0, 0, 0, 0] 
 0.953810623556582 

Results
 1 
 [1, 0] 
 [1, 1, 1, 1, 1] 
 0.6626506024096386 

Results
 1 
 [1, 0, 3] 
 [0, 0, 0, 0, 1] 
 0.5216216216216216 

Results
 1 
 [1, 0, 3] 
 [0, 0, 0, 1, 0] 
 0.6900269541778976 

Results
 1 
 [1, 0, 3] 
 [0, 0, 1, 0, 0] 
 0.4810126582278481 

Results
 1 
 [1, 0, 3] 
 [0, 1, 0, 0, 0] 
 0.6784869976359338 

Results
 1 
 [1, 0, 3] 
 [1, 0, 0, 0, 0] 
 0.9515011547344111 

Results
 1 
 [1, 0, 3] 
 [1, 1, 1, 1, 1] 
 0.6716867469879518 

Results
 1 
 [1, 0, 3, 4] 
 [0, 0, 0, 0, 1] 
 0.6027027027027027 

Results
 1 
 [1, 0, 3, 4] 
 [0, 0, 0, 1, 0] 
 0.5040431266846361 

Results
 1 
 [1, 0, 3, 4] 
 [0, 0, 1, 0, 0] 
 0.4810126582278481 

Results
 1 
 [1, 0, 3, 4] 
 [0, 1, 0, 0, 0] 
 0.5626477541371159 

Results
 1 
 [1, 0, 3, 4] 
 [1, 0, 0, 0, 0] 
 0.9053117782909931 

Results
 1 
 [1, 0, 3, 4] 
 [1, 1, 1, 1, 1] 
 0.6174698795180723 

Results
 1 
 [1, 0, 3, 4, 2] 
 [0, 0, 0, 0, 1] 
 0.5675675675675675 

Results
 1 
 [1, 0, 3, 4, 2] 
 [0, 0, 0, 1, 0] 
 0.49595687331536387 

Results
 1 
 [1, 0, 3, 4, 2] 
 [0, 0, 1, 0, 0] 
 0.4810126582278481 

Results
 1 
 [1, 0, 3, 4, 2] 
 [0, 1, 0, 0, 0] 
 0.5295508274231678 

Results
 1 
 [1, 0, 3, 4, 2] 
 [1, 0, 0, 0, 0] 
 0.8914549653579676 

Results
 1 
 [1, 0, 3, 4, 2] 
 [1, 1, 1, 1, 1] 
 0.5993975903614458 

Results
 2 
 [1] 
 [0, 0, 0, 0, 1] 
 0.5216216216216216 

Results
 2 
 [1] 
 [0, 0, 0, 1, 0] 
 0.49595687331536387 

Results
 2 
 [1] 
 [0, 0, 1, 0, 0] 
 0.47848101265822784 

Results
 2 
 [1] 
 [0, 1, 0, 0, 0] 
 0.9763593380614657 

Results
 2 
 [1] 
 [1, 0, 0, 0, 0] 
 0.44803695150115475 

Results
 2 
 [1] 
 [1, 1, 1, 1, 1] 
 0.588855421686747 

Results
 2 
 [1, 0] 
 [0, 0, 0, 0, 1] 
 0.5216216216216216 

Results
 2 
 [1, 0] 
 [0, 0, 0, 1, 0] 
 0.49595687331536387 

Results
 2 
 [1, 0] 
 [0, 0, 1, 0, 0] 
 0.4810126582278481 

Results
 2 
 [1, 0] 
 [0, 1, 0, 0, 0] 
 0.9101654846335697 

Results
 2 
 [1, 0] 
 [1, 0, 0, 0, 0] 
 0.9607390300230947 

Results
 2 
 [1, 0] 
 [1, 1, 1, 1, 1] 
 0.6867469879518072 

Results
 2 
 [1, 0, 4] 
 [0, 0, 0, 0, 1] 
 0.827027027027027 

Results
 2 
 [1, 0, 4] 
 [0, 0, 0, 1, 0] 
 0.49595687331536387 

Results
 2 
 [1, 0, 4] 
 [0, 0, 1, 0, 0] 
 0.4810126582278481 

Results
 2 
 [1, 0, 4] 
 [0, 1, 0, 0, 0] 
 0.7470449172576832 

Results
 2 
 [1, 0, 4] 
 [1, 0, 0, 0, 0] 
 0.9815242494226328 

Results
 2 
 [1, 0, 4] 
 [1, 1, 1, 1, 1] 
 0.7133534136546185 

Results
 2 
 [1, 0, 4, 2] 
 [0, 0, 0, 0, 1] 
 0.7108108108108108 

Results
 2 
 [1, 0, 4, 2] 
 [0, 0, 0, 1, 0] 
 0.49595687331536387 

Results
 2 
 [1, 0, 4, 2] 
 [0, 0, 1, 0, 0] 
 0.5873417721518988 

Results
 2 
 [1, 0, 4, 2] 
 [0, 1, 0, 0, 0] 
 0.6855791962174941 

Results
 2 
 [1, 0, 4, 2] 
 [1, 0, 0, 0, 0] 
 0.9884526558891455 

Results
 2 
 [1, 0, 4, 2] 
 [1, 1, 1, 1, 1] 
 0.7013052208835341 

Results
 2 
 [1, 0, 4, 2, 3] 
 [0, 0, 0, 0, 1] 
 0.6864864864864865 

Results
 2 
 [1, 0, 4, 2, 3] 
 [0, 0, 0, 1, 0] 
 0.5067385444743935 

Results
 2 
 [1, 0, 4, 2, 3] 
 [0, 0, 1, 0, 0] 
 0.5265822784810127 

Results
 2 
 [1, 0, 4, 2, 3] 
 [0, 1, 0, 0, 0] 
 0.6501182033096927 

Results
 2 
 [1, 0, 4, 2, 3] 
 [1, 0, 0, 0, 0] 
 0.953810623556582 

Results
 2 
 [1, 0, 4, 2, 3] 
 [1, 1, 1, 1, 1] 
 0.6716867469879518 

Results
 3 
 [1] 
 [0, 0, 0, 0, 1] 
 0.5216216216216216 

Results
 3 
 [1] 
 [0, 0, 0, 1, 0] 
 0.49595687331536387 

Results
 3 
 [1] 
 [0, 0, 1, 0, 0] 
 0.4810126582278481 

Results
 3 
 [1] 
 [0, 1, 0, 0, 0] 
 0.9763593380614657 

Results
 3 
 [1] 
 [1, 0, 0, 0, 0] 
 0.44803695150115475 

Results
 3 
 [1] 
 [1, 1, 1, 1, 1] 
 0.5893574297188755 

Results
 3 
 [1, 4] 
 [0, 0, 0, 0, 1] 
 0.9378378378378378 

Results
 3 
 [1, 4] 
 [0, 0, 0, 1, 0] 
 0.49595687331536387 

Results
 3 
 [1, 4] 
 [0, 0, 1, 0, 0] 
 0.47848101265822784 

Results
 3 
 [1, 4] 
 [0, 1, 0, 0, 0] 
 0.9078014184397163 

Results
 3 
 [1, 4] 
 [1, 0, 0, 0, 0] 
 0.44803695150115475 

Results
 3 
 [1, 4] 
 [1, 1, 1, 1, 1] 
 0.6516064257028112 

Results
 3 
 [1, 4, 2] 
 [0, 0, 0, 0, 1] 
 0.8405405405405405 

Results
 3 
 [1, 4, 2] 
 [0, 0, 0, 1, 0] 
 0.49595687331536387 

Results
 3 
 [1, 4, 2] 
 [0, 0, 1, 0, 0] 
 0.7772151898734178 

Results
 3 
 [1, 4, 2] 
 [0, 1, 0, 0, 0] 
 0.8486997635933806 

Results
 3 
 [1, 4, 2] 
 [1, 0, 0, 0, 0] 
 0.44803695150115475 

Results
 3 
 [1, 4, 2] 
 [1, 1, 1, 1, 1] 
 0.6802208835341366 

Results
 3 
 [1, 4, 2, 3] 
 [0, 0, 0, 0, 1] 
 0.8135135135135135 

Results
 3 
 [1, 4, 2, 3] 
 [0, 0, 0, 1, 0] 
 0.5929919137466307 

Results
 3 
 [1, 4, 2, 3] 
 [0, 0, 1, 0, 0] 
 0.6987341772151898 

Results
 3 
 [1, 4, 2, 3] 
 [0, 1, 0, 0, 0] 
 0.7825059101654847 

Results
 3 
 [1, 4, 2, 3] 
 [1, 0, 0, 0, 0] 
 0.44803695150115475 

Results
 3 
 [1, 4, 2, 3] 
 [1, 1, 1, 1, 1] 
 0.6636546184738956 

Results
 3 
 [1, 4, 2, 3, 0] 
 [0, 0, 0, 0, 1] 
 0.7486486486486487 

Results
 3 
 [1, 4, 2, 3, 0] 
 [0, 0, 0, 1, 0] 
 0.5363881401617251 

Results
 3 
 [1, 4, 2, 3, 0] 
 [0, 0, 1, 0, 0] 
 0.6050632911392405 

Results
 3 
 [1, 4, 2, 3, 0] 
 [0, 1, 0, 0, 0] 
 0.7304964539007093 

Results
 3 
 [1, 4, 2, 3, 0] 
 [1, 0, 0, 0, 0] 
 0.9653579676674365 

Results
 3 
 [1, 4, 2, 3, 0] 
 [1, 1, 1, 1, 1] 
 0.7238955823293173 

Results
 4 
 [0] 
 [0, 0, 0, 0, 1] 
 0.5216216216216216 

Results
 4 
 [0] 
 [0, 0, 0, 1, 0] 
 0.49595687331536387 

Results
 4 
 [0] 
 [0, 0, 1, 0, 0] 
 0.4810126582278481 

Results
 4 
 [0] 
 [0, 1, 0, 0, 0] 
 0.5153664302600472 

Results
 4 
 [0] 
 [1, 0, 0, 0, 0] 
 1.0 

Results
 4 
 [0] 
 [1, 1, 1, 1, 1] 
 0.6114457831325302 

Results
 4 
 [0, 4] 
 [0, 0, 0, 0, 1] 
 0.9432432432432433 

Results
 4 
 [0, 4] 
 [0, 0, 0, 1, 0] 
 0.49595687331536387 

Results
 4 
 [0, 4] 
 [0, 0, 1, 0, 0] 
 0.47848101265822784 

Results
 4 
 [0, 4] 
 [0, 1, 0, 0, 0] 
 0.5130023640661938 

Results
 4 
 [0, 4] 
 [1, 0, 0, 0, 0] 
 0.9930715935334873 

Results
 4 
 [0, 4] 
 [1, 1, 1, 1, 1] 
 0.6872489959839357 

Results
 4 
 [0, 4, 2] 
 [0, 0, 0, 0, 1] 
 0.8837837837837837 

Results
 4 
 [0, 4, 2] 
 [0, 0, 0, 1, 0] 
 0.49595687331536387 

Results
 4 
 [0, 4, 2] 
 [0, 0, 1, 0, 0] 
 0.789873417721519 

Results
 4 
 [0, 4, 2] 
 [0, 1, 0, 0, 0] 
 0.5200945626477541 

Results
 4 
 [0, 4, 2] 
 [1, 0, 0, 0, 0] 
 0.9953810623556582 

Results
 4 
 [0, 4, 2] 
 [1, 1, 1, 1, 1] 
 0.7399598393574297 

Results
 4 
 [0, 4, 2, 1] 
 [0, 0, 0, 0, 1] 
 0.8405405405405405 

Results
 4 
 [0, 4, 2, 1] 
 [0, 0, 0, 1, 0] 
 0.49595687331536387 

Results
 4 
 [0, 4, 2, 1] 
 [0, 0, 1, 0, 0] 
 0.7316455696202532 

Results
 4 
 [0, 4, 2, 1] 
 [0, 1, 0, 0, 0] 
 0.8156028368794326 

Results
 4 
 [0, 4, 2, 1] 
 [1, 0, 0, 0, 0] 
 0.9907621247113164 

Results
 4 
 [0, 4, 2, 1] 
 [1, 1, 1, 1, 1] 
 0.7821285140562249 

Results
 4 
 [0, 4, 2, 1, 3] 
 [0, 0, 0, 0, 1] 
 0.8162162162162162 

Results
 4 
 [0, 4, 2, 1, 3] 
 [0, 0, 0, 1, 0] 
 0.8301886792452831 

Results
 4 
 [0, 4, 2, 1, 3] 
 [0, 0, 1, 0, 0] 
 0.739240506329114 

Results
 4 
 [0, 4, 2, 1, 3] 
 [0, 1, 0, 0, 0] 
 0.806146572104019 

Results
 4 
 [0, 4, 2, 1, 3] 
 [1, 0, 0, 0, 0] 
 0.9884526558891455 

Results
 4 
 [0, 4, 2, 1, 3] 
 [1, 1, 1, 1, 1] 
 0.838855421686747 

Results
 5 
 [3] 
 [0, 0, 0, 0, 1] 
 0.5216216216216216 

Results
 5 
 [3] 
 [0, 0, 0, 1, 0] 
 0.9946091644204852 

Results
 5 
 [3] 
 [0, 0, 1, 0, 0] 
 0.4810126582278481 

Results
 5 
 [3] 
 [0, 1, 0, 0, 0] 
 0.5130023640661938 

Results
 5 
 [3] 
 [1, 0, 0, 0, 0] 
 0.44803695150115475 

Results
 5 
 [3] 
 [1, 1, 1, 1, 1] 
 0.5838353413654619 

Results
 5 
 [3, 0] 
 [0, 0, 0, 0, 1] 
 0.5216216216216216 

Results
 5 
 [3, 0] 
 [0, 0, 0, 1, 0] 
 0.9407008086253369 

Results
 5 
 [3, 0] 
 [0, 0, 1, 0, 0] 
 0.4810126582278481 

Results
 5 
 [3, 0] 
 [0, 1, 0, 0, 0] 
 0.5153664302600472 

Results
 5 
 [3, 0] 
 [1, 0, 0, 0, 0] 
 0.9930715935334873 

Results
 5 
 [3, 0] 
 [1, 1, 1, 1, 1] 
 0.6927710843373494 

Results
 5 
 [3, 0, 2] 
 [0, 0, 0, 0, 1] 
 0.5216216216216216 

Results
 5 
 [3, 0, 2] 
 [0, 0, 0, 1, 0] 
 0.8679245283018868 

Results
 5 
 [3, 0, 2] 
 [0, 0, 1, 0, 0] 
 0.8632911392405064 

Results
 5 
 [3, 0, 2] 
 [0, 1, 0, 0, 0] 
 0.5153664302600472 

Results
 5 
 [3, 0, 2] 
 [1, 0, 0, 0, 0] 
 0.9468822170900693 

Results
 5 
 [3, 0, 2] 
 [1, 1, 1, 1, 1] 
 0.7449799196787149 

Results
 5 
 [3, 0, 2, 4] 
 [0, 0, 0, 0, 1] 
 0.8324324324324325 

Results
 5 
 [3, 0, 2, 4] 
 [0, 0, 0, 1, 0] 
 0.8247978436657682 

Results
 5 
 [3, 0, 2, 4] 
 [0, 0, 1, 0, 0] 
 0.7848101265822784 

Results
 5 
 [3, 0, 2, 4] 
 [0, 1, 0, 0, 0] 
 0.5271867612293144 

Results
 5 
 [3, 0, 2, 4] 
 [1, 0, 0, 0, 0] 
 0.9607390300230947 

Results
 5 
 [3, 0, 2, 4] 
 [1, 1, 1, 1, 1] 
 0.7846385542168675 

Results
 5 
 [3, 0, 2, 4, 1] 
 [0, 0, 0, 0, 1] 
 0.8243243243243243 

Results
 5 
 [3, 0, 2, 4, 1] 
 [0, 0, 0, 1, 0] 
 0.8059299191374663 

Results
 5 
 [3, 0, 2, 4, 1] 
 [0, 0, 1, 0, 0] 
 0.7265822784810126 

Results
 5 
 [3, 0, 2, 4, 1] 
 [0, 1, 0, 0, 0] 
 0.8250591016548463 

Results
 5 
 [3, 0, 2, 4, 1] 
 [1, 0, 0, 0, 0] 
 0.9284064665127021 

Results
 5 
 [3, 0, 2, 4, 1] 
 [1, 1, 1, 1, 1] 
 0.8242971887550201 

Results
 6 
 [0] 
 [0, 0, 0, 0, 1] 
 0.5216216216216216 

Results
 6 
 [0] 
 [0, 0, 0, 1, 0] 
 0.49595687331536387 

Results
 6 
 [0] 
 [0, 0, 1, 0, 0] 
 0.4810126582278481 

Results
 6 
 [0] 
 [0, 1, 0, 0, 0] 
 0.5153664302600472 

Results
 6 
 [0] 
 [1, 0, 0, 0, 0] 
 0.9976905311778291 

Results
 6 
 [0] 
 [1, 1, 1, 1, 1] 
 0.6109437751004017 

Results
 6 
 [0, 2] 
 [0, 0, 0, 0, 1] 
 0.5216216216216216 

Results
 6 
 [0, 2] 
 [0, 0, 0, 1, 0] 
 0.49595687331536387 

Results
 6 
 [0, 2] 
 [0, 0, 1, 0, 0] 
 0.8936708860759494 

Results
 6 
 [0, 2] 
 [0, 1, 0, 0, 0] 
 0.524822695035461 

Results
 6 
 [0, 2] 
 [1, 0, 0, 0, 0] 
 0.9976905311778291 

Results
 6 
 [0, 2] 
 [1, 1, 1, 1, 1] 
 0.6947791164658634 

Results
 6 
 [0, 2, 1] 
 [0, 0, 0, 0, 1] 
 0.5216216216216216 

Results
 6 
 [0, 2, 1] 
 [0, 0, 0, 1, 0] 
 0.49595687331536387 

Results
 6 
 [0, 2, 1] 
 [0, 0, 1, 0, 0] 
 0.8405063291139241 

Results
 6 
 [0, 2, 1] 
 [0, 1, 0, 0, 0] 
 0.933806146572104 

Results
 6 
 [0, 2, 1] 
 [1, 0, 0, 0, 0] 
 0.9953810623556582 

Results
 6 
 [0, 2, 1] 
 [1, 1, 1, 1, 1] 
 0.7705823293172691 

Results
 6 
 [0, 2, 1, 3] 
 [0, 0, 0, 0, 1] 
 0.5324324324324324 

Results
 6 
 [0, 2, 1, 3] 
 [0, 0, 0, 1, 0] 
 0.8787061994609164 

Results
 6 
 [0, 2, 1, 3] 
 [0, 0, 1, 0, 0] 
 0.8329113924050633 

Results
 6 
 [0, 2, 1, 3] 
 [0, 1, 0, 0, 0] 
 0.9148936170212766 

Results
 6 
 [0, 2, 1, 3] 
 [1, 0, 0, 0, 0] 
 0.9838337182448037 

Results
 6 
 [0, 2, 1, 3] 
 [1, 1, 1, 1, 1] 
 0.8358433734939759 

Results
 6 
 [0, 2, 1, 3, 4] 
 [0, 0, 0, 0, 1] 
 0.8216216216216217 

Results
 6 
 [0, 2, 1, 3, 4] 
 [0, 0, 0, 1, 0] 
 0.8571428571428571 

Results
 6 
 [0, 2, 1, 3, 4] 
 [0, 0, 1, 0, 0] 
 0.7772151898734178 

Results
 6 
 [0, 2, 1, 3, 4] 
 [0, 1, 0, 0, 0] 
 0.8865248226950354 

Results
 6 
 [0, 2, 1, 3, 4] 
 [1, 0, 0, 0, 0] 
 0.9838337182448037 

Results
 6 
 [0, 2, 1, 3, 4] 
 [1, 1, 1, 1, 1] 
 0.8684738955823293 

Results
 7 
 [0] 
 [0, 0, 0, 0, 1] 
 0.5216216216216216 

Results
 7 
 [0] 
 [0, 0, 0, 1, 0] 
 0.49595687331536387 

Results
 7 
 [0] 
 [0, 0, 1, 0, 0] 
 0.4810126582278481 

Results
 7 
 [0] 
 [0, 1, 0, 0, 0] 
 0.5153664302600472 

Results
 7 
 [0] 
 [1, 0, 0, 0, 0] 
 1.0 

Results
 7 
 [0] 
 [1, 1, 1, 1, 1] 
 0.6114457831325302 

Results
 7 
 [0, 3] 
 [0, 0, 0, 0, 1] 
 0.5243243243243243 

Results
 7 
 [0, 3] 
 [0, 0, 0, 1, 0] 
 0.9622641509433962 

Results
 7 
 [0, 3] 
 [0, 0, 1, 0, 0] 
 0.4810126582278481 

Results
 7 
 [0, 3] 
 [0, 1, 0, 0, 0] 
 0.5177304964539007 

Results
 7 
 [0, 3] 
 [1, 0, 0, 0, 0] 
 0.9976905311778291 

Results
 7 
 [0, 3] 
 [1, 1, 1, 1, 1] 
 0.6987951807228916 

Results
 7 
 [0, 3, 2] 
 [0, 0, 0, 0, 1] 
 0.5216216216216216 

Results
 7 
 [0, 3, 2] 
 [0, 0, 0, 1, 0] 
 0.9299191374663073 

Results
 7 
 [0, 3, 2] 
 [0, 0, 1, 0, 0] 
 0.9316455696202531 

Results
 7 
 [0, 3, 2] 
 [0, 1, 0, 0, 0] 
 0.5366430260047281 

Results
 7 
 [0, 3, 2] 
 [1, 0, 0, 0, 0] 
 0.9861431870669746 

Results
 7 
 [0, 3, 2] 
 [1, 1, 1, 1, 1] 
 0.7831325301204819 

Results
 7 
 [0, 3, 2, 4] 
 [0, 0, 0, 0, 1] 
 0.8972972972972973 

Results
 7 
 [0, 3, 2, 4] 
 [0, 0, 0, 1, 0] 
 0.8301886792452831 

Results
 7 
 [0, 3, 2, 4] 
 [0, 0, 1, 0, 0] 
 0.8962025316455696 

Results
 7 
 [0, 3, 2, 4] 
 [0, 1, 0, 0, 0] 
 0.5673758865248227 

Results
 7 
 [0, 3, 2, 4] 
 [1, 0, 0, 0, 0] 
 0.9861431870669746 

Results
 7 
 [0, 3, 2, 4] 
 [1, 1, 1, 1, 1] 
 0.8338353413654619 

Results
 7 
 [0, 3, 2, 4, 1] 
 [0, 0, 0, 0, 1] 
 0.8783783783783784 

Results
 7 
 [0, 3, 2, 4, 1] 
 [0, 0, 0, 1, 0] 
 0.8194070080862533 

Results
 7 
 [0, 3, 2, 4, 1] 
 [0, 0, 1, 0, 0] 
 0.8734177215189873 

Results
 7 
 [0, 3, 2, 4, 1] 
 [0, 1, 0, 0, 0] 
 0.8676122931442081 

Results
 7 
 [0, 3, 2, 4, 1] 
 [1, 0, 0, 0, 0] 
 0.9792147806004619 

Results
 7 
 [0, 3, 2, 4, 1] 
 [1, 1, 1, 1, 1] 
 0.8860441767068273 

Results
 8 
 [0] 
 [0, 0, 0, 0, 1] 
 0.5216216216216216 

Results
 8 
 [0] 
 [0, 0, 0, 1, 0] 
 0.49595687331536387 

Results
 8 
 [0] 
 [0, 0, 1, 0, 0] 
 0.4810126582278481 

Results
 8 
 [0] 
 [0, 1, 0, 0, 0] 
 0.5130023640661938 

Results
 8 
 [0] 
 [1, 0, 0, 0, 0] 
 0.9976905311778291 

Results
 8 
 [0] 
 [1, 1, 1, 1, 1] 
 0.6104417670682731 

Results
 8 
 [0, 4] 
 [0, 0, 0, 0, 1] 
 0.9675675675675676 

Results
 8 
 [0, 4] 
 [0, 0, 0, 1, 0] 
 0.49595687331536387 

Results
 8 
 [0, 4] 
 [0, 0, 1, 0, 0] 
 0.47848101265822784 

Results
 8 
 [0, 4] 
 [0, 1, 0, 0, 0] 
 0.5484633569739953 

Results
 8 
 [0, 4] 
 [1, 0, 0, 0, 0] 
 0.9953810623556582 

Results
 8 
 [0, 4] 
 [1, 1, 1, 1, 1] 
 0.6997991967871486 

Results
 8 
 [0, 4, 2] 
 [0, 0, 0, 0, 1] 
 0.9108108108108108 

Results
 8 
 [0, 4, 2] 
 [0, 0, 0, 1, 0] 
 0.5067385444743935 

Results
 8 
 [0, 4, 2] 
 [0, 0, 1, 0, 0] 
 0.9265822784810127 

Results
 8 
 [0, 4, 2] 
 [0, 1, 0, 0, 0] 
 0.5626477541371159 

Results
 8 
 [0, 4, 2] 
 [1, 0, 0, 0, 0] 
 0.9930715935334873 

Results
 8 
 [0, 4, 2] 
 [1, 1, 1, 1, 1] 
 0.7826305220883534 

Results
 8 
 [0, 4, 2, 1] 
 [0, 0, 0, 0, 1] 
 0.8783783783783784 

Results
 8 
 [0, 4, 2, 1] 
 [0, 0, 0, 1, 0] 
 0.5202156334231806 

Results
 8 
 [0, 4, 2, 1] 
 [0, 0, 1, 0, 0] 
 0.9037974683544304 

Results
 8 
 [0, 4, 2, 1] 
 [0, 1, 0, 0, 0] 
 0.9267139479905437 

Results
 8 
 [0, 4, 2, 1] 
 [1, 0, 0, 0, 0] 
 0.9907621247113164 

Results
 8 
 [0, 4, 2, 1] 
 [1, 1, 1, 1, 1] 
 0.8514056224899599 

Results
 8 
 [0, 4, 2, 1, 3] 
 [0, 0, 0, 0, 1] 
 0.8729729729729729 

Results
 8 
 [0, 4, 2, 1, 3] 
 [0, 0, 0, 1, 0] 
 0.9164420485175202 

Results
 8 
 [0, 4, 2, 1, 3] 
 [0, 0, 1, 0, 0] 
 0.8936708860759494 

Results
 8 
 [0, 4, 2, 1, 3] 
 [0, 1, 0, 0, 0] 
 0.9125295508274232 

Results
 8 
 [0, 4, 2, 1, 3] 
 [1, 0, 0, 0, 0] 
 0.9884526558891455 

Results
 8 
 [0, 4, 2, 1, 3] 
 [1, 1, 1, 1, 1] 
 0.9186746987951807 

Results
 9 
 [0] 
 [0, 0, 0, 0, 1] 
 0.5216216216216216 

Results
 9 
 [0] 
 [0, 0, 0, 1, 0] 
 0.49595687331536387 

Results
 9 
 [0] 
 [0, 0, 1, 0, 0] 
 0.4810126582278481 

Results
 9 
 [0] 
 [0, 1, 0, 0, 0] 
 0.5130023640661938 

Results
 9 
 [0] 
 [1, 0, 0, 0, 0] 
 0.9976905311778291 

Results
 9 
 [0] 
 [1, 1, 1, 1, 1] 
 0.6104417670682731 

Results
 9 
 [0, 4] 
 [0, 0, 0, 0, 1] 
 0.981081081081081 

Results
 9 
 [0, 4] 
 [0, 0, 0, 1, 0] 
 0.49595687331536387 

Results
 9 
 [0, 4] 
 [0, 0, 1, 0, 0] 
 0.47848101265822784 

Results
 9 
 [0, 4] 
 [0, 1, 0, 0, 0] 
 0.5650118203309693 

Results
 9 
 [0, 4] 
 [1, 0, 0, 0, 0] 
 1.0 

Results
 9 
 [0, 4] 
 [1, 1, 1, 1, 1] 
 0.7068273092369478 

Results
 9 
 [0, 4, 3] 
 [0, 0, 0, 0, 1] 
 0.9594594594594594 

Results
 9 
 [0, 4, 3] 
 [0, 0, 0, 1, 0] 
 0.921832884097035 

Results
 9 
 [0, 4, 3] 
 [0, 0, 1, 0, 0] 
 0.5063291139240507 

Results
 9 
 [0, 4, 3] 
 [0, 1, 0, 0, 0] 
 0.6264775413711584 

Results
 9 
 [0, 4, 3] 
 [1, 0, 0, 0, 0] 
 0.9976905311778291 

Results
 9 
 [0, 4, 3] 
 [1, 1, 1, 1, 1] 
 0.8002008032128514 

Results
 9 
 [0, 4, 3, 1] 
 [0, 0, 0, 0, 1] 
 0.9351351351351351 

Results
 9 
 [0, 4, 3, 1] 
 [0, 0, 0, 1, 0] 
 0.9191374663072777 

Results
 9 
 [0, 4, 3, 1] 
 [0, 0, 1, 0, 0] 
 0.5746835443037974 

Results
 9 
 [0, 4, 3, 1] 
 [0, 1, 0, 0, 0] 
 0.9361702127659575 

Results
 9 
 [0, 4, 3, 1] 
 [1, 0, 0, 0, 0] 
 0.9792147806004619 

Results
 9 
 [0, 4, 3, 1] 
 [1, 1, 1, 1, 1] 
 0.8704819277108434 

Results
 9 
 [0, 4, 3, 1, 2] 
 [0, 0, 0, 0, 1] 
 0.8864864864864865 

Results
 9 
 [0, 4, 3, 1, 2] 
 [0, 0, 0, 1, 0] 
 0.9164420485175202 

Results
 9 
 [0, 4, 3, 1, 2] 
 [0, 0, 1, 0, 0] 
 0.8911392405063291 

Results
 9 
 [0, 4, 3, 1, 2] 
 [0, 1, 0, 0, 0] 
 0.9267139479905437 

Results
 9 
 [0, 4, 3, 1, 2] 
 [1, 0, 0, 0, 0] 
 0.9838337182448037 

Results
 9 
 [0, 4, 3, 1, 2] 
 [1, 1, 1, 1, 1] 
 0.9226907630522089 

Results
 10 
 [1] 
 [0, 0, 0, 0, 1] 
 0.5243243243243243 

Results
 10 
 [1] 
 [0, 0, 0, 1, 0] 
 0.49595687331536387 

Results
 10 
 [1] 
 [0, 0, 1, 0, 0] 
 0.4810126582278481 

Results
 10 
 [1] 
 [0, 1, 0, 0, 0] 
 0.9787234042553191 

Results
 10 
 [1] 
 [1, 0, 0, 0, 0] 
 0.44803695150115475 

Results
 10 
 [1] 
 [1, 1, 1, 1, 1] 
 0.5903614457831325 

Results
 10 
 [1, 0] 
 [0, 0, 0, 0, 1] 
 0.5621621621621622 

Results
 10 
 [1, 0] 
 [0, 0, 0, 1, 0] 
 0.5148247978436657 

Results
 10 
 [1, 0] 
 [0, 0, 1, 0, 0] 
 0.5012658227848101 

Results
 10 
 [1, 0] 
 [0, 1, 0, 0, 0] 
 0.9243498817966903 

Results
 10 
 [1, 0] 
 [1, 0, 0, 0, 0] 
 1.0 

Results
 10 
 [1, 0] 
 [1, 1, 1, 1, 1] 
 0.7133534136546185 

Results
 10 
 [1, 0, 3] 
 [0, 0, 0, 0, 1] 
 0.6081081081081081 

Results
 10 
 [1, 0, 3] 
 [0, 0, 0, 1, 0] 
 0.9568733153638814 

Results
 10 
 [1, 0, 3] 
 [0, 0, 1, 0, 0] 
 0.6151898734177215 

Results
 10 
 [1, 0, 3] 
 [0, 1, 0, 0, 0] 
 0.9219858156028369 

Results
 10 
 [1, 0, 3] 
 [1, 0, 0, 0, 0] 
 0.9976905311778291 

Results
 10 
 [1, 0, 3] 
 [1, 1, 1, 1, 1] 
 0.8258032128514057 

Results
 10 
 [1, 0, 3, 2] 
 [0, 0, 0, 0, 1] 
 0.5756756756756757 

Results
 10 
 [1, 0, 3, 2] 
 [0, 0, 0, 1, 0] 
 0.9460916442048517 

Results
 10 
 [1, 0, 3, 2] 
 [0, 0, 1, 0, 0] 
 0.8962025316455696 

Results
 10 
 [1, 0, 3, 2] 
 [0, 1, 0, 0, 0] 
 0.91725768321513 

Results
 10 
 [1, 0, 3, 2] 
 [1, 0, 0, 0, 0] 
 0.9930715935334873 

Results
 10 
 [1, 0, 3, 2] 
 [1, 1, 1, 1, 1] 
 0.8714859437751004 

Results
 10 
 [1, 0, 3, 2, 4] 
 [0, 0, 0, 0, 1] 
 0.8702702702702703 

Results
 10 
 [1, 0, 3, 2, 4] 
 [0, 0, 0, 1, 0] 
 0.9326145552560647 

Results
 10 
 [1, 0, 3, 2, 4] 
 [0, 0, 1, 0, 0] 
 0.8632911392405064 

Results
 10 
 [1, 0, 3, 2, 4] 
 [0, 1, 0, 0, 0] 
 0.900709219858156 

Results
 10 
 [1, 0, 3, 2, 4] 
 [1, 0, 0, 0, 0] 
 0.9907621247113164 

Results
 10 
 [1, 0, 3, 2, 4] 
 [1, 1, 1, 1, 1] 
 0.9131526104417671 

Results
 11 
 [0] 
 [0, 0, 0, 0, 1] 
 0.5216216216216216 

Results
 11 
 [0] 
 [0, 0, 0, 1, 0] 
 0.49595687331536387 

Results
 11 
 [0] 
 [0, 0, 1, 0, 0] 
 0.4810126582278481 

Results
 11 
 [0] 
 [0, 1, 0, 0, 0] 
 0.5130023640661938 

Results
 11 
 [0] 
 [1, 0, 0, 0, 0] 
 0.9976905311778291 

Results
 11 
 [0] 
 [1, 1, 1, 1, 1] 
 0.6104417670682731 

Results
 11 
 [0, 4] 
 [0, 0, 0, 0, 1] 
 0.9783783783783784 

Results
 11 
 [0, 4] 
 [0, 0, 0, 1, 0] 
 0.49595687331536387 

Results
 11 
 [0, 4] 
 [0, 0, 1, 0, 0] 
 0.47848101265822784 

Results
 11 
 [0, 4] 
 [0, 1, 0, 0, 0] 
 0.5862884160756501 

Results
 11 
 [0, 4] 
 [1, 0, 0, 0, 0] 
 1.0 

Results
 11 
 [0, 4] 
 [1, 1, 1, 1, 1] 
 0.7108433734939759 

Results
 11 
 [0, 4, 2] 
 [0, 0, 0, 0, 1] 
 0.9081081081081082 

Results
 11 
 [0, 4, 2] 
 [0, 0, 0, 1, 0] 
 0.5363881401617251 

Results
 11 
 [0, 4, 2] 
 [0, 0, 1, 0, 0] 
 0.9291139240506329 

Results
 11 
 [0, 4, 2] 
 [0, 1, 0, 0, 0] 
 0.6004728132387707 

Results
 11 
 [0, 4, 2] 
 [1, 0, 0, 0, 0] 
 0.9953810623556582 

Results
 11 
 [0, 4, 2] 
 [1, 1, 1, 1, 1] 
 0.7966867469879518 

Results
 11 
 [0, 4, 2, 1] 
 [0, 0, 0, 0, 1] 
 0.9054054054054054 

Results
 11 
 [0, 4, 2, 1] 
 [0, 0, 0, 1, 0] 
 0.6037735849056604 

Results
 11 
 [0, 4, 2, 1] 
 [0, 0, 1, 0, 0] 
 0.9037974683544304 

Results
 11 
 [0, 4, 2, 1] 
 [0, 1, 0, 0, 0] 
 0.9196217494089834 

Results
 11 
 [0, 4, 2, 1] 
 [1, 0, 0, 0, 0] 
 0.9953810623556582 

Results
 11 
 [0, 4, 2, 1] 
 [1, 1, 1, 1, 1] 
 0.8714859437751004 

Results
 11 
 [0, 4, 2, 1, 3] 
 [0, 0, 0, 0, 1] 
 0.8864864864864865 

Results
 11 
 [0, 4, 2, 1, 3] 
 [0, 0, 0, 1, 0] 
 0.921832884097035 

Results
 11 
 [0, 4, 2, 1, 3] 
 [0, 0, 1, 0, 0] 
 0.8936708860759494 

Results
 11 
 [0, 4, 2, 1, 3] 
 [0, 1, 0, 0, 0] 
 0.9125295508274232 

Results
 11 
 [0, 4, 2, 1, 3] 
 [1, 0, 0, 0, 0] 
 0.9930715935334873 

Results
 11 
 [0, 4, 2, 1, 3] 
 [1, 1, 1, 1, 1] 
 0.9231927710843374 

Results
 12 
 [0] 
 [0, 0, 0, 0, 1] 
 0.5216216216216216 

Results
 12 
 [0] 
 [0, 0, 0, 1, 0] 
 0.49595687331536387 

Results
 12 
 [0] 
 [0, 0, 1, 0, 0] 
 0.4810126582278481 

Results
 12 
 [0] 
 [0, 1, 0, 0, 0] 
 0.5177304964539007 

Results
 12 
 [0] 
 [1, 0, 0, 0, 0] 
 0.9976905311778291 

Results
 12 
 [0] 
 [1, 1, 1, 1, 1] 
 0.6114457831325302 

Results
 12 
 [0, 2] 
 [0, 0, 0, 0, 1] 
 0.5297297297297298 

Results
 12 
 [0, 2] 
 [0, 0, 0, 1, 0] 
 0.568733153638814 

Results
 12 
 [0, 2] 
 [0, 0, 1, 0, 0] 
 0.9367088607594937 

Results
 12 
 [0, 2] 
 [0, 1, 0, 0, 0] 
 0.5484633569739953 

Results
 12 
 [0, 2] 
 [1, 0, 0, 0, 0] 
 0.9976905311778291 

Results
 12 
 [0, 2] 
 [1, 1, 1, 1, 1] 
 0.7233935742971888 

Results
 12 
 [0, 2, 1] 
 [0, 0, 0, 0, 1] 
 0.5945945945945946 

Results
 12 
 [0, 2, 1] 
 [0, 0, 0, 1, 0] 
 0.6253369272237197 

Results
 12 
 [0, 2, 1] 
 [0, 0, 1, 0, 0] 
 0.9291139240506329 

Results
 12 
 [0, 2, 1] 
 [0, 1, 0, 0, 0] 
 0.9408983451536643 

Results
 12 
 [0, 2, 1] 
 [1, 0, 0, 0, 0] 
 0.9976905311778291 

Results
 12 
 [0, 2, 1] 
 [1, 1, 1, 1, 1] 
 0.8278112449799196 

Results
 12 
 [0, 2, 1, 3] 
 [0, 0, 0, 0, 1] 
 0.5648648648648649 

Results
 12 
 [0, 2, 1, 3] 
 [0, 0, 0, 1, 0] 
 0.9407008086253369 

Results
 12 
 [0, 2, 1, 3] 
 [0, 0, 1, 0, 0] 
 0.9113924050632911 

Results
 12 
 [0, 2, 1, 3] 
 [0, 1, 0, 0, 0] 
 0.9290780141843972 

Results
 12 
 [0, 2, 1, 3] 
 [1, 0, 0, 0, 0] 
 0.9976905311778291 

Results
 12 
 [0, 2, 1, 3] 
 [1, 1, 1, 1, 1] 
 0.875 

Results
 12 
 [0, 2, 1, 3, 4] 
 [0, 0, 0, 0, 1] 
 0.8810810810810811 

Results
 12 
 [0, 2, 1, 3, 4] 
 [0, 0, 0, 1, 0] 
 0.9380053908355795 

Results
 12 
 [0, 2, 1, 3, 4] 
 [0, 0, 1, 0, 0] 
 0.8860759493670886 

Results
 12 
 [0, 2, 1, 3, 4] 
 [0, 1, 0, 0, 0] 
 0.9196217494089834 

Results
 12 
 [0, 2, 1, 3, 4] 
 [1, 0, 0, 0, 0] 
 0.9976905311778291 

Results
 12 
 [0, 2, 1, 3, 4] 
 [1, 1, 1, 1, 1] 
 0.9262048192771084 

Results
 13 
 [2] 
 [0, 0, 0, 0, 1] 
 0.5216216216216216 

Results
 13 
 [2] 
 [0, 0, 0, 1, 0] 
 0.49595687331536387 

Results
 13 
 [2] 
 [0, 0, 1, 0, 0] 
 1.0 

Results
 13 
 [2] 
 [0, 1, 0, 0, 0] 
 0.5130023640661938 

Results
 13 
 [2] 
 [1, 0, 0, 0, 0] 
 0.4457274826789838 

Results
 13 
 [2] 
 [1, 1, 1, 1, 1] 
 0.5933734939759037 

Results
 13 
 [2, 0] 
 [0, 0, 0, 0, 1] 
 0.5378378378378378 

Results
 13 
 [2, 0] 
 [0, 0, 0, 1, 0] 
 0.5741239892183289 

Results
 13 
 [2, 0] 
 [0, 0, 1, 0, 0] 
 0.9544303797468354 

Results
 13 
 [2, 0] 
 [0, 1, 0, 0, 0] 
 0.5460992907801419 

Results
 13 
 [2, 0] 
 [1, 0, 0, 0, 0] 
 0.9976905311778291 

Results
 13 
 [2, 0] 
 [1, 1, 1, 1, 1] 
 0.7289156626506024 

Results
 13 
 [2, 0, 1] 
 [0, 0, 0, 0, 1] 
 0.5864864864864865 

Results
 13 
 [2, 0, 1] 
 [0, 0, 0, 1, 0] 
 0.6711590296495957 

Results
 13 
 [2, 0, 1] 
 [0, 0, 1, 0, 0] 
 0.9316455696202531 

Results
 13 
 [2, 0, 1] 
 [0, 1, 0, 0, 0] 
 0.9290780141843972 

Results
 13 
 [2, 0, 1] 
 [1, 0, 0, 0, 0] 
 0.9953810623556582 

Results
 13 
 [2, 0, 1] 
 [1, 1, 1, 1, 1] 
 0.8323293172690763 

Results
 13 
 [2, 0, 1, 3] 
 [0, 0, 0, 0, 1] 
 0.5918918918918918 

Results
 13 
 [2, 0, 1, 3] 
 [0, 0, 0, 1, 0] 
 0.9487870619946092 

Results
 13 
 [2, 0, 1, 3] 
 [0, 0, 1, 0, 0] 
 0.9291139240506329 

Results
 13 
 [2, 0, 1, 3] 
 [0, 1, 0, 0, 0] 
 0.9196217494089834 

Results
 13 
 [2, 0, 1, 3] 
 [1, 0, 0, 0, 0] 
 0.9953810623556582 

Results
 13 
 [2, 0, 1, 3] 
 [1, 1, 1, 1, 1] 
 0.8825301204819277 

Results
 13 
 [2, 0, 1, 3, 4] 
 [0, 0, 0, 0, 1] 
 0.8918918918918919 

Results
 13 
 [2, 0, 1, 3, 4] 
 [0, 0, 0, 1, 0] 
 0.921832884097035 

Results
 13 
 [2, 0, 1, 3, 4] 
 [0, 0, 1, 0, 0] 
 0.9088607594936708 

Results
 13 
 [2, 0, 1, 3, 4] 
 [0, 1, 0, 0, 0] 
 0.9219858156028369 

Results
 13 
 [2, 0, 1, 3, 4] 
 [1, 0, 0, 0, 0] 
 0.9930715935334873 

Results
 13 
 [2, 0, 1, 3, 4] 
 [1, 1, 1, 1, 1] 
 0.9292168674698795 

Results
 14 
 [3] 
 [0, 0, 0, 0, 1] 
 0.5216216216216216 

Results
 14 
 [3] 
 [0, 0, 0, 1, 0] 
 1.0 

Results
 14 
 [3] 
 [0, 0, 1, 0, 0] 
 0.49873417721518987 

Results
 14 
 [3] 
 [0, 1, 0, 0, 0] 
 0.5153664302600472 

Results
 14 
 [3] 
 [1, 0, 0, 0, 0] 
 0.44341801385681295 

Results
 14 
 [3] 
 [1, 1, 1, 1, 1] 
 0.5878514056224899 

Results
 14 
 [3, 4] 
 [0, 0, 0, 0, 1] 
 0.9567567567567568 

Results
 14 
 [3, 4] 
 [0, 0, 0, 1, 0] 
 0.9946091644204852 

Results
 14 
 [3, 4] 
 [0, 0, 1, 0, 0] 
 0.47848101265822784 

Results
 14 
 [3, 4] 
 [0, 1, 0, 0, 0] 
 0.7494089834515366 

Results
 14 
 [3, 4] 
 [1, 0, 0, 0, 0] 
 0.7066974595842956 

Results
 14 
 [3, 4] 
 [1, 1, 1, 1, 1] 
 0.7705823293172691 

Results
 14 
 [3, 4, 0] 
 [0, 0, 0, 0, 1] 
 0.9459459459459459 

Results
 14 
 [3, 4, 0] 
 [0, 0, 0, 1, 0] 
 0.9757412398921833 

Results
 14 
 [3, 4, 0] 
 [0, 0, 1, 0, 0] 
 0.5113924050632911 

Results
 14 
 [3, 4, 0] 
 [0, 1, 0, 0, 0] 
 0.6808510638297872 

Results
 14 
 [3, 4, 0] 
 [1, 0, 0, 0, 0] 
 1.0 

Results
 14 
 [3, 4, 0] 
 [1, 1, 1, 1, 1] 
 0.8207831325301205 

Results
 14 
 [3, 4, 0, 1] 
 [0, 0, 0, 0, 1] 
 0.9324324324324325 

Results
 14 
 [3, 4, 0, 1] 
 [0, 0, 0, 1, 0] 
 0.9514824797843666 

Results
 14 
 [3, 4, 0, 1] 
 [0, 0, 1, 0, 0] 
 0.6253164556962025 

Results
 14 
 [3, 4, 0, 1] 
 [0, 1, 0, 0, 0] 
 0.9314420803782506 

Results
 14 
 [3, 4, 0, 1] 
 [1, 0, 0, 0, 0] 
 0.9976905311778291 

Results
 14 
 [3, 4, 0, 1] 
 [1, 1, 1, 1, 1] 
 0.8890562248995983 

Results
 14 
 [3, 4, 0, 1, 2] 
 [0, 0, 0, 0, 1] 
 0.9 

Results
 14 
 [3, 4, 0, 1, 2] 
 [0, 0, 0, 1, 0] 
 0.9407008086253369 

Results
 14 
 [3, 4, 0, 1, 2] 
 [0, 0, 1, 0, 0] 
 0.8860759493670886 

Results
 14 
 [3, 4, 0, 1, 2] 
 [0, 1, 0, 0, 0] 
 0.9243498817966903 

Results
 14 
 [3, 4, 0, 1, 2] 
 [1, 0, 0, 0, 0] 
 0.9930715935334873 

Results
 14 
 [3, 4, 0, 1, 2] 
 [1, 1, 1, 1, 1] 
 0.9302208835341366 

Results
 15 
 [1] 
 [0, 0, 0, 0, 1] 
 0.5108108108108108 

Results
 15 
 [1] 
 [0, 0, 0, 1, 0] 
 0.49326145552560646 

Results
 15 
 [1] 
 [0, 0, 1, 0, 0] 
 0.4708860759493671 

Results
 15 
 [1] 
 [0, 1, 0, 0, 0] 
 0.9858156028368794 

Results
 15 
 [1] 
 [1, 0, 0, 0, 0] 
 0.44110854503464203 

Results
 15 
 [1] 
 [1, 1, 1, 1, 1] 
 0.5853413654618473 

Results
 15 
 [1, 4] 
 [0, 0, 0, 0, 1] 
 0.9675675675675676 

Results
 15 
 [1, 4] 
 [0, 0, 0, 1, 0] 
 0.49595687331536387 

Results
 15 
 [1, 4] 
 [0, 0, 1, 0, 0] 
 0.47848101265822784 

Results
 15 
 [1, 4] 
 [0, 1, 0, 0, 0] 
 0.9787234042553191 

Results
 15 
 [1, 4] 
 [1, 0, 0, 0, 0] 
 0.4503464203233256 

Results
 15 
 [1, 4] 
 [1, 1, 1, 1, 1] 
 0.6726907630522089 

Results
 15 
 [1, 4, 2] 
 [0, 0, 0, 0, 1] 
 0.8864864864864865 

Results
 15 
 [1, 4, 2] 
 [0, 0, 0, 1, 0] 
 0.6037735849056604 

Results
 15 
 [1, 4, 2] 
 [0, 0, 1, 0, 0] 
 0.9443037974683545 

Results
 15 
 [1, 4, 2] 
 [0, 1, 0, 0, 0] 
 0.9598108747044918 

Results
 15 
 [1, 4, 2] 
 [1, 0, 0, 0, 0] 
 0.5288683602771362 

Results
 15 
 [1, 4, 2] 
 [1, 1, 1, 1, 1] 
 0.7831325301204819 

Results
 15 
 [1, 4, 2, 3] 
 [0, 0, 0, 0, 1] 
 0.8513513513513513 

Results
 15 
 [1, 4, 2, 3] 
 [0, 0, 0, 1, 0] 
 0.9514824797843666 

Results
 15 
 [1, 4, 2, 3] 
 [0, 0, 1, 0, 0] 
 0.9367088607594937 

Results
 15 
 [1, 4, 2, 3] 
 [0, 1, 0, 0, 0] 
 0.9456264775413712 

Results
 15 
 [1, 4, 2, 3] 
 [1, 0, 0, 0, 0] 
 0.7736720554272517 

Results
 15 
 [1, 4, 2, 3] 
 [1, 1, 1, 1, 1] 
 0.8900602409638554 

Results
 15 
 [1, 4, 2, 3, 0] 
 [0, 0, 0, 0, 1] 
 0.8729729729729729 

Results
 15 
 [1, 4, 2, 3, 0] 
 [0, 0, 0, 1, 0] 
 0.9433962264150944 

Results
 15 
 [1, 4, 2, 3, 0] 
 [0, 0, 1, 0, 0] 
 0.9088607594936708 

Results
 15 
 [1, 4, 2, 3, 0] 
 [0, 1, 0, 0, 0] 
 0.9385342789598109 

Results
 15 
 [1, 4, 2, 3, 0] 
 [1, 0, 0, 0, 0] 
 0.9930715935334873 

Results
 15 
 [1, 4, 2, 3, 0] 
 [1, 1, 1, 1, 1] 
 0.9332329317269076 

Results
 16 
 [1] 
 [0, 0, 0, 0, 1] 
 0.5351351351351351 

Results
 16 
 [1] 
 [0, 0, 0, 1, 0] 
 0.49595687331536387 

Results
 16 
 [1] 
 [0, 0, 1, 0, 0] 
 0.4810126582278481 

Results
 16 
 [1] 
 [0, 1, 0, 0, 0] 
 0.9858156028368794 

Results
 16 
 [1] 
 [1, 0, 0, 0, 0] 
 0.44803695150115475 

Results
 16 
 [1] 
 [1, 1, 1, 1, 1] 
 0.5938755020080321 

Results
 16 
 [1, 3] 
 [0, 0, 0, 0, 1] 
 0.6216216216216216 

Results
 16 
 [1, 3] 
 [0, 0, 0, 1, 0] 
 0.9272237196765498 

Results
 16 
 [1, 3] 
 [0, 0, 1, 0, 0] 
 0.7240506329113924 

Results
 16 
 [1, 3] 
 [0, 1, 0, 0, 0] 
 0.966903073286052 

Results
 16 
 [1, 3] 
 [1, 0, 0, 0, 0] 
 0.45727482678983833 

Results
 16 
 [1, 3] 
 [1, 1, 1, 1, 1] 
 0.7364457831325302 

Results
 16 
 [1, 3, 0] 
 [0, 0, 0, 0, 1] 
 0.7108108108108108 

Results
 16 
 [1, 3, 0] 
 [0, 0, 0, 1, 0] 
 0.9326145552560647 

Results
 16 
 [1, 3, 0] 
 [0, 0, 1, 0, 0] 
 0.6683544303797468 

Results
 16 
 [1, 3, 0] 
 [0, 1, 0, 0, 0] 
 0.9456264775413712 

Results
 16 
 [1, 3, 0] 
 [1, 0, 0, 0, 0] 
 1.0 

Results
 16 
 [1, 3, 0] 
 [1, 1, 1, 1, 1] 
 0.856425702811245 

Results
 16 
 [1, 3, 0, 2] 
 [0, 0, 0, 0, 1] 
 0.6189189189189189 

Results
 16 
 [1, 3, 0, 2] 
 [0, 0, 0, 1, 0] 
 0.9299191374663073 

Results
 16 
 [1, 3, 0, 2] 
 [0, 0, 1, 0, 0] 
 0.9316455696202531 

Results
 16 
 [1, 3, 0, 2] 
 [0, 1, 0, 0, 0] 
 0.9267139479905437 

Results
 16 
 [1, 3, 0, 2] 
 [1, 0, 0, 0, 0] 
 0.9976905311778291 

Results
 16 
 [1, 3, 0, 2] 
 [1, 1, 1, 1, 1] 
 0.8865461847389559 

Results
 16 
 [1, 3, 0, 2, 4] 
 [0, 0, 0, 0, 1] 
 0.8972972972972973 

Results
 16 
 [1, 3, 0, 2, 4] 
 [0, 0, 0, 1, 0] 
 0.9110512129380054 

Results
 16 
 [1, 3, 0, 2, 4] 
 [0, 0, 1, 0, 0] 
 0.9164556962025316 

Results
 16 
 [1, 3, 0, 2, 4] 
 [0, 1, 0, 0, 0] 
 0.9243498817966903 

Results
 16 
 [1, 3, 0, 2, 4] 
 [1, 0, 0, 0, 0] 
 0.9976905311778291 

Results
 16 
 [1, 3, 0, 2, 4] 
 [1, 1, 1, 1, 1] 
 0.9312248995983936 

Results
 17 
 [3] 
 [0, 0, 0, 0, 1] 
 0.518918918918919 

Results
 17 
 [3] 
 [0, 0, 0, 1, 0] 
 1.0 

Results
 17 
 [3] 
 [0, 0, 1, 0, 0] 
 0.48860759493670886 

Results
 17 
 [3] 
 [0, 1, 0, 0, 0] 
 0.5130023640661938 

Results
 17 
 [3] 
 [1, 0, 0, 0, 0] 
 0.4457274826789838 

Results
 17 
 [3] 
 [1, 1, 1, 1, 1] 
 0.5853413654618473 

Results
 17 
 [3, 1] 
 [0, 0, 0, 0, 1] 
 0.5513513513513514 

Results
 17 
 [3, 1] 
 [0, 0, 0, 1, 0] 
 0.967654986522911 

Results
 17 
 [3, 1] 
 [0, 0, 1, 0, 0] 
 0.6632911392405063 

Results
 17 
 [3, 1] 
 [0, 1, 0, 0, 0] 
 0.9692671394799054 

Results
 17 
 [3, 1] 
 [1, 0, 0, 0, 0] 
 0.45496535796766746 

Results
 17 
 [3, 1] 
 [1, 1, 1, 1, 1] 
 0.7188755020080321 

Results
 17 
 [3, 1, 2] 
 [0, 0, 0, 0, 1] 
 0.5378378378378378 

Results
 17 
 [3, 1, 2] 
 [0, 0, 0, 1, 0] 
 0.9568733153638814 

Results
 17 
 [3, 1, 2] 
 [0, 0, 1, 0, 0] 
 0.9392405063291139 

Results
 17 
 [3, 1, 2] 
 [0, 1, 0, 0, 0] 
 0.9645390070921985 

Results
 17 
 [3, 1, 2] 
 [1, 0, 0, 0, 0] 
 0.6812933025404158 

Results
 17 
 [3, 1, 2] 
 [1, 1, 1, 1, 1] 
 0.8172690763052208 

Results
 17 
 [3, 1, 2, 4] 
 [0, 0, 0, 0, 1] 
 0.8729729729729729 

Results
 17 
 [3, 1, 2, 4] 
 [0, 0, 0, 1, 0] 
 0.9460916442048517 

Results
 17 
 [3, 1, 2, 4] 
 [0, 0, 1, 0, 0] 
 0.9164556962025316 

Results
 17 
 [3, 1, 2, 4] 
 [0, 1, 0, 0, 0] 
 0.9574468085106383 

Results
 17 
 [3, 1, 2, 4] 
 [1, 0, 0, 0, 0] 
 0.8729792147806005 

Results
 17 
 [3, 1, 2, 4] 
 [1, 1, 1, 1, 1] 
 0.9131526104417671 

Results
 17 
 [3, 1, 2, 4, 0] 
 [0, 0, 0, 0, 1] 
 0.8783783783783784 

Results
 17 
 [3, 1, 2, 4, 0] 
 [0, 0, 0, 1, 0] 
 0.9433962264150944 

Results
 17 
 [3, 1, 2, 4, 0] 
 [0, 0, 1, 0, 0] 
 0.8810126582278481 

Results
 17 
 [3, 1, 2, 4, 0] 
 [0, 1, 0, 0, 0] 
 0.9408983451536643 

Results
 17 
 [3, 1, 2, 4, 0] 
 [1, 0, 0, 0, 0] 
 0.9976905311778291 

Results
 17 
 [3, 1, 2, 4, 0] 
 [1, 1, 1, 1, 1] 
 0.9302208835341366 

Results
 18 
 [3] 
 [0, 0, 0, 0, 1] 
 0.5216216216216216 

Results
 18 
 [3] 
 [0, 0, 0, 1, 0] 
 1.0 

Results
 18 
 [3] 
 [0, 0, 1, 0, 0] 
 0.5164556962025316 

Results
 18 
 [3] 
 [0, 1, 0, 0, 0] 
 0.5271867612293144 

Results
 18 
 [3] 
 [1, 0, 0, 0, 0] 
 0.4457274826789838 

Results
 18 
 [3] 
 [1, 1, 1, 1, 1] 
 0.5943775100401606 

Results
 18 
 [3, 4] 
 [0, 0, 0, 0, 1] 
 0.9783783783783784 

Results
 18 
 [3, 4] 
 [0, 0, 0, 1, 0] 
 0.9487870619946092 

Results
 18 
 [3, 4] 
 [0, 0, 1, 0, 0] 
 0.47848101265822784 

Results
 18 
 [3, 4] 
 [0, 1, 0, 0, 0] 
 0.7919621749408984 

Results
 18 
 [3, 4] 
 [1, 0, 0, 0, 0] 
 0.7736720554272517 

Results
 18 
 [3, 4] 
 [1, 1, 1, 1, 1] 
 0.7896586345381527 

Results
 18 
 [3, 4, 0] 
 [0, 0, 0, 0, 1] 
 0.9648648648648649 

Results
 18 
 [3, 4, 0] 
 [0, 0, 0, 1, 0] 
 0.9622641509433962 

Results
 18 
 [3, 4, 0] 
 [0, 0, 1, 0, 0] 
 0.4810126582278481 

Results
 18 
 [3, 4, 0] 
 [0, 1, 0, 0, 0] 
 0.6997635933806147 

Results
 18 
 [3, 4, 0] 
 [1, 0, 0, 0, 0] 
 1.0 

Results
 18 
 [3, 4, 0] 
 [1, 1, 1, 1, 1] 
 0.8197791164658634 

Results
 18 
 [3, 4, 0, 2] 
 [0, 0, 0, 0, 1] 
 0.927027027027027 

Results
 18 
 [3, 4, 0, 2] 
 [0, 0, 0, 1, 0] 
 0.9595687331536388 

Results
 18 
 [3, 4, 0, 2] 
 [0, 0, 1, 0, 0] 
 0.9088607594936708 

Results
 18 
 [3, 4, 0, 2] 
 [0, 1, 0, 0, 0] 
 0.7635933806146572 

Results
 18 
 [3, 4, 0, 2] 
 [1, 0, 0, 0, 0] 
 0.9976905311778291 

Results
 18 
 [3, 4, 0, 2] 
 [1, 1, 1, 1, 1] 
 0.910140562248996 

Results
 18 
 [3, 4, 0, 2, 1] 
 [0, 0, 0, 0, 1] 
 0.8945945945945946 

Results
 18 
 [3, 4, 0, 2, 1] 
 [0, 0, 0, 1, 0] 
 0.9353099730458221 

Results
 18 
 [3, 4, 0, 2, 1] 
 [0, 0, 1, 0, 0] 
 0.8987341772151899 

Results
 18 
 [3, 4, 0, 2, 1] 
 [0, 1, 0, 0, 0] 
 0.9550827423167849 

Results
 18 
 [3, 4, 0, 2, 1] 
 [1, 0, 0, 0, 0] 
 0.9953810623556582 

Results
 18 
 [3, 4, 0, 2, 1] 
 [1, 1, 1, 1, 1] 
 0.9377510040160643 

Results
 19 
 [1] 
 [0, 0, 0, 0, 1] 
 0.5216216216216216 

Results
 19 
 [1] 
 [0, 0, 0, 1, 0] 
 0.49595687331536387 

Results
 19 
 [1] 
 [0, 0, 1, 0, 0] 
 0.47848101265822784 

Results
 19 
 [1] 
 [0, 1, 0, 0, 0] 
 0.9929078014184397 

Results
 19 
 [1] 
 [1, 0, 0, 0, 0] 
 0.4457274826789838 

Results
 19 
 [1] 
 [1, 1, 1, 1, 1] 
 0.5918674698795181 

Results
 19 
 [1, 0] 
 [0, 0, 0, 0, 1] 
 0.6864864864864865 

Results
 19 
 [1, 0] 
 [0, 0, 0, 1, 0] 
 0.6361185983827493 

Results
 19 
 [1, 0] 
 [0, 0, 1, 0, 0] 
 0.5392405063291139 

Results
 19 
 [1, 0] 
 [0, 1, 0, 0, 0] 
 0.9763593380614657 

Results
 19 
 [1, 0] 
 [1, 0, 0, 0, 0] 
 0.9953810623556582 

Results
 19 
 [1, 0] 
 [1, 1, 1, 1, 1] 
 0.7766064257028112 

Results
 19 
 [1, 0, 4] 
 [0, 0, 0, 0, 1] 
 0.9756756756756757 

Results
 19 
 [1, 0, 4] 
 [0, 0, 0, 1, 0] 
 0.6711590296495957 

Results
 19 
 [1, 0, 4] 
 [0, 0, 1, 0, 0] 
 0.5164556962025316 

Results
 19 
 [1, 0, 4] 
 [0, 1, 0, 0, 0] 
 0.9621749408983451 

Results
 19 
 [1, 0, 4] 
 [1, 0, 0, 0, 0] 
 0.9976905311778291 

Results
 19 
 [1, 0, 4] 
 [1, 1, 1, 1, 1] 
 0.8298192771084337 

Results
 19 
 [1, 0, 4, 2] 
 [0, 0, 0, 0, 1] 
 0.9216216216216216 

Results
 19 
 [1, 0, 4, 2] 
 [0, 0, 0, 1, 0] 
 0.7735849056603774 

Results
 19 
 [1, 0, 4, 2] 
 [0, 0, 1, 0, 0] 
 0.9139240506329114 

Results
 19 
 [1, 0, 4, 2] 
 [0, 1, 0, 0, 0] 
 0.9456264775413712 

Results
 19 
 [1, 0, 4, 2] 
 [1, 0, 0, 0, 0] 
 0.9976905311778291 

Results
 19 
 [1, 0, 4, 2] 
 [1, 1, 1, 1, 1] 
 0.9141566265060241 

Results
 19 
 [1, 0, 4, 2, 3] 
 [0, 0, 0, 0, 1] 
 0.8837837837837837 

Results
 19 
 [1, 0, 4, 2, 3] 
 [0, 0, 0, 1, 0] 
 0.9353099730458221 

Results
 19 
 [1, 0, 4, 2, 3] 
 [0, 0, 1, 0, 0] 
 0.9215189873417722 

Results
 19 
 [1, 0, 4, 2, 3] 
 [0, 1, 0, 0, 0] 
 0.9479905437352246 

Results
 19 
 [1, 0, 4, 2, 3] 
 [1, 0, 0, 0, 0] 
 0.9976905311778291 

Results
 19 
 [1, 0, 4, 2, 3] 
 [1, 1, 1, 1, 1] 
 0.9392570281124498 

Results
 20 
 [1] 
 [0, 0, 0, 0, 1] 
 0.5243243243243243 

Results
 20 
 [1] 
 [0, 0, 0, 1, 0] 
 0.49595687331536387 

Results
 20 
 [1] 
 [0, 0, 1, 0, 0] 
 0.47848101265822784 

Results
 20 
 [1] 
 [0, 1, 0, 0, 0] 
 0.9905437352245863 

Results
 20 
 [1] 
 [1, 0, 0, 0, 0] 
 0.44803695150115475 

Results
 20 
 [1] 
 [1, 1, 1, 1, 1] 
 0.5923694779116466 

Results
 20 
 [1, 4] 
 [0, 0, 0, 0, 1] 
 0.981081081081081 

Results
 20 
 [1, 4] 
 [0, 0, 0, 1, 0] 
 0.49865229110512127 

Results
 20 
 [1, 4] 
 [0, 0, 1, 0, 0] 
 0.47848101265822784 

Results
 20 
 [1, 4] 
 [0, 1, 0, 0, 0] 
 0.9739952718676123 

Results
 20 
 [1, 4] 
 [1, 0, 0, 0, 0] 
 0.44803695150115475 

Results
 20 
 [1, 4] 
 [1, 1, 1, 1, 1] 
 0.6741967871485943 

Results
 20 
 [1, 4, 3] 
 [0, 0, 0, 0, 1] 
 0.9513513513513514 

Results
 20 
 [1, 4, 3] 
 [0, 0, 0, 1, 0] 
 0.9407008086253369 

Results
 20 
 [1, 4, 3] 
 [0, 0, 1, 0, 0] 
 0.5772151898734177 

Results
 20 
 [1, 4, 3] 
 [0, 1, 0, 0, 0] 
 0.9645390070921985 

Results
 20 
 [1, 4, 3] 
 [1, 0, 0, 0, 0] 
 0.7505773672055427 

Results
 20 
 [1, 4, 3] 
 [1, 1, 1, 1, 1] 
 0.8343373493975904 

Results
 20 
 [1, 4, 3, 0] 
 [0, 0, 0, 0, 1] 
 0.9459459459459459 

Results
 20 
 [1, 4, 3, 0] 
 [0, 0, 0, 1, 0] 
 0.9326145552560647 

Results
 20 
 [1, 4, 3, 0] 
 [0, 0, 1, 0, 0] 
 0.6481012658227848 

Results
 20 
 [1, 4, 3, 0] 
 [0, 1, 0, 0, 0] 
 0.9598108747044918 

Results
 20 
 [1, 4, 3, 0] 
 [1, 0, 0, 0, 0] 
 1.0 

Results
 20 
 [1, 4, 3, 0] 
 [1, 1, 1, 1, 1] 
 0.8990963855421686 

Results
 20 
 [1, 4, 3, 0, 2] 
 [0, 0, 0, 0, 1] 
 0.8675675675675676 

Results
 20 
 [1, 4, 3, 0, 2] 
 [0, 0, 0, 1, 0] 
 0.9326145552560647 

Results
 20 
 [1, 4, 3, 0, 2] 
 [0, 0, 1, 0, 0] 
 0.9291139240506329 

Results
 20 
 [1, 4, 3, 0, 2] 
 [0, 1, 0, 0, 0] 
 0.950354609929078 

Results
 20 
 [1, 4, 3, 0, 2] 
 [1, 0, 0, 0, 0] 
 0.9953810623556582 

Results
 20 
 [1, 4, 3, 0, 2] 
 [1, 1, 1, 1, 1] 
 0.9372489959839357 

Results
 21 
 [3] 
 [0, 0, 0, 0, 1] 
 0.527027027027027 

Results
 21 
 [3] 
 [0, 0, 0, 1, 0] 
 0.9973045822102425 

Results
 21 
 [3] 
 [0, 0, 1, 0, 0] 
 0.4810126582278481 

Results
 21 
 [3] 
 [0, 1, 0, 0, 0] 
 0.5366430260047281 

Results
 21 
 [3] 
 [1, 0, 0, 0, 0] 
 0.4618937644341801 

Results
 21 
 [3] 
 [1, 1, 1, 1, 1] 
 0.5933734939759037 

Results
 21 
 [3, 2] 
 [0, 0, 0, 0, 1] 
 0.5297297297297298 

Results
 21 
 [3, 2] 
 [0, 0, 0, 1, 0] 
 0.9811320754716981 

Results
 21 
 [3, 2] 
 [0, 0, 1, 0, 0] 
 0.959493670886076 

Results
 21 
 [3, 2] 
 [0, 1, 0, 0, 0] 
 0.6004728132387707 

Results
 21 
 [3, 2] 
 [1, 0, 0, 0, 0] 
 0.7344110854503464 

Results
 21 
 [3, 2] 
 [1, 1, 1, 1, 1] 
 0.7585341365461847 

Results
 21 
 [3, 2, 1] 
 [0, 0, 0, 0, 1] 
 0.5567567567567567 

Results
 21 
 [3, 2, 1] 
 [0, 0, 0, 1, 0] 
 0.9487870619946092 

Results
 21 
 [3, 2, 1] 
 [0, 0, 1, 0, 0] 
 0.9240506329113924 

Results
 21 
 [3, 2, 1] 
 [0, 1, 0, 0, 0] 
 0.966903073286052 

Results
 21 
 [3, 2, 1] 
 [1, 0, 0, 0, 0] 
 0.8383371824480369 

Results
 21 
 [3, 2, 1] 
 [1, 1, 1, 1, 1] 
 0.8509036144578314 

Results
 21 
 [3, 2, 1, 4] 
 [0, 0, 0, 0, 1] 
 0.927027027027027 

Results
 21 
 [3, 2, 1, 4] 
 [0, 0, 0, 1, 0] 
 0.9353099730458221 

Results
 21 
 [3, 2, 1, 4] 
 [0, 0, 1, 0, 0] 
 0.9113924050632911 

Results
 21 
 [3, 2, 1, 4] 
 [0, 1, 0, 0, 0] 
 0.9598108747044918 

Results
 21 
 [3, 2, 1, 4] 
 [1, 0, 0, 0, 0] 
 0.9284064665127021 

Results
 21 
 [3, 2, 1, 4] 
 [1, 1, 1, 1, 1] 
 0.9327309236947792 

Results
 21 
 [3, 2, 1, 4, 0] 
 [0, 0, 0, 0, 1] 
 0.9162162162162162 

Results
 21 
 [3, 2, 1, 4, 0] 
 [0, 0, 0, 1, 0] 
 0.9353099730458221 

Results
 21 
 [3, 2, 1, 4, 0] 
 [0, 0, 1, 0, 0] 
 0.8556962025316456 

Results
 21 
 [3, 2, 1, 4, 0] 
 [0, 1, 0, 0, 0] 
 0.9456264775413712 

Results
 21 
 [3, 2, 1, 4, 0] 
 [1, 0, 0, 0, 0] 
 1.0 

Results
 21 
 [3, 2, 1, 4, 0] 
 [1, 1, 1, 1, 1] 
 0.9322289156626506 

Results
 22 
 [2] 
 [0, 0, 0, 0, 1] 
 0.5243243243243243 

Results
 22 
 [2] 
 [0, 0, 0, 1, 0] 
 0.5336927223719676 

Results
 22 
 [2] 
 [0, 0, 1, 0, 0] 
 0.9974683544303797 

Results
 22 
 [2] 
 [0, 1, 0, 0, 0] 
 0.5130023640661938 

Results
 22 
 [2] 
 [1, 0, 0, 0, 0] 
 0.44803695150115475 

Results
 22 
 [2] 
 [1, 1, 1, 1, 1] 
 0.6009036144578314 

Results
 22 
 [2, 1] 
 [0, 0, 0, 0, 1] 
 0.5621621621621622 

Results
 22 
 [2, 1] 
 [0, 0, 0, 1, 0] 
 0.6954177897574124 

Results
 22 
 [2, 1] 
 [0, 0, 1, 0, 0] 
 0.9645569620253165 

Results
 22 
 [2, 1] 
 [0, 1, 0, 0, 0] 
 0.9692671394799054 

Results
 22 
 [2, 1] 
 [1, 0, 0, 0, 0] 
 0.5196304849884527 

Results
 22 
 [2, 1] 
 [1, 1, 1, 1, 1] 
 0.7439759036144579 

Results
 22 
 [2, 1, 3] 
 [0, 0, 0, 0, 1] 
 0.5621621621621622 

Results
 22 
 [2, 1, 3] 
 [0, 0, 0, 1, 0] 
 0.967654986522911 

Results
 22 
 [2, 1, 3] 
 [0, 0, 1, 0, 0] 
 0.9493670886075949 

Results
 22 
 [2, 1, 3] 
 [0, 1, 0, 0, 0] 
 0.950354609929078 

Results
 22 
 [2, 1, 3] 
 [1, 0, 0, 0, 0] 
 0.7967667436489607 

Results
 22 
 [2, 1, 3] 
 [1, 1, 1, 1, 1] 
 0.8478915662650602 

Results
 22 
 [2, 1, 3, 0] 
 [0, 0, 0, 0, 1] 
 0.6081081081081081 

Results
 22 
 [2, 1, 3, 0] 
 [0, 0, 0, 1, 0] 
 0.9649595687331537 

Results
 22 
 [2, 1, 3, 0] 
 [0, 0, 1, 0, 0] 
 0.9215189873417722 

Results
 22 
 [2, 1, 3, 0] 
 [0, 1, 0, 0, 0] 
 0.9361702127659575 

Results
 22 
 [2, 1, 3, 0] 
 [1, 0, 0, 0, 0] 
 1.0 

Results
 22 
 [2, 1, 3, 0] 
 [1, 1, 1, 1, 1] 
 0.891566265060241 

Results
 22 
 [2, 1, 3, 0, 4] 
 [0, 0, 0, 0, 1] 
 0.9162162162162162 

Results
 22 
 [2, 1, 3, 0, 4] 
 [0, 0, 0, 1, 0] 
 0.9514824797843666 

Results
 22 
 [2, 1, 3, 0, 4] 
 [0, 0, 1, 0, 0] 
 0.9113924050632911 

Results
 22 
 [2, 1, 3, 0, 4] 
 [0, 1, 0, 0, 0] 
 0.9361702127659575 

Results
 22 
 [2, 1, 3, 0, 4] 
 [1, 0, 0, 0, 0] 
 1.0 

Results
 22 
 [2, 1, 3, 0, 4] 
 [1, 1, 1, 1, 1] 
 0.9442771084337349 

Results
 23 
 [1] 
 [0, 0, 0, 0, 1] 
 0.5405405405405406 

Results
 23 
 [1] 
 [0, 0, 0, 1, 0] 
 0.49595687331536387 

Results
 23 
 [1] 
 [0, 0, 1, 0, 0] 
 0.4835443037974684 

Results
 23 
 [1] 
 [0, 1, 0, 0, 0] 
 0.9905437352245863 

Results
 23 
 [1] 
 [1, 0, 0, 0, 0] 
 0.44803695150115475 

Results
 23 
 [1] 
 [1, 1, 1, 1, 1] 
 0.5963855421686747 

Results
 23 
 [1, 4] 
 [0, 0, 0, 0, 1] 
 0.9837837837837838 

Results
 23 
 [1, 4] 
 [0, 0, 0, 1, 0] 
 0.5094339622641509 

Results
 23 
 [1, 4] 
 [0, 0, 1, 0, 0] 
 0.4860759493670886 

Results
 23 
 [1, 4] 
 [0, 1, 0, 0, 0] 
 0.9692671394799054 

Results
 23 
 [1, 4] 
 [1, 0, 0, 0, 0] 
 0.49191685912240185 

Results
 23 
 [1, 4] 
 [1, 1, 1, 1, 1] 
 0.6867469879518072 

Results
 23 
 [1, 4, 3] 
 [0, 0, 0, 0, 1] 
 0.9783783783783784 

Results
 23 
 [1, 4, 3] 
 [0, 0, 0, 1, 0] 
 0.9245283018867925 

Results
 23 
 [1, 4, 3] 
 [0, 0, 1, 0, 0] 
 0.5392405063291139 

Results
 23 
 [1, 4, 3] 
 [0, 1, 0, 0, 0] 
 0.9621749408983451 

Results
 23 
 [1, 4, 3] 
 [1, 0, 0, 0, 0] 
 0.7159353348729792 

Results
 23 
 [1, 4, 3] 
 [1, 1, 1, 1, 1] 
 0.8207831325301205 

Results
 23 
 [1, 4, 3, 2] 
 [0, 0, 0, 0, 1] 
 0.9324324324324325 

Results
 23 
 [1, 4, 3, 2] 
 [0, 0, 0, 1, 0] 
 0.9272237196765498 

Results
 23 
 [1, 4, 3, 2] 
 [0, 0, 1, 0, 0] 
 0.9392405063291139 

Results
 23 
 [1, 4, 3, 2] 
 [0, 1, 0, 0, 0] 
 0.9550827423167849 

Results
 23 
 [1, 4, 3, 2] 
 [1, 0, 0, 0, 0] 
 0.8914549653579676 

Results
 23 
 [1, 4, 3, 2] 
 [1, 1, 1, 1, 1] 
 0.928714859437751 

Results
 23 
 [1, 4, 3, 2, 0] 
 [0, 0, 0, 0, 1] 
 0.927027027027027 

Results
 23 
 [1, 4, 3, 2, 0] 
 [0, 0, 0, 1, 0] 
 0.9272237196765498 

Results
 23 
 [1, 4, 3, 2, 0] 
 [0, 0, 1, 0, 0] 
 0.9240506329113924 

Results
 23 
 [1, 4, 3, 2, 0] 
 [0, 1, 0, 0, 0] 
 0.9361702127659575 

Results
 23 
 [1, 4, 3, 2, 0] 
 [1, 0, 0, 0, 0] 
 0.9976905311778291 

Results
 23 
 [1, 4, 3, 2, 0] 
 [1, 1, 1, 1, 1] 
 0.9437751004016064 

Results
 24 
 [0] 
 [0, 0, 0, 0, 1] 
 0.527027027027027 

Results
 24 
 [0] 
 [0, 0, 0, 1, 0] 
 0.5390835579514824 

Results
 24 
 [0] 
 [0, 0, 1, 0, 0] 
 0.4810126582278481 

Results
 24 
 [0] 
 [0, 1, 0, 0, 0] 
 0.5224586288416075 

Results
 24 
 [0] 
 [1, 0, 0, 0, 0] 
 0.9976905311778291 

Results
 24 
 [0] 
 [1, 1, 1, 1, 1] 
 0.6214859437751004 

Results
 24 
 [0, 2] 
 [0, 0, 0, 0, 1] 
 0.5378378378378378 

Results
 24 
 [0, 2] 
 [0, 0, 0, 1, 0] 
 0.7035040431266847 

Results
 24 
 [0, 2] 
 [0, 0, 1, 0, 0] 
 0.9569620253164557 

Results
 24 
 [0, 2] 
 [0, 1, 0, 0, 0] 
 0.5484633569739953 

Results
 24 
 [0, 2] 
 [1, 0, 0, 0, 0] 
 0.9976905311778291 

Results
 24 
 [0, 2] 
 [1, 1, 1, 1, 1] 
 0.7540160642570282 

Results
 24 
 [0, 2, 1] 
 [0, 0, 0, 0, 1] 
 0.5972972972972973 

Results
 24 
 [0, 2, 1] 
 [0, 0, 0, 1, 0] 
 0.8436657681940701 

Results
 24 
 [0, 2, 1] 
 [0, 0, 1, 0, 0] 
 0.9493670886075949 

Results
 24 
 [0, 2, 1] 
 [0, 1, 0, 0, 0] 
 0.9408983451536643 

Results
 24 
 [0, 2, 1] 
 [1, 0, 0, 0, 0] 
 0.9976905311778291 

Results
 24 
 [0, 2, 1] 
 [1, 1, 1, 1, 1] 
 0.8729919678714859 

Results
 24 
 [0, 2, 1, 4] 
 [0, 0, 0, 0, 1] 
 0.9513513513513514 

Results
 24 
 [0, 2, 1, 4] 
 [0, 0, 0, 1, 0] 
 0.8355795148247979 

Results
 24 
 [0, 2, 1, 4] 
 [0, 0, 1, 0, 0] 
 0.9113924050632911 

Results
 24 
 [0, 2, 1, 4] 
 [0, 1, 0, 0, 0] 
 0.9385342789598109 

Results
 24 
 [0, 2, 1, 4] 
 [1, 0, 0, 0, 0] 
 1.0 

Results
 24 
 [0, 2, 1, 4] 
 [1, 1, 1, 1, 1] 
 0.929718875502008 

Results
 24 
 [0, 2, 1, 4, 3] 
 [0, 0, 0, 0, 1] 
 0.9135135135135135 

Results
 24 
 [0, 2, 1, 4, 3] 
 [0, 0, 0, 1, 0] 
 0.9514824797843666 

Results
 24 
 [0, 2, 1, 4, 3] 
 [0, 0, 1, 0, 0] 
 0.9189873417721519 

Results
 24 
 [0, 2, 1, 4, 3] 
 [0, 1, 0, 0, 0] 
 0.933806146572104 

Results
 24 
 [0, 2, 1, 4, 3] 
 [1, 0, 0, 0, 0] 
 0.9976905311778291 

Results
 24 
 [0, 2, 1, 4, 3] 
 [1, 1, 1, 1, 1] 
 0.9442771084337349 

Results
 25 
 [1] 
 [0, 0, 0, 0, 1] 
 0.5459459459459459 

Results
 25 
 [1] 
 [0, 0, 0, 1, 0] 
 0.49595687331536387 

Results
 25 
 [1] 
 [0, 0, 1, 0, 0] 
 0.4835443037974684 

Results
 25 
 [1] 
 [0, 1, 0, 0, 0] 
 0.9929078014184397 

Results
 25 
 [1] 
 [1, 0, 0, 0, 0] 
 0.44803695150115475 

Results
 25 
 [1] 
 [1, 1, 1, 1, 1] 
 0.5978915662650602 

Results
 25 
 [1, 0] 
 [0, 0, 0, 0, 1] 
 0.7 

Results
 25 
 [1, 0] 
 [0, 0, 0, 1, 0] 
 0.6118598382749326 

Results
 25 
 [1, 0] 
 [0, 0, 1, 0, 0] 
 0.5949367088607594 

Results
 25 
 [1, 0] 
 [0, 1, 0, 0, 0] 
 0.9763593380614657 

Results
 25 
 [1, 0] 
 [1, 0, 0, 0, 0] 
 1.0 

Results
 25 
 [1, 0] 
 [1, 1, 1, 1, 1] 
 0.7866465863453815 

Results
 25 
 [1, 0, 4] 
 [0, 0, 0, 0, 1] 
 0.9837837837837838 

Results
 25 
 [1, 0, 4] 
 [0, 0, 0, 1, 0] 
 0.6630727762803235 

Results
 25 
 [1, 0, 4] 
 [0, 0, 1, 0, 0] 
 0.529113924050633 

Results
 25 
 [1, 0, 4] 
 [0, 1, 0, 0, 0] 
 0.9621749408983451 

Results
 25 
 [1, 0, 4] 
 [1, 0, 0, 0, 0] 
 1.0 

Results
 25 
 [1, 0, 4] 
 [1, 1, 1, 1, 1] 
 0.8328313253012049 

Results
 25 
 [1, 0, 4, 3] 
 [0, 0, 0, 0, 1] 
 0.972972972972973 

Results
 25 
 [1, 0, 4, 3] 
 [0, 0, 0, 1, 0] 
 0.9433962264150944 

Results
 25 
 [1, 0, 4, 3] 
 [0, 0, 1, 0, 0] 
 0.6278481012658228 

Results
 25 
 [1, 0, 4, 3] 
 [0, 1, 0, 0, 0] 
 0.9550827423167849 

Results
 25 
 [1, 0, 4, 3] 
 [1, 0, 0, 0, 0] 
 1.0 

Results
 25 
 [1, 0, 4, 3] 
 [1, 1, 1, 1, 1] 
 0.9011044176706827 

Results
 25 
 [1, 0, 4, 3, 2] 
 [0, 0, 0, 0, 1] 
 0.9351351351351351 

Results
 25 
 [1, 0, 4, 3, 2] 
 [0, 0, 0, 1, 0] 
 0.9407008086253369 

Results
 25 
 [1, 0, 4, 3, 2] 
 [0, 0, 1, 0, 0] 
 0.9215189873417722 

Results
 25 
 [1, 0, 4, 3, 2] 
 [0, 1, 0, 0, 0] 
 0.9479905437352246 

Results
 25 
 [1, 0, 4, 3, 2] 
 [1, 0, 0, 0, 0] 
 0.9976905311778291 

Results
 25 
 [1, 0, 4, 3, 2] 
 [1, 1, 1, 1, 1] 
 0.9497991967871486 

Results
 26 
 [3] 
 [0, 0, 0, 0, 1] 
 0.5243243243243243 

Results
 26 
 [3] 
 [0, 0, 0, 1, 0] 
 1.0 

Results
 26 
 [3] 
 [0, 0, 1, 0, 0] 
 0.4962025316455696 

Results
 26 
 [3] 
 [0, 1, 0, 0, 0] 
 0.5319148936170213 

Results
 26 
 [3] 
 [1, 0, 0, 0, 0] 
 0.44803695150115475 

Results
 26 
 [3] 
 [1, 1, 1, 1, 1] 
 0.5923694779116466 

Results
 26 
 [3, 4] 
 [0, 0, 0, 0, 1] 
 0.9567567567567568 

Results
 26 
 [3, 4] 
 [0, 0, 0, 1, 0] 
 0.9892183288409704 

Results
 26 
 [3, 4] 
 [0, 0, 1, 0, 0] 
 0.48860759493670886 

Results
 26 
 [3, 4] 
 [0, 1, 0, 0, 0] 
 0.8534278959810875 

Results
 26 
 [3, 4] 
 [1, 0, 0, 0, 0] 
 0.8822170900692841 

Results
 26 
 [3, 4] 
 [1, 1, 1, 1, 1] 
 0.8318273092369478 

Results
 26 
 [3, 4, 1] 
 [0, 0, 0, 0, 1] 
 0.9459459459459459 

Results
 26 
 [3, 4, 1] 
 [0, 0, 0, 1, 0] 
 0.9595687331536388 

Results
 26 
 [3, 4, 1] 
 [0, 0, 1, 0, 0] 
 0.5240506329113924 

Results
 26 
 [3, 4, 1] 
 [0, 1, 0, 0, 0] 
 0.9787234042553191 

Results
 26 
 [3, 4, 1] 
 [1, 0, 0, 0, 0] 
 0.7228637413394919 

Results
 26 
 [3, 4, 1] 
 [1, 1, 1, 1, 1] 
 0.8232931726907631 

Results
 26 
 [3, 4, 1, 0] 
 [0, 0, 0, 0, 1] 
 0.9621621621621622 

Results
 26 
 [3, 4, 1, 0] 
 [0, 0, 0, 1, 0] 
 0.9380053908355795 

Results
 26 
 [3, 4, 1, 0] 
 [0, 0, 1, 0, 0] 
 0.6050632911392405 

Results
 26 
 [3, 4, 1, 0] 
 [0, 1, 0, 0, 0] 
 0.9739952718676123 

Results
 26 
 [3, 4, 1, 0] 
 [1, 0, 0, 0, 0] 
 0.9976905311778291 

Results
 26 
 [3, 4, 1, 0] 
 [1, 1, 1, 1, 1] 
 0.8970883534136547 

Results
 26 
 [3, 4, 1, 0, 2] 
 [0, 0, 0, 0, 1] 
 0.9324324324324325 

Results
 26 
 [3, 4, 1, 0, 2] 
 [0, 0, 0, 1, 0] 
 0.9353099730458221 

Results
 26 
 [3, 4, 1, 0, 2] 
 [0, 0, 1, 0, 0] 
 0.9139240506329114 

Results
 26 
 [3, 4, 1, 0, 2] 
 [0, 1, 0, 0, 0] 
 0.9645390070921985 

Results
 26 
 [3, 4, 1, 0, 2] 
 [1, 0, 0, 0, 0] 
 1.0 

Results
 26 
 [3, 4, 1, 0, 2] 
 [1, 1, 1, 1, 1] 
 0.9508032128514057 

Results
 27 
 [3] 
 [0, 0, 0, 0, 1] 
 0.527027027027027 

Results
 27 
 [3] 
 [0, 0, 0, 1, 0] 
 0.9973045822102425 

Results
 27 
 [3] 
 [0, 0, 1, 0, 0] 
 0.5215189873417722 

Results
 27 
 [3] 
 [0, 1, 0, 0, 0] 
 0.5531914893617021 

Results
 27 
 [3] 
 [1, 0, 0, 0, 0] 
 0.5150115473441108 

Results
 27 
 [3] 
 [1, 1, 1, 1, 1] 
 0.6164658634538153 

Results
 27 
 [3, 1] 
 [0, 0, 0, 0, 1] 
 0.6621621621621622 

Results
 27 
 [3, 1] 
 [0, 0, 0, 1, 0] 
 0.9811320754716981 

Results
 27 
 [3, 1] 
 [0, 0, 1, 0, 0] 
 0.7367088607594937 

Results
 27 
 [3, 1] 
 [0, 1, 0, 0, 0] 
 0.9645390070921985 

Results
 27 
 [3, 1] 
 [1, 0, 0, 0, 0] 
 0.6882217090069284 

Results
 27 
 [3, 1] 
 [1, 1, 1, 1, 1] 
 0.8062248995983936 

Results
 27 
 [3, 1, 4] 
 [0, 0, 0, 0, 1] 
 0.972972972972973 

Results
 27 
 [3, 1, 4] 
 [0, 0, 0, 1, 0] 
 0.954177897574124 

Results
 27 
 [3, 1, 4] 
 [0, 0, 1, 0, 0] 
 0.5645569620253165 

Results
 27 
 [3, 1, 4] 
 [0, 1, 0, 0, 0] 
 0.9574468085106383 

Results
 27 
 [3, 1, 4] 
 [1, 0, 0, 0, 0] 
 0.8729792147806005 

Results
 27 
 [3, 1, 4] 
 [1, 1, 1, 1, 1] 
 0.8634538152610441 

Results
 27 
 [3, 1, 4, 2] 
 [0, 0, 0, 0, 1] 
 0.9459459459459459 

Results
 27 
 [3, 1, 4, 2] 
 [0, 0, 0, 1, 0] 
 0.9514824797843666 

Results
 27 
 [3, 1, 4, 2] 
 [0, 0, 1, 0, 0] 
 0.9367088607594937 

Results
 27 
 [3, 1, 4, 2] 
 [0, 1, 0, 0, 0] 
 0.950354609929078 

Results
 27 
 [3, 1, 4, 2] 
 [1, 0, 0, 0, 0] 
 0.9330254041570438 

Results
 27 
 [3, 1, 4, 2] 
 [1, 1, 1, 1, 1] 
 0.9432730923694779 

Results
 27 
 [3, 1, 4, 2, 0] 
 [0, 0, 0, 0, 1] 
 0.9432432432432433 

Results
 27 
 [3, 1, 4, 2, 0] 
 [0, 0, 0, 1, 0] 
 0.9460916442048517 

Results
 27 
 [3, 1, 4, 2, 0] 
 [0, 0, 1, 0, 0] 
 0.9139240506329114 

Results
 27 
 [3, 1, 4, 2, 0] 
 [0, 1, 0, 0, 0] 
 0.933806146572104 

Results
 27 
 [3, 1, 4, 2, 0] 
 [1, 0, 0, 0, 0] 
 0.9976905311778291 

Results
 27 
 [3, 1, 4, 2, 0] 
 [1, 1, 1, 1, 1] 
 0.9477911646586346 

Results
 28 
 [1] 
 [0, 0, 0, 0, 1] 
 0.5567567567567567 

Results
 28 
 [1] 
 [0, 0, 0, 1, 0] 
 0.49595687331536387 

Results
 28 
 [1] 
 [0, 0, 1, 0, 0] 
 0.4835443037974684 

Results
 28 
 [1] 
 [0, 1, 0, 0, 0] 
 0.9905437352245863 

Results
 28 
 [1] 
 [1, 0, 0, 0, 0] 
 0.44803695150115475 

Results
 28 
 [1] 
 [1, 1, 1, 1, 1] 
 0.5993975903614458 

Results
 28 
 [1, 3] 
 [0, 0, 0, 0, 1] 
 0.6675675675675675 

Results
 28 
 [1, 3] 
 [0, 0, 0, 1, 0] 
 0.9649595687331537 

Results
 28 
 [1, 3] 
 [0, 0, 1, 0, 0] 
 0.7037974683544304 

Results
 28 
 [1, 3] 
 [0, 1, 0, 0, 0] 
 0.9787234042553191 

Results
 28 
 [1, 3] 
 [1, 0, 0, 0, 0] 
 0.6859122401847575 

Results
 28 
 [1, 3] 
 [1, 1, 1, 1, 1] 
 0.8002008032128514 

Results
 28 
 [1, 3, 2] 
 [0, 0, 0, 0, 1] 
 0.5783783783783784 

Results
 28 
 [1, 3, 2] 
 [0, 0, 0, 1, 0] 
 0.9407008086253369 

Results
 28 
 [1, 3, 2] 
 [0, 0, 1, 0, 0] 
 0.9518987341772152 

Results
 28 
 [1, 3, 2] 
 [0, 1, 0, 0, 0] 
 0.9692671394799054 

Results
 28 
 [1, 3, 2] 
 [1, 0, 0, 0, 0] 
 0.859122401847575 

Results
 28 
 [1, 3, 2] 
 [1, 1, 1, 1, 1] 
 0.8639558232931727 

Results
 28 
 [1, 3, 2, 0] 
 [0, 0, 0, 0, 1] 
 0.6270270270270271 

Results
 28 
 [1, 3, 2, 0] 
 [0, 0, 0, 1, 0] 
 0.9380053908355795 

Results
 28 
 [1, 3, 2, 0] 
 [0, 0, 1, 0, 0] 
 0.9367088607594937 

Results
 28 
 [1, 3, 2, 0] 
 [0, 1, 0, 0, 0] 
 0.9598108747044918 

Results
 28 
 [1, 3, 2, 0] 
 [1, 0, 0, 0, 0] 
 0.9976905311778291 

Results
 28 
 [1, 3, 2, 0] 
 [1, 1, 1, 1, 1] 
 0.8975903614457831 

Results
 28 
 [1, 3, 2, 0, 4] 
 [0, 0, 0, 0, 1] 
 0.9108108108108108 

Results
 28 
 [1, 3, 2, 0, 4] 
 [0, 0, 0, 1, 0] 
 0.9407008086253369 

Results
 28 
 [1, 3, 2, 0, 4] 
 [0, 0, 1, 0, 0] 
 0.9240506329113924 

Results
 28 
 [1, 3, 2, 0, 4] 
 [0, 1, 0, 0, 0] 
 0.9527186761229315 

Results
 28 
 [1, 3, 2, 0, 4] 
 [1, 0, 0, 0, 0] 
 0.9976905311778291 

Results
 28 
 [1, 3, 2, 0, 4] 
 [1, 1, 1, 1, 1] 
 0.9467871485943775 

Results
 29 
 [3] 
 [0, 0, 0, 0, 1] 
 0.5324324324324324 

Results
 29 
 [3] 
 [0, 0, 0, 1, 0] 
 0.9973045822102425 

Results
 29 
 [3] 
 [0, 0, 1, 0, 0] 
 0.5113924050632911 

Results
 29 
 [3] 
 [0, 1, 0, 0, 0] 
 0.5153664302600472 

Results
 29 
 [3] 
 [1, 0, 0, 0, 0] 
 0.44803695150115475 

Results
 29 
 [3] 
 [1, 1, 1, 1, 1] 
 0.5928714859437751 

Results
 29 
 [3, 4] 
 [0, 0, 0, 0, 1] 
 0.981081081081081 

Results
 29 
 [3, 4] 
 [0, 0, 0, 1, 0] 
 0.9757412398921833 

Results
 29 
 [3, 4] 
 [0, 0, 1, 0, 0] 
 0.47848101265822784 

Results
 29 
 [3, 4] 
 [0, 1, 0, 0, 0] 
 0.7115839243498818 

Results
 29 
 [3, 4] 
 [1, 0, 0, 0, 0] 
 0.8198614318706697 

Results
 29 
 [3, 4] 
 [1, 1, 1, 1, 1] 
 0.7881526104417671 

Results
 29 
 [3, 4, 2] 
 [0, 0, 0, 0, 1] 
 0.9594594594594594 

Results
 29 
 [3, 4, 2] 
 [0, 0, 0, 1, 0] 
 0.967654986522911 

Results
 29 
 [3, 4, 2] 
 [0, 0, 1, 0, 0] 
 0.9468354430379747 

Results
 29 
 [3, 4, 2] 
 [0, 1, 0, 0, 0] 
 0.6524822695035462 

Results
 29 
 [3, 4, 2] 
 [1, 0, 0, 0, 0] 
 0.8106235565819861 

Results
 29 
 [3, 4, 2] 
 [1, 1, 1, 1, 1] 
 0.8609437751004017 

Results
 29 
 [3, 4, 2, 1] 
 [0, 0, 0, 0, 1] 
 0.9594594594594594 

Results
 29 
 [3, 4, 2, 1] 
 [0, 0, 0, 1, 0] 
 0.9514824797843666 

Results
 29 
 [3, 4, 2, 1] 
 [0, 0, 1, 0, 0] 
 0.9139240506329114 

Results
 29 
 [3, 4, 2, 1] 
 [0, 1, 0, 0, 0] 
 0.9408983451536643 

Results
 29 
 [3, 4, 2, 1] 
 [1, 0, 0, 0, 0] 
 0.8799076212471132 

Results
 29 
 [3, 4, 2, 1] 
 [1, 1, 1, 1, 1] 
 0.927710843373494 

Results
 29 
 [3, 4, 2, 1, 0] 
 [0, 0, 0, 0, 1] 
 0.9567567567567568 

Results
 29 
 [3, 4, 2, 1, 0] 
 [0, 0, 0, 1, 0] 
 0.954177897574124 

Results
 29 
 [3, 4, 2, 1, 0] 
 [0, 0, 1, 0, 0] 
 0.9189873417721519 

Results
 29 
 [3, 4, 2, 1, 0] 
 [0, 1, 0, 0, 0] 
 0.9267139479905437 

Results
 29 
 [3, 4, 2, 1, 0] 
 [1, 0, 0, 0, 0] 
 0.9930715935334873 

Results
 29 
 [3, 4, 2, 1, 0] 
 [1, 1, 1, 1, 1] 
 0.9503012048192772 

Results
 30 
 [1] 
 [0, 0, 0, 0, 1] 
 0.527027027027027 

Results
 30 
 [1] 
 [0, 0, 0, 1, 0] 
 0.49326145552560646 

Results
 30 
 [1] 
 [0, 0, 1, 0, 0] 
 0.47848101265822784 

Results
 30 
 [1] 
 [0, 1, 0, 0, 0] 
 0.9929078014184397 

Results
 30 
 [1] 
 [1, 0, 0, 0, 0] 
 0.4457274826789838 

Results
 30 
 [1] 
 [1, 1, 1, 1, 1] 
 0.5923694779116466 

Results
 30 
 [1, 3] 
 [0, 0, 0, 0, 1] 
 0.5864864864864865 

Results
 30 
 [1, 3] 
 [0, 0, 0, 1, 0] 
 0.9595687331536388 

Results
 30 
 [1, 3] 
 [0, 0, 1, 0, 0] 
 0.7265822784810126 

Results
 30 
 [1, 3] 
 [0, 1, 0, 0, 0] 
 0.9881796690307328 

Results
 30 
 [1, 3] 
 [1, 0, 0, 0, 0] 
 0.44803695150115475 

Results
 30 
 [1, 3] 
 [1, 1, 1, 1, 1] 
 0.7389558232931727 

Results
 30 
 [1, 3, 2] 
 [0, 0, 0, 0, 1] 
 0.5513513513513514 

Results
 30 
 [1, 3, 2] 
 [0, 0, 0, 1, 0] 
 0.954177897574124 

Results
 30 
 [1, 3, 2] 
 [0, 0, 1, 0, 0] 
 0.9620253164556962 

Results
 30 
 [1, 3, 2] 
 [0, 1, 0, 0, 0] 
 0.9692671394799054 

Results
 30 
 [1, 3, 2] 
 [1, 0, 0, 0, 0] 
 0.5773672055427251 

Results
 30 
 [1, 3, 2] 
 [1, 1, 1, 1, 1] 
 0.8022088353413654 

Results
 30 
 [1, 3, 2, 4] 
 [0, 0, 0, 0, 1] 
 0.8297297297297297 

Results
 30 
 [1, 3, 2, 4] 
 [0, 0, 0, 1, 0] 
 0.9595687331536388 

Results
 30 
 [1, 3, 2, 4] 
 [0, 0, 1, 0, 0] 
 0.9569620253164557 

Results
 30 
 [1, 3, 2, 4] 
 [0, 1, 0, 0, 0] 
 0.966903073286052 

Results
 30 
 [1, 3, 2, 4] 
 [1, 0, 0, 0, 0] 
 0.8314087759815243 

Results
 30 
 [1, 3, 2, 4] 
 [1, 1, 1, 1, 1] 
 0.9086345381526104 

Results
 30 
 [1, 3, 2, 4, 0] 
 [0, 0, 0, 0, 1] 
 0.8756756756756757 

Results
 30 
 [1, 3, 2, 4, 0] 
 [0, 0, 0, 1, 0] 
 0.9568733153638814 

Results
 30 
 [1, 3, 2, 4, 0] 
 [0, 0, 1, 0, 0] 
 0.9443037974683545 

Results
 30 
 [1, 3, 2, 4, 0] 
 [0, 1, 0, 0, 0] 
 0.9550827423167849 

Results
 30 
 [1, 3, 2, 4, 0] 
 [1, 0, 0, 0, 0] 
 0.9907621247113164 

Results
 30 
 [1, 3, 2, 4, 0] 
 [1, 1, 1, 1, 1] 
 0.946285140562249 

Results
 31 
 [4] 
 [0, 0, 0, 0, 1] 
 1.0 

Results
 31 
 [4] 
 [0, 0, 0, 1, 0] 
 0.49595687331536387 

Results
 31 
 [4] 
 [0, 0, 1, 0, 0] 
 0.47848101265822784 

Results
 31 
 [4] 
 [0, 1, 0, 0, 0] 
 0.6099290780141844 

Results
 31 
 [4] 
 [1, 0, 0, 0, 0] 
 0.4457274826789838 

Results
 31 
 [4] 
 [1, 1, 1, 1, 1] 
 0.5993975903614458 

Results
 31 
 [4, 3] 
 [0, 0, 0, 0, 1] 
 0.9783783783783784 

Results
 31 
 [4, 3] 
 [0, 0, 0, 1, 0] 
 0.9919137466307277 

Results
 31 
 [4, 3] 
 [0, 0, 1, 0, 0] 
 0.47848101265822784 

Results
 31 
 [4, 3] 
 [0, 1, 0, 0, 0] 
 0.7966903073286052 

Results
 31 
 [4, 3] 
 [1, 0, 0, 0, 0] 
 0.8383371824480369 

Results
 31 
 [4, 3] 
 [1, 1, 1, 1, 1] 
 0.8127510040160643 

Results
 31 
 [4, 3, 0] 
 [0, 0, 0, 0, 1] 
 0.972972972972973 

Results
 31 
 [4, 3, 0] 
 [0, 0, 0, 1, 0] 
 0.9784366576819407 

Results
 31 
 [4, 3, 0] 
 [0, 0, 1, 0, 0] 
 0.4835443037974684 

Results
 31 
 [4, 3, 0] 
 [0, 1, 0, 0, 0] 
 0.7470449172576832 

Results
 31 
 [4, 3, 0] 
 [1, 0, 0, 0, 0] 
 1.0 

Results
 31 
 [4, 3, 0] 
 [1, 1, 1, 1, 1] 
 0.8348393574297188 

Results
 31 
 [4, 3, 0, 2] 
 [0, 0, 0, 0, 1] 
 0.9540540540540541 

Results
 31 
 [4, 3, 0, 2] 
 [0, 0, 0, 1, 0] 
 0.9811320754716981 

Results
 31 
 [4, 3, 0, 2] 
 [0, 0, 1, 0, 0] 
 0.8582278481012658 

Results
 31 
 [4, 3, 0, 2] 
 [0, 1, 0, 0, 0] 
 0.8274231678486997 

Results
 31 
 [4, 3, 0, 2] 
 [1, 0, 0, 0, 0] 
 1.0 

Results
 31 
 [4, 3, 0, 2] 
 [1, 1, 1, 1, 1] 
 0.9231927710843374 

Results
 31 
 [4, 3, 0, 2, 1] 
 [0, 0, 0, 0, 1] 
 0.9432432432432433 

Results
 31 
 [4, 3, 0, 2, 1] 
 [0, 0, 0, 1, 0] 
 0.9649595687331537 

Results
 31 
 [4, 3, 0, 2, 1] 
 [0, 0, 1, 0, 0] 
 0.8810126582278481 

Results
 31 
 [4, 3, 0, 2, 1] 
 [0, 1, 0, 0, 0] 
 0.9598108747044918 

Results
 31 
 [4, 3, 0, 2, 1] 
 [1, 0, 0, 0, 0] 
 0.9976905311778291 

Results
 31 
 [4, 3, 0, 2, 1] 
 [1, 1, 1, 1, 1] 
 0.9503012048192772 

Results
 32 
 [4] 
 [0, 0, 0, 0, 1] 
 1.0 

Results
 32 
 [4] 
 [0, 0, 0, 1, 0] 
 0.49595687331536387 

Results
 32 
 [4] 
 [0, 0, 1, 0, 0] 
 0.47848101265822784 

Results
 32 
 [4] 
 [0, 1, 0, 0, 0] 
 0.574468085106383 

Results
 32 
 [4] 
 [1, 0, 0, 0, 0] 
 0.44341801385681295 

Results
 32 
 [4] 
 [1, 1, 1, 1, 1] 
 0.5913654618473896 

Results
 32 
 [4, 1] 
 [0, 0, 0, 0, 1] 
 0.9864864864864865 

Results
 32 
 [4, 1] 
 [0, 0, 0, 1, 0] 
 0.5202156334231806 

Results
 32 
 [4, 1] 
 [0, 0, 1, 0, 0] 
 0.4810126582278481 

Results
 32 
 [4, 1] 
 [0, 1, 0, 0, 0] 
 0.9787234042553191 

Results
 32 
 [4, 1] 
 [1, 0, 0, 0, 0] 
 0.48267898383371827 

Results
 32 
 [4, 1] 
 [1, 1, 1, 1, 1] 
 0.6882530120481928 

Results
 32 
 [4, 1, 2] 
 [0, 0, 0, 0, 1] 
 0.9621621621621622 

Results
 32 
 [4, 1, 2] 
 [0, 0, 0, 1, 0] 
 0.7358490566037735 

Results
 32 
 [4, 1, 2] 
 [0, 0, 1, 0, 0] 
 0.9367088607594937 

Results
 32 
 [4, 1, 2] 
 [0, 1, 0, 0, 0] 
 0.9598108747044918 

Results
 32 
 [4, 1, 2] 
 [1, 0, 0, 0, 0] 
 0.9076212471131639 

Results
 32 
 [4, 1, 2] 
 [1, 1, 1, 1, 1] 
 0.9026104417670683 

Results
 32 
 [4, 1, 2, 0] 
 [0, 0, 0, 0, 1] 
 0.9567567567567568 

Results
 32 
 [4, 1, 2, 0] 
 [0, 0, 0, 1, 0] 
 0.8490566037735849 

Results
 32 
 [4, 1, 2, 0] 
 [0, 0, 1, 0, 0] 
 0.9265822784810127 

Results
 32 
 [4, 1, 2, 0] 
 [0, 1, 0, 0, 0] 
 0.9456264775413712 

Results
 32 
 [4, 1, 2, 0] 
 [1, 0, 0, 0, 0] 
 0.9976905311778291 

Results
 32 
 [4, 1, 2, 0] 
 [1, 1, 1, 1, 1] 
 0.9372489959839357 

Results
 32 
 [4, 1, 2, 0, 3] 
 [0, 0, 0, 0, 1] 
 0.9432432432432433 

Results
 32 
 [4, 1, 2, 0, 3] 
 [0, 0, 0, 1, 0] 
 0.9595687331536388 

Results
 32 
 [4, 1, 2, 0, 3] 
 [0, 0, 1, 0, 0] 
 0.9291139240506329 

Results
 32 
 [4, 1, 2, 0, 3] 
 [0, 1, 0, 0, 0] 
 0.9314420803782506 

Results
 32 
 [4, 1, 2, 0, 3] 
 [1, 0, 0, 0, 0] 
 0.9976905311778291 

Results
 32 
 [4, 1, 2, 0, 3] 
 [1, 1, 1, 1, 1] 
 0.9528112449799196 

Results
 33 
 [4] 
 [0, 0, 0, 0, 1] 
 1.0 

Results
 33 
 [4] 
 [0, 0, 0, 1, 0] 
 0.49595687331536387 

Results
 33 
 [4] 
 [0, 0, 1, 0, 0] 
 0.47848101265822784 

Results
 33 
 [4] 
 [0, 1, 0, 0, 0] 
 0.6997635933806147 

Results
 33 
 [4] 
 [1, 0, 0, 0, 0] 
 0.45958429561200925 

Results
 33 
 [4] 
 [1, 1, 1, 1, 1] 
 0.6214859437751004 

Results
 33 
 [4, 0] 
 [0, 0, 0, 0, 1] 
 0.9837837837837838 

Results
 33 
 [4, 0] 
 [0, 0, 0, 1, 0] 
 0.7142857142857143 

Results
 33 
 [4, 0] 
 [0, 0, 1, 0, 0] 
 0.4810126582278481 

Results
 33 
 [4, 0] 
 [0, 1, 0, 0, 0] 
 0.6926713947990544 

Results
 33 
 [4, 0] 
 [1, 0, 0, 0, 0] 
 1.0 

Results
 33 
 [4, 0] 
 [1, 1, 1, 1, 1] 
 0.7756024096385542 

Results
 33 
 [4, 0, 1] 
 [0, 0, 0, 0, 1] 
 0.9675675675675676 

Results
 33 
 [4, 0, 1] 
 [0, 0, 0, 1, 0] 
 0.7978436657681941 

Results
 33 
 [4, 0, 1] 
 [0, 0, 1, 0, 0] 
 0.4936708860759494 

Results
 33 
 [4, 0, 1] 
 [0, 1, 0, 0, 0] 
 0.9763593380614657 

Results
 33 
 [4, 0, 1] 
 [1, 0, 0, 0, 0] 
 0.9884526558891455 

Results
 33 
 [4, 0, 1] 
 [1, 1, 1, 1, 1] 
 0.8483935742971888 

Results
 33 
 [4, 0, 1, 3] 
 [0, 0, 0, 0, 1] 
 0.9513513513513514 

Results
 33 
 [4, 0, 1, 3] 
 [0, 0, 0, 1, 0] 
 0.9730458221024259 

Results
 33 
 [4, 0, 1, 3] 
 [0, 0, 1, 0, 0] 
 0.5443037974683544 

Results
 33 
 [4, 0, 1, 3] 
 [0, 1, 0, 0, 0] 
 0.9692671394799054 

Results
 33 
 [4, 0, 1, 3] 
 [1, 0, 0, 0, 0] 
 0.9953810623556582 

Results
 33 
 [4, 0, 1, 3] 
 [1, 1, 1, 1, 1] 
 0.8880522088353414 

Results
 33 
 [4, 0, 1, 3, 2] 
 [0, 0, 0, 0, 1] 
 0.9324324324324325 

Results
 33 
 [4, 0, 1, 3, 2] 
 [0, 0, 0, 1, 0] 
 0.9649595687331537 

Results
 33 
 [4, 0, 1, 3, 2] 
 [0, 0, 1, 0, 0] 
 0.9012658227848102 

Results
 33 
 [4, 0, 1, 3, 2] 
 [0, 1, 0, 0, 0] 
 0.9692671394799054 

Results
 33 
 [4, 0, 1, 3, 2] 
 [1, 0, 0, 0, 0] 
 0.9953810623556582 

Results
 33 
 [4, 0, 1, 3, 2] 
 [1, 1, 1, 1, 1] 
 0.9538152610441767 

Results
 34 
 [3] 
 [0, 0, 0, 0, 1] 
 0.527027027027027 

Results
 34 
 [3] 
 [0, 0, 0, 1, 0] 
 1.0 

Results
 34 
 [3] 
 [0, 0, 1, 0, 0] 
 0.5594936708860759 

Results
 34 
 [3] 
 [0, 1, 0, 0, 0] 
 0.5933806146572104 

Results
 34 
 [3] 
 [1, 0, 0, 0, 0] 
 0.5658198614318707 

Results
 34 
 [3] 
 [1, 1, 1, 1, 1] 
 0.6440763052208835 

Results
 34 
 [3, 4] 
 [0, 0, 0, 0, 1] 
 0.981081081081081 

Results
 34 
 [3, 4] 
 [0, 0, 0, 1, 0] 
 0.9811320754716981 

Results
 34 
 [3, 4] 
 [0, 0, 1, 0, 0] 
 0.48860759493670886 

Results
 34 
 [3, 4] 
 [0, 1, 0, 0, 0] 
 0.8581560283687943 

Results
 34 
 [3, 4] 
 [1, 0, 0, 0, 0] 
 0.9676674364896074 

Results
 34 
 [3, 4] 
 [1, 1, 1, 1, 1] 
 0.8544176706827309 

Results
 34 
 [3, 4, 1] 
 [0, 0, 0, 0, 1] 
 0.972972972972973 

Results
 34 
 [3, 4, 1] 
 [0, 0, 0, 1, 0] 
 0.9595687331536388 

Results
 34 
 [3, 4, 1] 
 [0, 0, 1, 0, 0] 
 0.5443037974683544 

Results
 34 
 [3, 4, 1] 
 [0, 1, 0, 0, 0] 
 0.9787234042553191 

Results
 34 
 [3, 4, 1] 
 [1, 0, 0, 0, 0] 
 0.8244803695150116 

Results
 34 
 [3, 4, 1] 
 [1, 1, 1, 1, 1] 
 0.8544176706827309 

Results
 34 
 [3, 4, 1, 2] 
 [0, 0, 0, 0, 1] 
 0.9054054054054054 

Results
 34 
 [3, 4, 1, 2] 
 [0, 0, 0, 1, 0] 
 0.9595687331536388 

Results
 34 
 [3, 4, 1, 2] 
 [0, 0, 1, 0, 0] 
 0.9417721518987342 

Results
 34 
 [3, 4, 1, 2] 
 [0, 1, 0, 0, 0] 
 0.966903073286052 

Results
 34 
 [3, 4, 1, 2] 
 [1, 0, 0, 0, 0] 
 0.9376443418013857 

Results
 34 
 [3, 4, 1, 2] 
 [1, 1, 1, 1, 1] 
 0.9427710843373494 

Results
 34 
 [3, 4, 1, 2, 0] 
 [0, 0, 0, 0, 1] 
 0.927027027027027 

Results
 34 
 [3, 4, 1, 2, 0] 
 [0, 0, 0, 1, 0] 
 0.9568733153638814 

Results
 34 
 [3, 4, 1, 2, 0] 
 [0, 0, 1, 0, 0] 
 0.9291139240506329 

Results
 34 
 [3, 4, 1, 2, 0] 
 [0, 1, 0, 0, 0] 
 0.950354609929078 

Results
 34 
 [3, 4, 1, 2, 0] 
 [1, 0, 0, 0, 0] 
 0.9976905311778291 

Results
 34 
 [3, 4, 1, 2, 0] 
 [1, 1, 1, 1, 1] 
 0.9533132530120482 

Results
 35 
 [0] 
 [0, 0, 0, 0, 1] 
 0.6243243243243243 

Results
 35 
 [0] 
 [0, 0, 0, 1, 0] 
 0.6361185983827493 

Results
 35 
 [0] 
 [0, 0, 1, 0, 0] 
 0.4810126582278481 

Results
 35 
 [0] 
 [0, 1, 0, 0, 0] 
 0.5460992907801419 

Results
 35 
 [0] 
 [1, 0, 0, 0, 0] 
 1.0 

Results
 35 
 [0] 
 [1, 1, 1, 1, 1] 
 0.6631526104417671 

Results
 35 
 [0, 2] 
 [0, 0, 0, 0, 1] 
 0.6027027027027027 

Results
 35 
 [0, 2] 
 [0, 0, 0, 1, 0] 
 0.7304582210242587 

Results
 35 
 [0, 2] 
 [0, 0, 1, 0, 0] 
 0.9822784810126582 

Results
 35 
 [0, 2] 
 [0, 1, 0, 0, 0] 
 0.5484633569739953 

Results
 35 
 [0, 2] 
 [1, 0, 0, 0, 0] 
 0.9976905311778291 

Results
 35 
 [0, 2] 
 [1, 1, 1, 1, 1] 
 0.7761044176706827 

Results
 35 
 [0, 2, 3] 
 [0, 0, 0, 0, 1] 
 0.6243243243243243 

Results
 35 
 [0, 2, 3] 
 [0, 0, 0, 1, 0] 
 0.967654986522911 

Results
 35 
 [0, 2, 3] 
 [0, 0, 1, 0, 0] 
 0.9645569620253165 

Results
 35 
 [0, 2, 3] 
 [0, 1, 0, 0, 0] 
 0.6666666666666666 

Results
 35 
 [0, 2, 3] 
 [1, 0, 0, 0, 0] 
 0.9976905311778291 

Results
 35 
 [0, 2, 3] 
 [1, 1, 1, 1, 1] 
 0.8458835341365462 

Results
 35 
 [0, 2, 3, 4] 
 [0, 0, 0, 0, 1] 
 0.9540540540540541 

Results
 35 
 [0, 2, 3, 4] 
 [0, 0, 0, 1, 0] 
 0.9622641509433962 

Results
 35 
 [0, 2, 3, 4] 
 [0, 0, 1, 0, 0] 
 0.9341772151898734 

Results
 35 
 [0, 2, 3, 4] 
 [0, 1, 0, 0, 0] 
 0.8274231678486997 

Results
 35 
 [0, 2, 3, 4] 
 [1, 0, 0, 0, 0] 
 0.9976905311778291 

Results
 35 
 [0, 2, 3, 4] 
 [1, 1, 1, 1, 1] 
 0.9342369477911646 

Results
 35 
 [0, 2, 3, 4, 1] 
 [0, 0, 0, 0, 1] 
 0.9540540540540541 

Results
 35 
 [0, 2, 3, 4, 1] 
 [0, 0, 0, 1, 0] 
 0.954177897574124 

Results
 35 
 [0, 2, 3, 4, 1] 
 [0, 0, 1, 0, 0] 
 0.9113924050632911 

Results
 35 
 [0, 2, 3, 4, 1] 
 [0, 1, 0, 0, 0] 
 0.9527186761229315 

Results
 35 
 [0, 2, 3, 4, 1] 
 [1, 0, 0, 0, 0] 
 0.9976905311778291 

Results
 35 
 [0, 2, 3, 4, 1] 
 [1, 1, 1, 1, 1] 
 0.9548192771084337 

Results
 36 
 [3] 
 [0, 0, 0, 0, 1] 
 0.5324324324324324 

Results
 36 
 [3] 
 [0, 0, 0, 1, 0] 
 1.0 

Results
 36 
 [3] 
 [0, 0, 1, 0, 0] 
 0.5088607594936709 

Results
 36 
 [3] 
 [0, 1, 0, 0, 0] 
 0.5839243498817966 

Results
 36 
 [3] 
 [1, 0, 0, 0, 0] 
 0.5866050808314087 

Results
 36 
 [3] 
 [1, 1, 1, 1, 1] 
 0.6375502008032129 

Results
 36 
 [3, 0] 
 [0, 0, 0, 0, 1] 
 0.6972972972972973 

Results
 36 
 [3, 0] 
 [0, 0, 0, 1, 0] 
 0.9892183288409704 

Results
 36 
 [3, 0] 
 [0, 0, 1, 0, 0] 
 0.620253164556962 

Results
 36 
 [3, 0] 
 [0, 1, 0, 0, 0] 
 0.6690307328605201 

Results
 36 
 [3, 0] 
 [1, 0, 0, 0, 0] 
 1.0 

Results
 36 
 [3, 0] 
 [1, 1, 1, 1, 1] 
 0.7961847389558233 

Results
 36 
 [3, 0, 4] 
 [0, 0, 0, 0, 1] 
 0.9837837837837838 

Results
 36 
 [3, 0, 4] 
 [0, 0, 0, 1, 0] 
 0.9649595687331537 

Results
 36 
 [3, 0, 4] 
 [0, 0, 1, 0, 0] 
 0.5088607594936709 

Results
 36 
 [3, 0, 4] 
 [0, 1, 0, 0, 0] 
 0.7872340425531915 

Results
 36 
 [3, 0, 4] 
 [1, 0, 0, 0, 0] 
 1.0 

Results
 36 
 [3, 0, 4] 
 [1, 1, 1, 1, 1] 
 0.8478915662650602 

Results
 36 
 [3, 0, 4, 2] 
 [0, 0, 0, 0, 1] 
 0.9459459459459459 

Results
 36 
 [3, 0, 4, 2] 
 [0, 0, 0, 1, 0] 
 0.9622641509433962 

Results
 36 
 [3, 0, 4, 2] 
 [0, 0, 1, 0, 0] 
 0.9544303797468354 

Results
 36 
 [3, 0, 4, 2] 
 [0, 1, 0, 0, 0] 
 0.8274231678486997 

Results
 36 
 [3, 0, 4, 2] 
 [1, 0, 0, 0, 0] 
 0.9953810623556582 

Results
 36 
 [3, 0, 4, 2] 
 [1, 1, 1, 1, 1] 
 0.9362449799196787 

Results
 36 
 [3, 0, 4, 2, 1] 
 [0, 0, 0, 0, 1] 
 0.9540540540540541 

Results
 36 
 [3, 0, 4, 2, 1] 
 [0, 0, 0, 1, 0] 
 0.9514824797843666 

Results
 36 
 [3, 0, 4, 2, 1] 
 [0, 0, 1, 0, 0] 
 0.9215189873417722 

Results
 36 
 [3, 0, 4, 2, 1] 
 [0, 1, 0, 0, 0] 
 0.966903073286052 

Results
 36 
 [3, 0, 4, 2, 1] 
 [1, 0, 0, 0, 0] 
 0.9930715935334873 

Results
 36 
 [3, 0, 4, 2, 1] 
 [1, 1, 1, 1, 1] 
 0.9583333333333334 

Results
 37 
 [0] 
 [0, 0, 0, 0, 1] 
 0.6054054054054054 

Results
 37 
 [0] 
 [0, 0, 0, 1, 0] 
 0.633423180592992 

Results
 37 
 [0] 
 [0, 0, 1, 0, 0] 
 0.4810126582278481 

Results
 37 
 [0] 
 [0, 1, 0, 0, 0] 
 0.5650118203309693 

Results
 37 
 [0] 
 [1, 0, 0, 0, 0] 
 1.0 

Results
 37 
 [0] 
 [1, 1, 1, 1, 1] 
 0.6631526104417671 

Results
 37 
 [0, 4] 
 [0, 0, 0, 0, 1] 
 0.9864864864864865 

Results
 37 
 [0, 4] 
 [0, 0, 0, 1, 0] 
 0.6738544474393531 

Results
 37 
 [0, 4] 
 [0, 0, 1, 0, 0] 
 0.4860759493670886 

Results
 37 
 [0, 4] 
 [0, 1, 0, 0, 0] 
 0.7446808510638298 

Results
 37 
 [0, 4] 
 [1, 0, 0, 0, 0] 
 1.0 

Results
 37 
 [0, 4] 
 [1, 1, 1, 1, 1] 
 0.7806224899598394 

Results
 37 
 [0, 4, 3] 
 [0, 0, 0, 0, 1] 
 0.9756756756756757 

Results
 37 
 [0, 4, 3] 
 [0, 0, 0, 1, 0] 
 0.9730458221024259 

Results
 37 
 [0, 4, 3] 
 [0, 0, 1, 0, 0] 
 0.5189873417721519 

Results
 37 
 [0, 4, 3] 
 [0, 1, 0, 0, 0] 
 0.8250591016548463 

Results
 37 
 [0, 4, 3] 
 [1, 0, 0, 0, 0] 
 1.0 

Results
 37 
 [0, 4, 3] 
 [1, 1, 1, 1, 1] 
 0.8579317269076305 

Results
 37 
 [0, 4, 3, 2] 
 [0, 0, 0, 0, 1] 
 0.9216216216216216 

Results
 37 
 [0, 4, 3, 2] 
 [0, 0, 0, 1, 0] 
 0.9622641509433962 

Results
 37 
 [0, 4, 3, 2] 
 [0, 0, 1, 0, 0] 
 0.9518987341772152 

Results
 37 
 [0, 4, 3, 2] 
 [0, 1, 0, 0, 0] 
 0.8203309692671394 

Results
 37 
 [0, 4, 3, 2] 
 [1, 0, 0, 0, 0] 
 0.9976905311778291 

Results
 37 
 [0, 4, 3, 2] 
 [1, 1, 1, 1, 1] 
 0.9302208835341366 

Results
 37 
 [0, 4, 3, 2, 1] 
 [0, 0, 0, 0, 1] 
 0.9243243243243243 

Results
 37 
 [0, 4, 3, 2, 1] 
 [0, 0, 0, 1, 0] 
 0.9568733153638814 

Results
 37 
 [0, 4, 3, 2, 1] 
 [0, 0, 1, 0, 0] 
 0.9341772151898734 

Results
 37 
 [0, 4, 3, 2, 1] 
 [0, 1, 0, 0, 0] 
 0.9574468085106383 

Results
 37 
 [0, 4, 3, 2, 1] 
 [1, 0, 0, 0, 0] 
 0.9976905311778291 

Results
 37 
 [0, 4, 3, 2, 1] 
 [1, 1, 1, 1, 1] 
 0.9553212851405622 

Results
 38 
 [3] 
 [0, 0, 0, 0, 1] 
 0.527027027027027 

Results
 38 
 [3] 
 [0, 0, 0, 1, 0] 
 1.0 

Results
 38 
 [3] 
 [0, 0, 1, 0, 0] 
 0.6025316455696202 

Results
 38 
 [3] 
 [0, 1, 0, 0, 0] 
 0.6359338061465721 

Results
 38 
 [3] 
 [1, 0, 0, 0, 0] 
 0.6351039260969977 

Results
 38 
 [3] 
 [1, 1, 1, 1, 1] 
 0.6767068273092369 

Results
 38 
 [3, 4] 
 [0, 0, 0, 0, 1] 
 0.9837837837837838 

Results
 38 
 [3, 4] 
 [0, 0, 0, 1, 0] 
 0.9703504043126685 

Results
 38 
 [3, 4] 
 [0, 0, 1, 0, 0] 
 0.5139240506329114 

Results
 38 
 [3, 4] 
 [0, 1, 0, 0, 0] 
 0.8794326241134752 

Results
 38 
 [3, 4] 
 [1, 0, 0, 0, 0] 
 0.9561200923787528 

Results
 38 
 [3, 4] 
 [1, 1, 1, 1, 1] 
 0.8599397590361446 

Results
 38 
 [3, 4, 2] 
 [0, 0, 0, 0, 1] 
 0.9081081081081082 

Results
 38 
 [3, 4, 2] 
 [0, 0, 0, 1, 0] 
 0.967654986522911 

Results
 38 
 [3, 4, 2] 
 [0, 0, 1, 0, 0] 
 0.9822784810126582 

Results
 38 
 [3, 4, 2] 
 [0, 1, 0, 0, 0] 
 0.7683215130023641 

Results
 38 
 [3, 4, 2] 
 [1, 0, 0, 0, 0] 
 0.9376443418013857 

Results
 38 
 [3, 4, 2] 
 [1, 1, 1, 1, 1] 
 0.9106425702811245 

Results
 38 
 [3, 4, 2, 0] 
 [0, 0, 0, 0, 1] 
 0.9297297297297298 

Results
 38 
 [3, 4, 2, 0] 
 [0, 0, 0, 1, 0] 
 0.9595687331536388 

Results
 38 
 [3, 4, 2, 0] 
 [0, 0, 1, 0, 0] 
 0.9518987341772152 

Results
 38 
 [3, 4, 2, 0] 
 [0, 1, 0, 0, 0] 
 0.8203309692671394 

Results
 38 
 [3, 4, 2, 0] 
 [1, 0, 0, 0, 0] 
 0.9976905311778291 

Results
 38 
 [3, 4, 2, 0] 
 [1, 1, 1, 1, 1] 
 0.9312248995983936 

Results
 38 
 [3, 4, 2, 0, 1] 
 [0, 0, 0, 0, 1] 
 0.9378378378378378 

Results
 38 
 [3, 4, 2, 0, 1] 
 [0, 0, 0, 1, 0] 
 0.954177897574124 

Results
 38 
 [3, 4, 2, 0, 1] 
 [0, 0, 1, 0, 0] 
 0.9367088607594937 

Results
 38 
 [3, 4, 2, 0, 1] 
 [0, 1, 0, 0, 0] 
 0.9621749408983451 

Results
 38 
 [3, 4, 2, 0, 1] 
 [1, 0, 0, 0, 0] 
 0.9976905311778291 

Results
 38 
 [3, 4, 2, 0, 1] 
 [1, 1, 1, 1, 1] 
 0.9588353413654619 

Results
 39 
 [0] 
 [0, 0, 0, 0, 1] 
 0.5837837837837838 

Results
 39 
 [0] 
 [0, 0, 0, 1, 0] 
 0.5606469002695418 

Results
 39 
 [0] 
 [0, 0, 1, 0, 0] 
 0.4810126582278481 

Results
 39 
 [0] 
 [0, 1, 0, 0, 0] 
 0.5437352245862884 

Results
 39 
 [0] 
 [1, 0, 0, 0, 0] 
 1.0 

Results
 39 
 [0] 
 [1, 1, 1, 1, 1] 
 0.6410642570281124 

Results
 39 
 [0, 3] 
 [0, 0, 0, 0, 1] 
 0.672972972972973 

Results
 39 
 [0, 3] 
 [0, 0, 0, 1, 0] 
 0.9811320754716981 

Results
 39 
 [0, 3] 
 [0, 0, 1, 0, 0] 
 0.5924050632911393 

Results
 39 
 [0, 3] 
 [0, 1, 0, 0, 0] 
 0.6382978723404256 

Results
 39 
 [0, 3] 
 [1, 0, 0, 0, 0] 
 1.0 

Results
 39 
 [0, 3] 
 [1, 1, 1, 1, 1] 
 0.7781124497991968 

Results
 39 
 [0, 3, 4] 
 [0, 0, 0, 0, 1] 
 0.972972972972973 

Results
 39 
 [0, 3, 4] 
 [0, 0, 0, 1, 0] 
 0.967654986522911 

Results
 39 
 [0, 3, 4] 
 [0, 0, 1, 0, 0] 
 0.5012658227848101 

Results
 39 
 [0, 3, 4] 
 [0, 1, 0, 0, 0] 
 0.7328605200945626 

Results
 39 
 [0, 3, 4] 
 [1, 0, 0, 0, 0] 
 1.0 

Results
 39 
 [0, 3, 4] 
 [1, 1, 1, 1, 1] 
 0.8333333333333334 

Results
 39 
 [0, 3, 4, 2] 
 [0, 0, 0, 0, 1] 
 0.9459459459459459 

Results
 39 
 [0, 3, 4, 2] 
 [0, 0, 0, 1, 0] 
 0.9622641509433962 

Results
 39 
 [0, 3, 4, 2] 
 [0, 0, 1, 0, 0] 
 0.9189873417721519 

Results
 39 
 [0, 3, 4, 2] 
 [0, 1, 0, 0, 0] 
 0.7588652482269503 

Results
 39 
 [0, 3, 4, 2] 
 [1, 0, 0, 0, 0] 
 1.0 

Results
 39 
 [0, 3, 4, 2] 
 [1, 1, 1, 1, 1] 
 0.9156626506024096 

Results
 39 
 [0, 3, 4, 2, 1] 
 [0, 0, 0, 0, 1] 
 0.9459459459459459 

Results
 39 
 [0, 3, 4, 2, 1] 
 [0, 0, 0, 1, 0] 
 0.9487870619946092 

Results
 39 
 [0, 3, 4, 2, 1] 
 [0, 0, 1, 0, 0] 
 0.9240506329113924 

Results
 39 
 [0, 3, 4, 2, 1] 
 [0, 1, 0, 0, 0] 
 0.9456264775413712 

Results
 39 
 [0, 3, 4, 2, 1] 
 [1, 0, 0, 0, 0] 
 1.0 

Results
 39 
 [0, 3, 4, 2, 1] 
 [1, 1, 1, 1, 1] 
 0.9538152610441767 

Results
 40 
 [1] 
 [0, 0, 0, 0, 1] 
 0.5351351351351351 

Results
 40 
 [1] 
 [0, 0, 0, 1, 0] 
 0.49595687331536387 

Results
 40 
 [1] 
 [0, 0, 1, 0, 0] 
 0.47848101265822784 

Results
 40 
 [1] 
 [0, 1, 0, 0, 0] 
 0.9929078014184397 

Results
 40 
 [1] 
 [1, 0, 0, 0, 0] 
 0.44341801385681295 

Results
 40 
 [1] 
 [1, 1, 1, 1, 1] 
 0.5938755020080321 

Results
 40 
 [1, 4] 
 [0, 0, 0, 0, 1] 
 0.9945945945945946 

Results
 40 
 [1, 4] 
 [0, 0, 0, 1, 0] 
 0.5849056603773585 

Results
 40 
 [1, 4] 
 [0, 0, 1, 0, 0] 
 0.47848101265822784 

Results
 40 
 [1, 4] 
 [0, 1, 0, 0, 0] 
 0.9905437352245863 

Results
 40 
 [1, 4] 
 [1, 0, 0, 0, 0] 
 0.6651270207852193 

Results
 40 
 [1, 4] 
 [1, 1, 1, 1, 1] 
 0.7434738955823293 

Results
 40 
 [1, 4, 2] 
 [0, 0, 0, 0, 1] 
 0.9648648648648649 

Results
 40 
 [1, 4, 2] 
 [0, 0, 0, 1, 0] 
 0.8355795148247979 

Results
 40 
 [1, 4, 2] 
 [0, 0, 1, 0, 0] 
 0.9139240506329114 

Results
 40 
 [1, 4, 2] 
 [0, 1, 0, 0, 0] 
 0.9763593380614657 

Results
 40 
 [1, 4, 2] 
 [1, 0, 0, 0, 0] 
 0.9168591224018475 

Results
 40 
 [1, 4, 2] 
 [1, 1, 1, 1, 1] 
 0.9226907630522089 

Results
 40 
 [1, 4, 2, 0] 
 [0, 0, 0, 0, 1] 
 0.9513513513513514 

Results
 40 
 [1, 4, 2, 0] 
 [0, 0, 0, 1, 0] 
 0.8921832884097035 

Results
 40 
 [1, 4, 2, 0] 
 [0, 0, 1, 0, 0] 
 0.9164556962025316 

Results
 40 
 [1, 4, 2, 0] 
 [0, 1, 0, 0, 0] 
 0.9527186761229315 

Results
 40 
 [1, 4, 2, 0] 
 [1, 0, 0, 0, 0] 
 0.9976905311778291 

Results
 40 
 [1, 4, 2, 0] 
 [1, 1, 1, 1, 1] 
 0.9437751004016064 

Results
 40 
 [1, 4, 2, 0, 3] 
 [0, 0, 0, 0, 1] 
 0.9405405405405406 

Results
 40 
 [1, 4, 2, 0, 3] 
 [0, 0, 0, 1, 0] 
 0.9568733153638814 

Results
 40 
 [1, 4, 2, 0, 3] 
 [0, 0, 1, 0, 0] 
 0.9189873417721519 

Results
 40 
 [1, 4, 2, 0, 3] 
 [0, 1, 0, 0, 0] 
 0.9479905437352246 

Results
 40 
 [1, 4, 2, 0, 3] 
 [1, 0, 0, 0, 0] 
 0.9976905311778291 

Results
 40 
 [1, 4, 2, 0, 3] 
 [1, 1, 1, 1, 1] 
 0.9533132530120482 

Results
 41 
 [4] 
 [0, 0, 0, 0, 1] 
 1.0 

Results
 41 
 [4] 
 [0, 0, 0, 1, 0] 
 0.49595687331536387 

Results
 41 
 [4] 
 [0, 0, 1, 0, 0] 
 0.47848101265822784 

Results
 41 
 [4] 
 [0, 1, 0, 0, 0] 
 0.8226950354609929 

Results
 41 
 [4] 
 [1, 0, 0, 0, 0] 
 0.4896073903002309 

Results
 41 
 [4] 
 [1, 1, 1, 1, 1] 
 0.6541164658634538 

Results
 41 
 [4, 0] 
 [0, 0, 0, 0, 1] 
 0.9945945945945946 

Results
 41 
 [4, 0] 
 [0, 0, 0, 1, 0] 
 0.7789757412398922 

Results
 41 
 [4, 0] 
 [0, 0, 1, 0, 0] 
 0.4835443037974684 

Results
 41 
 [4, 0] 
 [0, 1, 0, 0, 0] 
 0.7021276595744681 

Results
 41 
 [4, 0] 
 [1, 0, 0, 0, 0] 
 1.0 

Results
 41 
 [4, 0] 
 [1, 1, 1, 1, 1] 
 0.7921686746987951 

Results
 41 
 [4, 0, 1] 
 [0, 0, 0, 0, 1] 
 0.9864864864864865 

Results
 41 
 [4, 0, 1] 
 [0, 0, 0, 1, 0] 
 0.862533692722372 

Results
 41 
 [4, 0, 1] 
 [0, 0, 1, 0, 0] 
 0.549367088607595 

Results
 41 
 [4, 0, 1] 
 [0, 1, 0, 0, 0] 
 0.9645390070921985 

Results
 41 
 [4, 0, 1] 
 [1, 0, 0, 0, 0] 
 1.0 

Results
 41 
 [4, 0, 1] 
 [1, 1, 1, 1, 1] 
 0.875 

Results
 41 
 [4, 0, 1, 2] 
 [0, 0, 0, 0, 1] 
 0.9405405405405406 

Results
 41 
 [4, 0, 1, 2] 
 [0, 0, 0, 1, 0] 
 0.9164420485175202 

Results
 41 
 [4, 0, 1, 2] 
 [0, 0, 1, 0, 0] 
 0.9392405063291139 

Results
 41 
 [4, 0, 1, 2] 
 [0, 1, 0, 0, 0] 
 0.950354609929078 

Results
 41 
 [4, 0, 1, 2] 
 [1, 0, 0, 0, 0] 
 0.9976905311778291 

Results
 41 
 [4, 0, 1, 2] 
 [1, 1, 1, 1, 1] 
 0.9503012048192772 

Results
 41 
 [4, 0, 1, 2, 3] 
 [0, 0, 0, 0, 1] 
 0.9081081081081082 

Results
 41 
 [4, 0, 1, 2, 3] 
 [0, 0, 0, 1, 0] 
 0.967654986522911 

Results
 41 
 [4, 0, 1, 2, 3] 
 [0, 0, 1, 0, 0] 
 0.9392405063291139 

Results
 41 
 [4, 0, 1, 2, 3] 
 [0, 1, 0, 0, 0] 
 0.9456264775413712 

Results
 41 
 [4, 0, 1, 2, 3] 
 [1, 0, 0, 0, 0] 
 0.9976905311778291 

Results
 41 
 [4, 0, 1, 2, 3] 
 [1, 1, 1, 1, 1] 
 0.9528112449799196 

Results
 42 
 [1] 
 [0, 0, 0, 0, 1] 
 0.572972972972973 

Results
 42 
 [1] 
 [0, 0, 0, 1, 0] 
 0.5283018867924528 

Results
 42 
 [1] 
 [0, 0, 1, 0, 0] 
 0.4810126582278481 

Results
 42 
 [1] 
 [0, 1, 0, 0, 0] 
 0.9905437352245863 

Results
 42 
 [1] 
 [1, 0, 0, 0, 0] 
 0.44803695150115475 

Results
 42 
 [1] 
 [1, 1, 1, 1, 1] 
 0.6079317269076305 

Results
 42 
 [1, 0] 
 [0, 0, 0, 0, 1] 
 0.7756756756756756 

Results
 42 
 [1, 0] 
 [0, 0, 0, 1, 0] 
 0.876010781671159 

Results
 42 
 [1, 0] 
 [0, 0, 1, 0, 0] 
 0.6531645569620254 

Results
 42 
 [1, 0] 
 [0, 1, 0, 0, 0] 
 0.9810874704491725 

Results
 42 
 [1, 0] 
 [1, 0, 0, 0, 0] 
 1.0 

Results
 42 
 [1, 0] 
 [1, 1, 1, 1, 1] 
 0.8624497991967871 

Results
 42 
 [1, 0, 4] 
 [0, 0, 0, 0, 1] 
 0.981081081081081 

Results
 42 
 [1, 0, 4] 
 [0, 0, 0, 1, 0] 
 0.876010781671159 

Results
 42 
 [1, 0, 4] 
 [0, 0, 1, 0, 0] 
 0.569620253164557 

Results
 42 
 [1, 0, 4] 
 [0, 1, 0, 0, 0] 
 0.9550827423167849 

Results
 42 
 [1, 0, 4] 
 [1, 0, 0, 0, 0] 
 1.0 

Results
 42 
 [1, 0, 4] 
 [1, 1, 1, 1, 1] 
 0.8785140562248996 

Results
 42 
 [1, 0, 4, 3] 
 [0, 0, 0, 0, 1] 
 0.9702702702702702 

Results
 42 
 [1, 0, 4, 3] 
 [0, 0, 0, 1, 0] 
 0.9730458221024259 

Results
 42 
 [1, 0, 4, 3] 
 [0, 0, 1, 0, 0] 
 0.6329113924050633 

Results
 42 
 [1, 0, 4, 3] 
 [0, 1, 0, 0, 0] 
 0.9432624113475178 

Results
 42 
 [1, 0, 4, 3] 
 [1, 0, 0, 0, 0] 
 1.0 

Results
 42 
 [1, 0, 4, 3] 
 [1, 1, 1, 1, 1] 
 0.9046184738955824 

Results
 42 
 [1, 0, 4, 3, 2] 
 [0, 0, 0, 0, 1] 
 0.9324324324324325 

Results
 42 
 [1, 0, 4, 3, 2] 
 [0, 0, 0, 1, 0] 
 0.967654986522911 

Results
 42 
 [1, 0, 4, 3, 2] 
 [0, 0, 1, 0, 0] 
 0.9392405063291139 

Results
 42 
 [1, 0, 4, 3, 2] 
 [0, 1, 0, 0, 0] 
 0.9385342789598109 

Results
 42 
 [1, 0, 4, 3, 2] 
 [1, 0, 0, 0, 0] 
 0.9976905311778291 

Results
 42 
 [1, 0, 4, 3, 2] 
 [1, 1, 1, 1, 1] 
 0.9558232931726908 

Results
 43 
 [1] 
 [0, 0, 0, 0, 1] 
 0.5756756756756757 

Results
 43 
 [1] 
 [0, 0, 0, 1, 0] 
 0.5040431266846361 

Results
 43 
 [1] 
 [0, 0, 1, 0, 0] 
 0.4936708860759494 

Results
 43 
 [1] 
 [0, 1, 0, 0, 0] 
 0.9905437352245863 

Results
 43 
 [1] 
 [1, 0, 0, 0, 0] 
 0.44803695150115475 

Results
 43 
 [1] 
 [1, 1, 1, 1, 1] 
 0.606425702811245 

Results
 43 
 [1, 0] 
 [0, 0, 0, 0, 1] 
 0.8648648648648649 

Results
 43 
 [1, 0] 
 [0, 0, 0, 1, 0] 
 0.8787061994609164 

Results
 43 
 [1, 0] 
 [0, 0, 1, 0, 0] 
 0.6354430379746835 

Results
 43 
 [1, 0] 
 [0, 1, 0, 0, 0] 
 0.9810874704491725 

Results
 43 
 [1, 0] 
 [1, 0, 0, 0, 0] 
 1.0 

Results
 43 
 [1, 0] 
 [1, 1, 1, 1, 1] 
 0.876004016064257 

Results
 43 
 [1, 0, 2] 
 [0, 0, 0, 0, 1] 
 0.672972972972973 

Results
 43 
 [1, 0, 2] 
 [0, 0, 0, 1, 0] 
 0.9164420485175202 

Results
 43 
 [1, 0, 2] 
 [0, 0, 1, 0, 0] 
 0.959493670886076 

Results
 43 
 [1, 0, 2] 
 [0, 1, 0, 0, 0] 
 0.9598108747044918 

Results
 43 
 [1, 0, 2] 
 [1, 0, 0, 0, 0] 
 0.9953810623556582 

Results
 43 
 [1, 0, 2] 
 [1, 1, 1, 1, 1] 
 0.9061244979919679 

Results
 43 
 [1, 0, 2, 4] 
 [0, 0, 0, 0, 1] 
 0.9675675675675676 

Results
 43 
 [1, 0, 2, 4] 
 [0, 0, 0, 1, 0] 
 0.8921832884097035 

Results
 43 
 [1, 0, 2, 4] 
 [0, 0, 1, 0, 0] 
 0.9189873417721519 

Results
 43 
 [1, 0, 2, 4] 
 [0, 1, 0, 0, 0] 
 0.9361702127659575 

Results
 43 
 [1, 0, 2, 4] 
 [1, 0, 0, 0, 0] 
 0.9976905311778291 

Results
 43 
 [1, 0, 2, 4] 
 [1, 1, 1, 1, 1] 
 0.9437751004016064 

Results
 43 
 [1, 0, 2, 4, 3] 
 [0, 0, 0, 0, 1] 
 0.9405405405405406 

Results
 43 
 [1, 0, 2, 4, 3] 
 [0, 0, 0, 1, 0] 
 0.9703504043126685 

Results
 43 
 [1, 0, 2, 4, 3] 
 [0, 0, 1, 0, 0] 
 0.9367088607594937 

Results
 43 
 [1, 0, 2, 4, 3] 
 [0, 1, 0, 0, 0] 
 0.9408983451536643 

Results
 43 
 [1, 0, 2, 4, 3] 
 [1, 0, 0, 0, 0] 
 0.9976905311778291 

Results
 43 
 [1, 0, 2, 4, 3] 
 [1, 1, 1, 1, 1] 
 0.9578313253012049 

Results
 44 
 [4] 
 [0, 0, 0, 0, 1] 
 0.9972972972972973 

Results
 44 
 [4] 
 [0, 0, 0, 1, 0] 
 0.49595687331536387 

Results
 44 
 [4] 
 [0, 0, 1, 0, 0] 
 0.4759493670886076 

Results
 44 
 [4] 
 [0, 1, 0, 0, 0] 
 0.5437352245862884 

Results
 44 
 [4] 
 [1, 0, 0, 0, 0] 
 0.4457274826789838 

Results
 44 
 [4] 
 [1, 1, 1, 1, 1] 
 0.5843373493975904 

Results
 44 
 [4, 2] 
 [0, 0, 0, 0, 1] 
 0.981081081081081 

Results
 44 
 [4, 2] 
 [0, 0, 0, 1, 0] 
 0.633423180592992 

Results
 44 
 [4, 2] 
 [0, 0, 1, 0, 0] 
 0.9316455696202531 

Results
 44 
 [4, 2] 
 [0, 1, 0, 0, 0] 
 0.5342789598108747 

Results
 44 
 [4, 2] 
 [1, 0, 0, 0, 0] 
 0.6120092378752887 

Results
 44 
 [4, 2] 
 [1, 1, 1, 1, 1] 
 0.731425702811245 

Results
 44 
 [4, 2, 0] 
 [0, 0, 0, 0, 1] 
 0.9702702702702702 

Results
 44 
 [4, 2, 0] 
 [0, 0, 0, 1, 0] 
 0.784366576819407 

Results
 44 
 [4, 2, 0] 
 [0, 0, 1, 0, 0] 
 0.9443037974683545 

Results
 44 
 [4, 2, 0] 
 [0, 1, 0, 0, 0] 
 0.6643026004728132 

Results
 44 
 [4, 2, 0] 
 [1, 0, 0, 0, 0] 
 0.9976905311778291 

Results
 44 
 [4, 2, 0] 
 [1, 1, 1, 1, 1] 
 0.8714859437751004 

Results
 44 
 [4, 2, 0, 3] 
 [0, 0, 0, 0, 1] 
 0.9432432432432433 

Results
 44 
 [4, 2, 0, 3] 
 [0, 0, 0, 1, 0] 
 0.9703504043126685 

Results
 44 
 [4, 2, 0, 3] 
 [0, 0, 1, 0, 0] 
 0.9620253164556962 

Results
 44 
 [4, 2, 0, 3] 
 [0, 1, 0, 0, 0] 
 0.7281323877068558 

Results
 44 
 [4, 2, 0, 3] 
 [1, 0, 0, 0, 0] 
 0.9976905311778291 

Results
 44 
 [4, 2, 0, 3] 
 [1, 1, 1, 1, 1] 
 0.9181726907630522 

Results
 44 
 [4, 2, 0, 3, 1] 
 [0, 0, 0, 0, 1] 
 0.9567567567567568 

Results
 44 
 [4, 2, 0, 3, 1] 
 [0, 0, 0, 1, 0] 
 0.9649595687331537 

Results
 44 
 [4, 2, 0, 3, 1] 
 [0, 0, 1, 0, 0] 
 0.9367088607594937 

Results
 44 
 [4, 2, 0, 3, 1] 
 [0, 1, 0, 0, 0] 
 0.9456264775413712 

Results
 44 
 [4, 2, 0, 3, 1] 
 [1, 0, 0, 0, 0] 
 0.9930715935334873 

Results
 44 
 [4, 2, 0, 3, 1] 
 [1, 1, 1, 1, 1] 
 0.9598393574297188 

Results
 45 
 [3] 
 [0, 0, 0, 0, 1] 
 0.5378378378378378 

Results
 45 
 [3] 
 [0, 0, 0, 1, 0] 
 1.0 

Results
 45 
 [3] 
 [0, 0, 1, 0, 0] 
 0.5746835443037974 

Results
 45 
 [3] 
 [0, 1, 0, 0, 0] 
 0.5839243498817966 

Results
 45 
 [3] 
 [1, 0, 0, 0, 0] 
 0.45496535796766746 

Results
 45 
 [3] 
 [1, 1, 1, 1, 1] 
 0.6229919678714859 

Results
 45 
 [3, 0] 
 [0, 0, 0, 0, 1] 
 0.6864864864864865 

Results
 45 
 [3, 0] 
 [0, 0, 0, 1, 0] 
 0.9919137466307277 

Results
 45 
 [3, 0] 
 [0, 0, 1, 0, 0] 
 0.6430379746835443 

Results
 45 
 [3, 0] 
 [0, 1, 0, 0, 0] 
 0.6595744680851063 

Results
 45 
 [3, 0] 
 [1, 0, 0, 0, 0] 
 1.0 

Results
 45 
 [3, 0] 
 [1, 1, 1, 1, 1] 
 0.7971887550200804 

Results
 45 
 [3, 0, 1] 
 [0, 0, 0, 0, 1] 
 0.8216216216216217 

Results
 45 
 [3, 0, 1] 
 [0, 0, 0, 1, 0] 
 0.9865229110512129 

Results
 45 
 [3, 0, 1] 
 [0, 0, 1, 0, 0] 
 0.7569620253164557 

Results
 45 
 [3, 0, 1] 
 [0, 1, 0, 0, 0] 
 0.9692671394799054 

Results
 45 
 [3, 0, 1] 
 [1, 0, 0, 0, 0] 
 1.0 

Results
 45 
 [3, 0, 1] 
 [1, 1, 1, 1, 1] 
 0.9096385542168675 

Results
 45 
 [3, 0, 1, 4] 
 [0, 0, 0, 0, 1] 
 0.9756756756756757 

Results
 45 
 [3, 0, 1, 4] 
 [0, 0, 0, 1, 0] 
 0.9784366576819407 

Results
 45 
 [3, 0, 1, 4] 
 [0, 0, 1, 0, 0] 
 0.5772151898734177 

Results
 45 
 [3, 0, 1, 4] 
 [0, 1, 0, 0, 0] 
 0.966903073286052 

Results
 45 
 [3, 0, 1, 4] 
 [1, 0, 0, 0, 0] 
 1.0 

Results
 45 
 [3, 0, 1, 4] 
 [1, 1, 1, 1, 1] 
 0.9006024096385542 

Results
 45 
 [3, 0, 1, 4, 2] 
 [0, 0, 0, 0, 1] 
 0.9486486486486486 

Results
 45 
 [3, 0, 1, 4, 2] 
 [0, 0, 0, 1, 0] 
 0.9784366576819407 

Results
 45 
 [3, 0, 1, 4, 2] 
 [0, 0, 1, 0, 0] 
 0.9291139240506329 

Results
 45 
 [3, 0, 1, 4, 2] 
 [0, 1, 0, 0, 0] 
 0.9456264775413712 

Results
 45 
 [3, 0, 1, 4, 2] 
 [1, 0, 0, 0, 0] 
 0.9976905311778291 

Results
 45 
 [3, 0, 1, 4, 2] 
 [1, 1, 1, 1, 1] 
 0.9603413654618473 

Results
 46 
 [3] 
 [0, 0, 0, 0, 1] 
 0.5459459459459459 

Results
 46 
 [3] 
 [0, 0, 0, 1, 0] 
 0.9946091644204852 

Results
 46 
 [3] 
 [0, 0, 1, 0, 0] 
 0.6810126582278481 

Results
 46 
 [3] 
 [0, 1, 0, 0, 0] 
 0.7872340425531915 

Results
 46 
 [3] 
 [1, 0, 0, 0, 0] 
 0.6605080831408776 

Results
 46 
 [3] 
 [1, 1, 1, 1, 1] 
 0.732429718875502 

Results
 46 
 [3, 2] 
 [0, 0, 0, 0, 1] 
 0.5621621621621622 

Results
 46 
 [3, 2] 
 [0, 0, 0, 1, 0] 
 0.954177897574124 

Results
 46 
 [3, 2] 
 [0, 0, 1, 0, 0] 
 0.9974683544303797 

Results
 46 
 [3, 2] 
 [0, 1, 0, 0, 0] 
 0.5271867612293144 

Results
 46 
 [3, 2] 
 [1, 0, 0, 0, 0] 
 0.5912240184757506 

Results
 46 
 [3, 2] 
 [1, 1, 1, 1, 1] 
 0.7203815261044176 

Results
 46 
 [3, 2, 1] 
 [0, 0, 0, 0, 1] 
 0.6297297297297297 

Results
 46 
 [3, 2, 1] 
 [0, 0, 0, 1, 0] 
 0.9487870619946092 

Results
 46 
 [3, 2, 1] 
 [0, 0, 1, 0, 0] 
 0.9746835443037974 

Results
 46 
 [3, 2, 1] 
 [0, 1, 0, 0, 0] 
 0.9621749408983451 

Results
 46 
 [3, 2, 1] 
 [1, 0, 0, 0, 0] 
 0.8868360277136259 

Results
 46 
 [3, 2, 1] 
 [1, 1, 1, 1, 1] 
 0.8840361445783133 

Results
 46 
 [3, 2, 1, 4] 
 [0, 0, 0, 0, 1] 
 0.9081081081081082 

Results
 46 
 [3, 2, 1, 4] 
 [0, 0, 0, 1, 0] 
 0.9487870619946092 

Results
 46 
 [3, 2, 1, 4] 
 [0, 0, 1, 0, 0] 
 0.959493670886076 

Results
 46 
 [3, 2, 1, 4] 
 [0, 1, 0, 0, 0] 
 0.9645390070921985 

Results
 46 
 [3, 2, 1, 4] 
 [1, 0, 0, 0, 0] 
 0.9607390300230947 

Results
 46 
 [3, 2, 1, 4] 
 [1, 1, 1, 1, 1] 
 0.9492971887550201 

Results
 46 
 [3, 2, 1, 4, 0] 
 [0, 0, 0, 0, 1] 
 0.9297297297297298 

Results
 46 
 [3, 2, 1, 4, 0] 
 [0, 0, 0, 1, 0] 
 0.954177897574124 

Results
 46 
 [3, 2, 1, 4, 0] 
 [0, 0, 1, 0, 0] 
 0.9493670886075949 

Results
 46 
 [3, 2, 1, 4, 0] 
 [0, 1, 0, 0, 0] 
 0.9479905437352246 

Results
 46 
 [3, 2, 1, 4, 0] 
 [1, 0, 0, 0, 0] 
 0.9953810623556582 

Results
 46 
 [3, 2, 1, 4, 0] 
 [1, 1, 1, 1, 1] 
 0.9563253012048193 

Results
 47 
 [2] 
 [0, 0, 0, 0, 1] 
 0.5486486486486486 

Results
 47 
 [2] 
 [0, 0, 0, 1, 0] 
 0.6145552560646901 

Results
 47 
 [2] 
 [0, 0, 1, 0, 0] 
 1.0 

Results
 47 
 [2] 
 [0, 1, 0, 0, 0] 
 0.5153664302600472 

Results
 47 
 [2] 
 [1, 0, 0, 0, 0] 
 0.4457274826789838 

Results
 47 
 [2] 
 [1, 1, 1, 1, 1] 
 0.6209839357429718 

Results
 47 
 [2, 3] 
 [0, 0, 0, 0, 1] 
 0.581081081081081 

Results
 47 
 [2, 3] 
 [0, 0, 0, 1, 0] 
 0.9757412398921833 

Results
 47 
 [2, 3] 
 [0, 0, 1, 0, 0] 
 0.9924050632911392 

Results
 47 
 [2, 3] 
 [0, 1, 0, 0, 0] 
 0.5295508274231678 

Results
 47 
 [2, 3] 
 [1, 0, 0, 0, 0] 
 0.5958429561200924 

Results
 47 
 [2, 3] 
 [1, 1, 1, 1, 1] 
 0.7284136546184738 

Results
 47 
 [2, 3, 1] 
 [0, 0, 0, 0, 1] 
 0.6621621621621622 

Results
 47 
 [2, 3, 1] 
 [0, 0, 0, 1, 0] 
 0.9622641509433962 

Results
 47 
 [2, 3, 1] 
 [0, 0, 1, 0, 0] 
 0.9544303797468354 

Results
 47 
 [2, 3, 1] 
 [0, 1, 0, 0, 0] 
 0.9739952718676123 

Results
 47 
 [2, 3, 1] 
 [1, 0, 0, 0, 0] 
 0.8314087759815243 

Results
 47 
 [2, 3, 1] 
 [1, 1, 1, 1, 1] 
 0.8790160642570282 

Results
 47 
 [2, 3, 1, 0] 
 [0, 0, 0, 0, 1] 
 0.7162162162162162 

Results
 47 
 [2, 3, 1, 0] 
 [0, 0, 0, 1, 0] 
 0.9568733153638814 

Results
 47 
 [2, 3, 1, 0] 
 [0, 0, 1, 0, 0] 
 0.9544303797468354 

Results
 47 
 [2, 3, 1, 0] 
 [0, 1, 0, 0, 0] 
 0.9598108747044918 

Results
 47 
 [2, 3, 1, 0] 
 [1, 0, 0, 0, 0] 
 0.9930715935334873 

Results
 47 
 [2, 3, 1, 0] 
 [1, 1, 1, 1, 1] 
 0.9201807228915663 

Results
 47 
 [2, 3, 1, 0, 4] 
 [0, 0, 0, 0, 1] 
 0.9459459459459459 

Results
 47 
 [2, 3, 1, 0, 4] 
 [0, 0, 0, 1, 0] 
 0.9568733153638814 

Results
 47 
 [2, 3, 1, 0, 4] 
 [0, 0, 1, 0, 0] 
 0.9443037974683545 

Results
 47 
 [2, 3, 1, 0, 4] 
 [0, 1, 0, 0, 0] 
 0.9574468085106383 

Results
 47 
 [2, 3, 1, 0, 4] 
 [1, 0, 0, 0, 0] 
 0.9953810623556582 

Results
 47 
 [2, 3, 1, 0, 4] 
 [1, 1, 1, 1, 1] 
 0.9608433734939759 

Results
 48 
 [2] 
 [0, 0, 0, 0, 1] 
 0.5351351351351351 

Results
 48 
 [2] 
 [0, 0, 0, 1, 0] 
 0.5471698113207547 

Results
 48 
 [2] 
 [0, 0, 1, 0, 0] 
 1.0 

Results
 48 
 [2] 
 [0, 1, 0, 0, 0] 
 0.5130023640661938 

Results
 48 
 [2] 
 [1, 0, 0, 0, 0] 
 0.4457274826789838 

Results
 48 
 [2] 
 [1, 1, 1, 1, 1] 
 0.6054216867469879 

Results
 48 
 [2, 3] 
 [0, 0, 0, 0, 1] 
 0.5783783783783784 

Results
 48 
 [2, 3] 
 [0, 0, 0, 1, 0] 
 0.9703504043126685 

Results
 48 
 [2, 3] 
 [0, 0, 1, 0, 0] 
 0.9974683544303797 

Results
 48 
 [2, 3] 
 [0, 1, 0, 0, 0] 
 0.5862884160756501 

Results
 48 
 [2, 3] 
 [1, 0, 0, 0, 0] 
 0.745958429561201 

Results
 48 
 [2, 3] 
 [1, 1, 1, 1, 1] 
 0.7725903614457831 

Results
 48 
 [2, 3, 4] 
 [0, 0, 0, 0, 1] 
 0.9513513513513514 

Results
 48 
 [2, 3, 4] 
 [0, 0, 0, 1, 0] 
 0.9568733153638814 

Results
 48 
 [2, 3, 4] 
 [0, 0, 1, 0, 0] 
 0.9822784810126582 

Results
 48 
 [2, 3, 4] 
 [0, 1, 0, 0, 0] 
 0.8108747044917257 

Results
 48 
 [2, 3, 4] 
 [1, 0, 0, 0, 0] 
 0.9515011547344111 

Results
 48 
 [2, 3, 4] 
 [1, 1, 1, 1, 1] 
 0.928714859437751 

Results
 48 
 [2, 3, 4, 1] 
 [0, 0, 0, 0, 1] 
 0.9324324324324325 

Results
 48 
 [2, 3, 4, 1] 
 [0, 0, 0, 1, 0] 
 0.9460916442048517 

Results
 48 
 [2, 3, 4, 1] 
 [0, 0, 1, 0, 0] 
 0.9518987341772152 

Results
 48 
 [2, 3, 4, 1] 
 [0, 1, 0, 0, 0] 
 0.9763593380614657 

Results
 48 
 [2, 3, 4, 1] 
 [1, 0, 0, 0, 0] 
 0.9630484988452656 

Results
 48 
 [2, 3, 4, 1] 
 [1, 1, 1, 1, 1] 
 0.9548192771084337 

Results
 48 
 [2, 3, 4, 1, 0] 
 [0, 0, 0, 0, 1] 
 0.9324324324324325 

Results
 48 
 [2, 3, 4, 1, 0] 
 [0, 0, 0, 1, 0] 
 0.9487870619946092 

Results
 48 
 [2, 3, 4, 1, 0] 
 [0, 0, 1, 0, 0] 
 0.9417721518987342 

Results
 48 
 [2, 3, 4, 1, 0] 
 [0, 1, 0, 0, 0] 
 0.9574468085106383 

Results
 48 
 [2, 3, 4, 1, 0] 
 [1, 0, 0, 0, 0] 
 0.9976905311778291 

Results
 48 
 [2, 3, 4, 1, 0] 
 [1, 1, 1, 1, 1] 
 0.9568273092369478 

Results
 49 
 [1] 
 [0, 0, 0, 0, 1] 
 0.6027027027027027 

Results
 49 
 [1] 
 [0, 0, 0, 1, 0] 
 0.5902964959568733 

Results
 49 
 [1] 
 [0, 0, 1, 0, 0] 
 0.529113924050633 

Results
 49 
 [1] 
 [0, 1, 0, 0, 0] 
 0.9905437352245863 

Results
 49 
 [1] 
 [1, 0, 0, 0, 0] 
 0.44803695150115475 

Results
 49 
 [1] 
 [1, 1, 1, 1, 1] 
 0.6345381526104418 

Results
 49 
 [1, 0] 
 [0, 0, 0, 0, 1] 
 0.7432432432432432 

Results
 49 
 [1, 0] 
 [0, 0, 0, 1, 0] 
 0.8544474393530997 

Results
 49 
 [1, 0] 
 [0, 0, 1, 0, 0] 
 0.5645569620253165 

Results
 49 
 [1, 0] 
 [0, 1, 0, 0, 0] 
 0.9763593380614657 

Results
 49 
 [1, 0] 
 [1, 0, 0, 0, 0] 
 1.0 

Results
 49 
 [1, 0] 
 [1, 1, 1, 1, 1] 
 0.8338353413654619 

Results
 49 
 [1, 0, 4] 
 [0, 0, 0, 0, 1] 
 0.9864864864864865 

Results
 49 
 [1, 0, 4] 
 [0, 0, 0, 1, 0] 
 0.8382749326145552 

Results
 49 
 [1, 0, 4] 
 [0, 0, 1, 0, 0] 
 0.5594936708860759 

Results
 49 
 [1, 0, 4] 
 [0, 1, 0, 0, 0] 
 0.9692671394799054 

Results
 49 
 [1, 0, 4] 
 [1, 0, 0, 0, 0] 
 1.0 

Results
 49 
 [1, 0, 4] 
 [1, 1, 1, 1, 1] 
 0.8734939759036144 

Results
 49 
 [1, 0, 4, 2] 
 [0, 0, 0, 0, 1] 
 0.9567567567567568 

Results
 49 
 [1, 0, 4, 2] 
 [0, 0, 0, 1, 0] 
 0.8787061994609164 

Results
 49 
 [1, 0, 4, 2] 
 [0, 0, 1, 0, 0] 
 0.9493670886075949 

Results
 49 
 [1, 0, 4, 2] 
 [0, 1, 0, 0, 0] 
 0.9692671394799054 

Results
 49 
 [1, 0, 4, 2] 
 [1, 0, 0, 0, 0] 
 0.9953810623556582 

Results
 49 
 [1, 0, 4, 2] 
 [1, 1, 1, 1, 1] 
 0.9518072289156626 

Results
 49 
 [1, 0, 4, 2, 3] 
 [0, 0, 0, 0, 1] 
 0.9513513513513514 

Results
 49 
 [1, 0, 4, 2, 3] 
 [0, 0, 0, 1, 0] 
 0.9622641509433962 

Results
 49 
 [1, 0, 4, 2, 3] 
 [0, 0, 1, 0, 0] 
 0.9417721518987342 

Results
 49 
 [1, 0, 4, 2, 3] 
 [0, 1, 0, 0, 0] 
 0.9645390070921985 

Results
 49 
 [1, 0, 4, 2, 3] 
 [1, 0, 0, 0, 0] 
 0.9953810623556582 

Results
 49 
 [1, 0, 4, 2, 3] 
 [1, 1, 1, 1, 1] 
 0.963855421686747 

