
Experimental details:
    Model     : cnn
    Optimizer : sgd
    Learning  : 0.01
    Global Rounds   : 50

    Federated parameters:
    Non-IID
    Fraction of users  : 0.1
    Local Batch size   : 10
    Local Epochs       : 1

Results
 0 
 [1] 
 [0, 0, 0, 0, 1] 
 0.0 

Results
 0 
 [1] 
 [0, 0, 0, 1, 0] 
 0.0 

Results
 0 
 [1] 
 [0, 0, 1, 0, 0] 
 0.3259005145797599 

Results
 0 
 [1] 
 [0, 1, 0, 0, 0] 
 0.9712556732223904 

Results
 0 
 [1] 
 [1, 0, 0, 0, 0] 
 0.34175084175084175 

Results
 0 
 [1] 
 [1, 1, 1, 1, 1] 
 0.34766543500167957 

Results
 0 
 [1, 3] 
 [0, 0, 0, 0, 1] 
 0.3019197207678883 

Results
 0 
 [1, 3] 
 [0, 0, 0, 1, 0] 
 0.6484098939929329 

Results
 0 
 [1, 3] 
 [0, 0, 1, 0, 0] 
 0.09948542024013722 

Results
 0 
 [1, 3] 
 [0, 1, 0, 0, 0] 
 0.75642965204236 

Results
 0 
 [1, 3] 
 [1, 0, 0, 0, 0] 
 0.4797979797979798 

Results
 0 
 [1, 3] 
 [1, 1, 1, 1, 1] 
 0.4645616392341283 

Results
 0 
 [1, 3, 2] 
 [0, 0, 0, 0, 1] 
 0.04537521815008726 

Results
 0 
 [1, 3, 2] 
 [0, 0, 0, 1, 0] 
 0.15547703180212014 

Results
 0 
 [1, 3, 2] 
 [0, 0, 1, 0, 0] 
 0.6363636363636364 

Results
 0 
 [1, 3, 2] 
 [0, 1, 0, 0, 0] 
 0.9213313161875946 

Results
 0 
 [1, 3, 2] 
 [1, 0, 0, 0, 0] 
 0.3434343434343434 

Results
 0 
 [1, 3, 2] 
 [1, 1, 1, 1, 1] 
 0.43600940544171984 

Results
 0 
 [1, 3, 2, 0] 
 [0, 0, 0, 0, 1] 
 0.0017452006980802793 

Results
 0 
 [1, 3, 2, 0] 
 [0, 0, 0, 1, 0] 
 0.19081272084805653 

Results
 0 
 [1, 3, 2, 0] 
 [0, 0, 1, 0, 0] 
 0.21612349914236706 

Results
 0 
 [1, 3, 2, 0] 
 [0, 1, 0, 0, 0] 
 0.5385779122541604 

Results
 0 
 [1, 3, 2, 0] 
 [1, 0, 0, 0, 0] 
 0.6717171717171717 

Results
 0 
 [1, 3, 2, 0] 
 [1, 1, 1, 1, 1] 
 0.3325495465233457 

Results
 0 
 [1, 3, 2, 0, 4] 
 [0, 0, 0, 0, 1] 
 0.44502617801047123 

Results
 0 
 [1, 3, 2, 0, 4] 
 [0, 0, 0, 1, 0] 
 0.284452296819788 

Results
 0 
 [1, 3, 2, 0, 4] 
 [0, 0, 1, 0, 0] 
 0.43567753001715265 

Results
 0 
 [1, 3, 2, 0, 4] 
 [0, 1, 0, 0, 0] 
 0.4735249621785174 

Results
 0 
 [1, 3, 2, 0, 4] 
 [1, 0, 0, 0, 0] 
 0.49326599326599324 

Results
 0 
 [1, 3, 2, 0, 4] 
 [1, 1, 1, 1, 1] 
 0.42861941551897886 

Results
 1 
 [2] 
 [0, 0, 0, 0, 1] 
 0.3089005235602094 

Results
 1 
 [2] 
 [0, 0, 0, 1, 0] 
 0.0 

Results
 1 
 [2] 
 [0, 0, 1, 0, 0] 
 0.9571183533447685 

Results
 1 
 [2] 
 [0, 1, 0, 0, 0] 
 0.2708018154311649 

Results
 1 
 [2] 
 [1, 0, 0, 0, 0] 
 0.0 

Results
 1 
 [2] 
 [1, 1, 1, 1, 1] 
 0.30702049042660395 

Results
 1 
 [2, 1] 
 [0, 0, 0, 0, 1] 
 0.2286212914485166 

Results
 1 
 [2, 1] 
 [0, 0, 0, 1, 0] 
 0.0 

Results
 1 
 [2, 1] 
 [0, 0, 1, 0, 0] 
 0.8576329331046312 

Results
 1 
 [2, 1] 
 [0, 1, 0, 0, 0] 
 0.9364599092284418 

Results
 1 
 [2, 1] 
 [1, 0, 0, 0, 0] 
 0.3164983164983165 

Results
 1 
 [2, 1] 
 [1, 1, 1, 1, 1] 
 0.48303661404098086 

Results
 1 
 [2, 1, 4] 
 [0, 0, 0, 0, 1] 
 0.3856893542757417 

Results
 1 
 [2, 1, 4] 
 [0, 0, 0, 1, 0] 
 0.0088339222614841 

Results
 1 
 [2, 1, 4] 
 [0, 0, 1, 0, 0] 
 0.8164665523156089 

Results
 1 
 [2, 1, 4] 
 [0, 1, 0, 0, 0] 
 0.6838124054462935 

Results
 1 
 [2, 1, 4] 
 [1, 0, 0, 0, 0] 
 0.17003367003367004 

Results
 1 
 [2, 1, 4] 
 [1, 1, 1, 1, 1] 
 0.4215653342290897 

Results
 1 
 [2, 1, 4, 0] 
 [0, 0, 0, 0, 1] 
 0.38917975567190227 

Results
 1 
 [2, 1, 4, 0] 
 [0, 0, 0, 1, 0] 
 0.04946996466431095 

Results
 1 
 [2, 1, 4, 0] 
 [0, 0, 1, 0, 0] 
 0.7152658662092625 

Results
 1 
 [2, 1, 4, 0] 
 [0, 1, 0, 0, 0] 
 0.8819969742813918 

Results
 1 
 [2, 1, 4, 0] 
 [1, 0, 0, 0, 0] 
 0.3451178451178451 

Results
 1 
 [2, 1, 4, 0] 
 [1, 1, 1, 1, 1] 
 0.4890829694323144 

Results
 1 
 [2, 1, 4, 0, 3] 
 [0, 0, 0, 0, 1] 
 0.6596858638743456 

Results
 1 
 [2, 1, 4, 0, 3] 
 [0, 0, 0, 1, 0] 
 0.41872791519434627 

Results
 1 
 [2, 1, 4, 0, 3] 
 [0, 0, 1, 0, 0] 
 0.6380789022298456 

Results
 1 
 [2, 1, 4, 0, 3] 
 [0, 1, 0, 0, 0] 
 0.794251134644478 

Results
 1 
 [2, 1, 4, 0, 3] 
 [1, 0, 0, 0, 0] 
 0.5 

Results
 1 
 [2, 1, 4, 0, 3] 
 [1, 1, 1, 1, 1] 
 0.6076587168290225 

Results
 2 
 [4] 
 [0, 0, 0, 0, 1] 
 0.9842931937172775 

Results
 2 
 [4] 
 [0, 0, 0, 1, 0] 
 0.3286219081272085 

Results
 2 
 [4] 
 [0, 0, 1, 0, 0] 
 0.28987993138936535 

Results
 2 
 [4] 
 [0, 1, 0, 0, 0] 
 0.0 

Results
 2 
 [4] 
 [1, 0, 0, 0, 0] 
 0.0 

Results
 2 
 [4] 
 [1, 1, 1, 1, 1] 
 0.3087000335908633 

Results
 2 
 [4, 2] 
 [0, 0, 0, 0, 1] 
 0.8917975567190227 

Results
 2 
 [4, 2] 
 [0, 0, 0, 1, 0] 
 0.2597173144876325 

Results
 2 
 [4, 2] 
 [0, 0, 1, 0, 0] 
 0.8490566037735849 

Results
 2 
 [4, 2] 
 [0, 1, 0, 0, 0] 
 0.2405446293494705 

Results
 2 
 [4, 2] 
 [1, 0, 0, 0, 0] 
 0.0 

Results
 2 
 [4, 2] 
 [1, 1, 1, 1, 1] 
 0.44071212630164597 

Results
 2 
 [4, 2, 3] 
 [0, 0, 0, 0, 1] 
 0.956369982547993 

Results
 2 
 [4, 2, 3] 
 [0, 0, 0, 1, 0] 
 0.4098939929328622 

Results
 2 
 [4, 2, 3] 
 [0, 0, 1, 0, 0] 
 0.6209262435677531 

Results
 2 
 [4, 2, 3] 
 [0, 1, 0, 0, 0] 
 0.11497730711043873 

Results
 2 
 [4, 2, 3] 
 [1, 0, 0, 0, 0] 
 0.09932659932659933 

Results
 2 
 [4, 2, 3] 
 [1, 1, 1, 1, 1] 
 0.4289553241518307 

Results
 2 
 [4, 2, 3, 1] 
 [0, 0, 0, 0, 1] 
 0.6422338568935427 

Results
 2 
 [4, 2, 3, 1] 
 [0, 0, 0, 1, 0] 
 0.4045936395759717 

Results
 2 
 [4, 2, 3, 1] 
 [0, 0, 1, 0, 0] 
 0.8490566037735849 

Results
 2 
 [4, 2, 3, 1] 
 [0, 1, 0, 0, 0] 
 0.8729198184568835 

Results
 2 
 [4, 2, 3, 1] 
 [1, 0, 0, 0, 0] 
 0.3333333333333333 

Results
 2 
 [4, 2, 3, 1] 
 [1, 1, 1, 1, 1] 
 0.6271414175344306 

Results
 2 
 [4, 2, 3, 1, 0] 
 [0, 0, 0, 0, 1] 
 0.6352530541012217 

Results
 2 
 [4, 2, 3, 1, 0] 
 [0, 0, 0, 1, 0] 
 0.6148409893992933 

Results
 2 
 [4, 2, 3, 1, 0] 
 [0, 0, 1, 0, 0] 
 0.7530017152658662 

Results
 2 
 [4, 2, 3, 1, 0] 
 [0, 1, 0, 0, 0] 
 0.8789712556732224 

Results
 2 
 [4, 2, 3, 1, 0] 
 [1, 0, 0, 0, 0] 
 0.6212121212121212 

Results
 2 
 [4, 2, 3, 1, 0] 
 [1, 1, 1, 1, 1] 
 0.7057440376217669 

Results
 3 
 [4] 
 [0, 0, 0, 0, 1] 
 0.987783595113438 

Results
 3 
 [4] 
 [0, 0, 0, 1, 0] 
 0.3339222614840989 

Results
 3 
 [4] 
 [0, 0, 1, 0, 0] 
 0.2915951972555746 

Results
 3 
 [4] 
 [0, 1, 0, 0, 0] 
 0.0 

Results
 3 
 [4] 
 [1, 0, 0, 0, 0] 
 0.0 

Results
 3 
 [4] 
 [1, 1, 1, 1, 1] 
 0.31071548538797444 

Results
 3 
 [4, 2] 
 [0, 0, 0, 0, 1] 
 0.944153577661431 

Results
 3 
 [4, 2] 
 [0, 0, 0, 1, 0] 
 0.30565371024734983 

Results
 3 
 [4, 2] 
 [0, 0, 1, 0, 0] 
 0.8953687821612349 

Results
 3 
 [4, 2] 
 [0, 1, 0, 0, 0] 
 0.264750378214826 

Results
 3 
 [4, 2] 
 [1, 0, 0, 0, 0] 
 0.0016835016835016834 

Results
 3 
 [4, 2] 
 [1, 1, 1, 1, 1] 
 0.47430298958683237 

Results
 3 
 [4, 2, 0] 
 [0, 0, 0, 0, 1] 
 0.9301919720767888 

Results
 3 
 [4, 2, 0] 
 [0, 0, 0, 1, 0] 
 0.4540636042402827 

Results
 3 
 [4, 2, 0] 
 [0, 0, 1, 0, 0] 
 0.8507718696397941 

Results
 3 
 [4, 2, 0] 
 [0, 1, 0, 0, 0] 
 0.5915279878971256 

Results
 3 
 [4, 2, 0] 
 [1, 0, 0, 0, 0] 
 0.5218855218855218 

Results
 3 
 [4, 2, 0] 
 [1, 1, 1, 1, 1] 
 0.6674504534766543 

Results
 3 
 [4, 2, 0, 1] 
 [0, 0, 0, 0, 1] 
 0.5532286212914486 

Results
 3 
 [4, 2, 0, 1] 
 [0, 0, 0, 1, 0] 
 0.3286219081272085 

Results
 3 
 [4, 2, 0, 1] 
 [0, 0, 1, 0, 0] 
 0.855917667238422 

Results
 3 
 [4, 2, 0, 1] 
 [0, 1, 0, 0, 0] 
 0.9712556732223904 

Results
 3 
 [4, 2, 0, 1] 
 [1, 0, 0, 0, 0] 
 0.5387205387205387 

Results
 3 
 [4, 2, 0, 1] 
 [1, 1, 1, 1, 1] 
 0.6597245549210615 

Results
 3 
 [4, 2, 0, 1, 3] 
 [0, 0, 0, 0, 1] 
 0.6457242582897034 

Results
 3 
 [4, 2, 0, 1, 3] 
 [0, 0, 0, 1, 0] 
 0.7385159010600707 

Results
 3 
 [4, 2, 0, 1, 3] 
 [0, 0, 1, 0, 0] 
 0.7735849056603774 

Results
 3 
 [4, 2, 0, 1, 3] 
 [0, 1, 0, 0, 0] 
 0.859304084720121 

Results
 3 
 [4, 2, 0, 1, 3] 
 [1, 0, 0, 0, 0] 
 0.7171717171717171 

Results
 3 
 [4, 2, 0, 1, 3] 
 [1, 1, 1, 1, 1] 
 0.750083977158213 

Results
 4 
 [1] 
 [0, 0, 0, 0, 1] 
 0.0 

Results
 4 
 [1] 
 [0, 0, 0, 1, 0] 
 0.0 

Results
 4 
 [1] 
 [0, 0, 1, 0, 0] 
 0.3361921097770154 

Results
 4 
 [1] 
 [0, 1, 0, 0, 0] 
 0.9818456883509834 

Results
 4 
 [1] 
 [1, 0, 0, 0, 0] 
 0.3468013468013468 

Results
 4 
 [1] 
 [1, 1, 1, 1, 1] 
 0.3530399731273094 

Results
 4 
 [1, 2] 
 [0, 0, 0, 0, 1] 
 0.28272251308900526 

Results
 4 
 [1, 2] 
 [0, 0, 0, 1, 0] 
 0.0 

Results
 4 
 [1, 2] 
 [0, 0, 1, 0, 0] 
 0.9365351629502573 

Results
 4 
 [1, 2] 
 [0, 1, 0, 0, 0] 
 0.9591527987897126 

Results
 4 
 [1, 2] 
 [1, 0, 0, 0, 0] 
 0.3148148148148148 

Results
 4 
 [1, 2] 
 [1, 1, 1, 1, 1] 
 0.5136042996305005 

Results
 4 
 [1, 2, 3] 
 [0, 0, 0, 0, 1] 
 0.5392670157068062 

Results
 4 
 [1, 2, 3] 
 [0, 0, 0, 1, 0] 
 0.666077738515901 

Results
 4 
 [1, 2, 3] 
 [0, 0, 1, 0, 0] 
 0.9142367066895368 

Results
 4 
 [1, 2, 3] 
 [0, 1, 0, 0, 0] 
 0.9757942511346445 

Results
 4 
 [1, 2, 3] 
 [1, 0, 0, 0, 0] 
 0.5606060606060606 

Results
 4 
 [1, 2, 3] 
 [1, 1, 1, 1, 1] 
 0.7379912663755459 

Results
 4 
 [1, 2, 3, 0] 
 [0, 0, 0, 0, 1] 
 0.4973821989528796 

Results
 4 
 [1, 2, 3, 0] 
 [0, 0, 0, 1, 0] 
 0.8109540636042403 

Results
 4 
 [1, 2, 3, 0] 
 [0, 0, 1, 0, 0] 
 0.8198970840480274 

Results
 4 
 [1, 2, 3, 0] 
 [0, 1, 0, 0, 0] 
 0.9273827534039334 

Results
 4 
 [1, 2, 3, 0] 
 [1, 0, 0, 0, 0] 
 0.8922558922558923 

Results
 4 
 [1, 2, 3, 0] 
 [1, 1, 1, 1, 1] 
 0.7944239166946591 

Results
 4 
 [1, 2, 3, 0, 4] 
 [0, 0, 0, 0, 1] 
 0.6788830715532286 

Results
 4 
 [1, 2, 3, 0, 4] 
 [0, 0, 0, 1, 0] 
 0.7173144876325088 

Results
 4 
 [1, 2, 3, 0, 4] 
 [0, 0, 1, 0, 0] 
 0.8542024013722127 

Results
 4 
 [1, 2, 3, 0, 4] 
 [0, 1, 0, 0, 0] 
 0.9092284417549168 

Results
 4 
 [1, 2, 3, 0, 4] 
 [1, 0, 0, 0, 0] 
 0.7407407407407407 

Results
 4 
 [1, 2, 3, 0, 4] 
 [1, 1, 1, 1, 1] 
 0.7840107490762512 

Results
 5 
 [0] 
 [0, 0, 0, 0, 1] 
 0.013961605584642234 

Results
 5 
 [0] 
 [0, 0, 0, 1, 0] 
 0.2915194346289753 

Results
 5 
 [0] 
 [0, 0, 1, 0, 0] 
 0.0 

Results
 5 
 [0] 
 [0, 1, 0, 0, 0] 
 0.31164901664145234 

Results
 5 
 [0] 
 [1, 0, 0, 0, 0] 
 0.9747474747474747 

Results
 5 
 [0] 
 [1, 1, 1, 1, 1] 
 0.32180047027208597 

Results
 5 
 [0, 1] 
 [0, 0, 0, 0, 1] 
 0.12390924956369982 

Results
 5 
 [0, 1] 
 [0, 0, 0, 1, 0] 
 0.41872791519434627 

Results
 5 
 [0, 1] 
 [0, 0, 1, 0, 0] 
 0.3602058319039451 

Results
 5 
 [0, 1] 
 [0, 1, 0, 0, 0] 
 0.972768532526475 

Results
 5 
 [0, 1] 
 [1, 0, 0, 0, 0] 
 0.8956228956228957 

Results
 5 
 [0, 1] 
 [1, 1, 1, 1, 1] 
 0.5686933154182062 

Results
 5 
 [0, 1, 4] 
 [0, 0, 0, 0, 1] 
 0.8970331588132635 

Results
 5 
 [0, 1, 4] 
 [0, 0, 0, 1, 0] 
 0.6201413427561837 

Results
 5 
 [0, 1, 4] 
 [0, 0, 1, 0, 0] 
 0.614065180102916 

Results
 5 
 [0, 1, 4] 
 [0, 1, 0, 0, 0] 
 0.9152798789712556 

Results
 5 
 [0, 1, 4] 
 [1, 0, 0, 0, 0] 
 0.867003367003367 

Results
 5 
 [0, 1, 4] 
 [1, 1, 1, 1, 1] 
 0.7870339267719181 

Results
 5 
 [0, 1, 4, 2] 
 [0, 0, 0, 0, 1] 
 0.5986038394415357 

Results
 5 
 [0, 1, 4, 2] 
 [0, 0, 0, 1, 0] 
 0.3710247349823322 

Results
 5 
 [0, 1, 4, 2] 
 [0, 0, 1, 0, 0] 
 0.9056603773584906 

Results
 5 
 [0, 1, 4, 2] 
 [0, 1, 0, 0, 0] 
 0.9636913767019667 

Results
 5 
 [0, 1, 4, 2] 
 [1, 0, 0, 0, 0] 
 0.6784511784511784 

Results
 5 
 [0, 1, 4, 2] 
 [1, 1, 1, 1, 1] 
 0.7124622102788042 

Results
 5 
 [0, 1, 4, 2, 3] 
 [0, 0, 0, 0, 1] 
 0.6945898778359512 

Results
 5 
 [0, 1, 4, 2, 3] 
 [0, 0, 0, 1, 0] 
 0.7561837455830389 

Results
 5 
 [0, 1, 4, 2, 3] 
 [0, 0, 1, 0, 0] 
 0.8662092624356775 

Results
 5 
 [0, 1, 4, 2, 3] 
 [0, 1, 0, 0, 0] 
 0.9046898638426626 

Results
 5 
 [0, 1, 4, 2, 3] 
 [1, 0, 0, 0, 0] 
 0.8063973063973064 

Results
 5 
 [0, 1, 4, 2, 3] 
 [1, 1, 1, 1, 1] 
 0.8088679879072892 

Results
 6 
 [4] 
 [0, 0, 0, 0, 1] 
 0.9860383944153578 

Results
 6 
 [4] 
 [0, 0, 0, 1, 0] 
 0.3321554770318021 

Results
 6 
 [4] 
 [0, 0, 1, 0, 0] 
 0.31732418524871353 

Results
 6 
 [4] 
 [0, 1, 0, 0, 0] 
 0.0030257186081694403 

Results
 6 
 [4] 
 [1, 0, 0, 0, 0] 
 0.0 

Results
 6 
 [4] 
 [1, 1, 1, 1, 1] 
 0.31575411488075245 

Results
 6 
 [4, 0] 
 [0, 0, 0, 0, 1] 
 0.9616055846422339 

Results
 6 
 [4, 0] 
 [0, 0, 0, 1, 0] 
 0.726148409893993 

Results
 6 
 [4, 0] 
 [0, 0, 1, 0, 0] 
 0.38593481989708406 

Results
 6 
 [4, 0] 
 [0, 1, 0, 0, 0] 
 0.4341906202723147 

Results
 6 
 [4, 0] 
 [1, 0, 0, 0, 0] 
 0.9141414141414141 

Results
 6 
 [4, 0] 
 [1, 1, 1, 1, 1] 
 0.6775277124622103 

Results
 6 
 [4, 0, 3] 
 [0, 0, 0, 0, 1] 
 0.8359511343804538 

Results
 6 
 [4, 0, 3] 
 [0, 0, 0, 1, 0] 
 0.9346289752650176 

Results
 6 
 [4, 0, 3] 
 [0, 0, 1, 0, 0] 
 0.2144082332761578 

Results
 6 
 [4, 0, 3] 
 [0, 1, 0, 0, 0] 
 0.3313161875945537 

Results
 6 
 [4, 0, 3] 
 [1, 0, 0, 0, 0] 
 0.9545454545454546 

Results
 6 
 [4, 0, 3] 
 [1, 1, 1, 1, 1] 
 0.6446086664427276 

Results
 6 
 [4, 0, 3, 2] 
 [0, 0, 0, 0, 1] 
 0.93717277486911 

Results
 6 
 [4, 0, 3, 2] 
 [0, 0, 0, 1, 0] 
 0.8480565371024735 

Results
 6 
 [4, 0, 3, 2] 
 [0, 0, 1, 0, 0] 
 0.7838765008576329 

Results
 6 
 [4, 0, 3, 2] 
 [0, 1, 0, 0, 0] 
 0.5930408472012103 

Results
 6 
 [4, 0, 3, 2] 
 [1, 0, 0, 0, 0] 
 0.8653198653198653 

Results
 6 
 [4, 0, 3, 2] 
 [1, 1, 1, 1, 1] 
 0.7994625461874371 

Results
 6 
 [4, 0, 3, 2, 1] 
 [0, 0, 0, 0, 1] 
 0.837696335078534 

Results
 6 
 [4, 0, 3, 2, 1] 
 [0, 0, 0, 1, 0] 
 0.8268551236749117 

Results
 6 
 [4, 0, 3, 2, 1] 
 [0, 0, 1, 0, 0] 
 0.888507718696398 

Results
 6 
 [4, 0, 3, 2, 1] 
 [0, 1, 0, 0, 0] 
 0.913767019667171 

Results
 6 
 [4, 0, 3, 2, 1] 
 [1, 0, 0, 0, 0] 
 0.8653198653198653 

Results
 6 
 [4, 0, 3, 2, 1] 
 [1, 1, 1, 1, 1] 
 0.8679879072892174 

Results
 7 
 [1] 
 [0, 0, 0, 0, 1] 
 0.038394415357766144 

Results
 7 
 [1] 
 [0, 0, 0, 1, 0] 
 0.03180212014134275 

Results
 7 
 [1] 
 [0, 0, 1, 0, 0] 
 0.38078902229845624 

Results
 7 
 [1] 
 [0, 1, 0, 0, 0] 
 0.9909228441754917 

Results
 7 
 [1] 
 [1, 0, 0, 0, 0] 
 0.3720538720538721 

Results
 7 
 [1] 
 [1, 1, 1, 1, 1] 
 0.38226402418542155 

Results
 7 
 [1, 0] 
 [0, 0, 0, 0, 1] 
 0.193717277486911 

Results
 7 
 [1, 0] 
 [0, 0, 0, 1, 0] 
 0.6060070671378092 

Results
 7 
 [1, 0] 
 [0, 0, 1, 0, 0] 
 0.3602058319039451 

Results
 7 
 [1, 0] 
 [0, 1, 0, 0, 0] 
 0.962178517397882 

Results
 7 
 [1, 0] 
 [1, 0, 0, 0, 0] 
 0.930976430976431 

Results
 7 
 [1, 0] 
 [1, 1, 1, 1, 1] 
 0.6224386966745046 

Results
 7 
 [1, 0, 2] 
 [0, 0, 0, 0, 1] 
 0.33856893542757416 

Results
 7 
 [1, 0, 2] 
 [0, 0, 0, 1, 0] 
 0.3321554770318021 

Results
 7 
 [1, 0, 2] 
 [0, 0, 1, 0, 0] 
 0.8970840480274442 

Results
 7 
 [1, 0, 2] 
 [0, 1, 0, 0, 0] 
 0.9788199697428139 

Results
 7 
 [1, 0, 2] 
 [1, 0, 0, 0, 0] 
 0.8686868686868687 

Results
 7 
 [1, 0, 2] 
 [1, 1, 1, 1, 1] 
 0.6946590527376554 

Results
 7 
 [1, 0, 2, 4] 
 [0, 0, 0, 0, 1] 
 0.6980802792321117 

Results
 7 
 [1, 0, 2, 4] 
 [0, 0, 0, 1, 0] 
 0.4452296819787986 

Results
 7 
 [1, 0, 2, 4] 
 [0, 0, 1, 0, 0] 
 0.9176672384219554 

Results
 7 
 [1, 0, 2, 4] 
 [0, 1, 0, 0, 0] 
 0.9682299546142209 

Results
 7 
 [1, 0, 2, 4] 
 [1, 0, 0, 0, 0] 
 0.7542087542087542 

Results
 7 
 [1, 0, 2, 4] 
 [1, 1, 1, 1, 1] 
 0.7641921397379913 

Results
 7 
 [1, 0, 2, 4, 3] 
 [0, 0, 0, 0, 1] 
 0.8342059336823735 

Results
 7 
 [1, 0, 2, 4, 3] 
 [0, 0, 0, 1, 0] 
 0.8215547703180212 

Results
 7 
 [1, 0, 2, 4, 3] 
 [0, 0, 1, 0, 0] 
 0.8850771869639794 

Results
 7 
 [1, 0, 2, 4, 3] 
 [0, 1, 0, 0, 0] 
 0.9092284417549168 

Results
 7 
 [1, 0, 2, 4, 3] 
 [1, 0, 0, 0, 0] 
 0.8703703703703703 

Results
 7 
 [1, 0, 2, 4, 3] 
 [1, 1, 1, 1, 1] 
 0.8656365468592543 

Results
 8 
 [2] 
 [0, 0, 0, 0, 1] 
 0.3089005235602094 

Results
 8 
 [2] 
 [0, 0, 0, 1, 0] 
 0.0 

Results
 8 
 [2] 
 [0, 0, 1, 0, 0] 
 0.9725557461406518 

Results
 8 
 [2] 
 [0, 1, 0, 0, 0] 
 0.28290468986384265 

Results
 8 
 [2] 
 [1, 0, 0, 0, 0] 
 0.005050505050505051 

Results
 8 
 [2] 
 [1, 1, 1, 1, 1] 
 0.31373866308364123 

Results
 8 
 [2, 1] 
 [0, 0, 0, 0, 1] 
 0.3019197207678883 

Results
 8 
 [2, 1] 
 [0, 0, 0, 1, 0] 
 0.0035335689045936395 

Results
 8 
 [2, 1] 
 [0, 0, 1, 0, 0] 
 0.9382504288164666 

Results
 8 
 [2, 1] 
 [0, 1, 0, 0, 0] 
 0.9773071104387292 

Results
 8 
 [2, 1] 
 [1, 0, 0, 0, 0] 
 0.3333333333333333 

Results
 8 
 [2, 1] 
 [1, 1, 1, 1, 1] 
 0.5260329190460195 

Results
 8 
 [2, 1, 3] 
 [0, 0, 0, 0, 1] 
 0.5636998254799301 

Results
 8 
 [2, 1, 3] 
 [0, 0, 0, 1, 0] 
 0.7279151943462897 

Results
 8 
 [2, 1, 3] 
 [0, 0, 1, 0, 0] 
 0.9108061749571184 

Results
 8 
 [2, 1, 3] 
 [0, 1, 0, 0, 0] 
 0.9742813918305597 

Results
 8 
 [2, 1, 3] 
 [1, 0, 0, 0, 0] 
 0.6986531986531986 

Results
 8 
 [2, 1, 3] 
 [1, 1, 1, 1, 1] 
 0.7809875713805845 

Results
 8 
 [2, 1, 3, 0] 
 [0, 0, 0, 0, 1] 
 0.5479930191972077 

Results
 8 
 [2, 1, 3, 0] 
 [0, 0, 0, 1, 0] 
 0.8551236749116607 

Results
 8 
 [2, 1, 3, 0] 
 [0, 0, 1, 0, 0] 
 0.8524871355060034 

Results
 8 
 [2, 1, 3, 0] 
 [0, 1, 0, 0, 0] 
 0.9319213313161876 

Results
 8 
 [2, 1, 3, 0] 
 [1, 0, 0, 0, 0] 
 0.9124579124579124 

Results
 8 
 [2, 1, 3, 0] 
 [1, 1, 1, 1, 1] 
 0.8239838763856231 

Results
 8 
 [2, 1, 3, 0, 4] 
 [0, 0, 0, 0, 1] 
 0.8359511343804538 

Results
 8 
 [2, 1, 3, 0, 4] 
 [0, 0, 0, 1, 0] 
 0.8003533568904594 

Results
 8 
 [2, 1, 3, 0, 4] 
 [0, 0, 1, 0, 0] 
 0.8747855917667239 

Results
 8 
 [2, 1, 3, 0, 4] 
 [0, 1, 0, 0, 0] 
 0.924357034795764 

Results
 8 
 [2, 1, 3, 0, 4] 
 [1, 0, 0, 0, 0] 
 0.8518518518518519 

Results
 8 
 [2, 1, 3, 0, 4] 
 [1, 1, 1, 1, 1] 
 0.8595901914679207 

Results
 9 
 [1] 
 [0, 0, 0, 0, 1] 
 0.09598603839441536 

Results
 9 
 [1] 
 [0, 0, 0, 1, 0] 
 0.0017667844522968198 

Results
 9 
 [1] 
 [0, 0, 1, 0, 0] 
 0.4631217838765009 

Results
 9 
 [1] 
 [0, 1, 0, 0, 0] 
 0.9909228441754917 

Results
 9 
 [1] 
 [1, 0, 0, 0, 0] 
 0.36363636363636365 

Results
 9 
 [1] 
 [1, 1, 1, 1, 1] 
 0.40208263352368157 

Results
 9 
 [1, 0] 
 [0, 0, 0, 0, 1] 
 0.30715532286212915 

Results
 9 
 [1, 0] 
 [0, 0, 0, 1, 0] 
 0.6537102473498233 

Results
 9 
 [1, 0] 
 [0, 0, 1, 0, 0] 
 0.5145797598627787 

Results
 9 
 [1, 0] 
 [0, 1, 0, 0, 0] 
 0.9697428139183056 

Results
 9 
 [1, 0] 
 [1, 0, 0, 0, 0] 
 0.9124579124579124 

Results
 9 
 [1, 0] 
 [1, 1, 1, 1, 1] 
 0.6815586160564326 

Results
 9 
 [1, 0, 2] 
 [0, 0, 0, 0, 1] 
 0.38219895287958117 

Results
 9 
 [1, 0, 2] 
 [0, 0, 0, 1, 0] 
 0.2879858657243816 

Results
 9 
 [1, 0, 2] 
 [0, 0, 1, 0, 0] 
 0.9365351629502573 

Results
 9 
 [1, 0, 2] 
 [0, 1, 0, 0, 0] 
 0.9863842662632375 

Results
 9 
 [1, 0, 2] 
 [1, 0, 0, 0, 0] 
 0.8114478114478114 

Results
 9 
 [1, 0, 2] 
 [1, 1, 1, 1, 1] 
 0.6926436009405442 

Results
 9 
 [1, 0, 2, 3] 
 [0, 0, 0, 0, 1] 
 0.5724258289703316 

Results
 9 
 [1, 0, 2, 3] 
 [0, 0, 0, 1, 0] 
 0.8816254416961131 

Results
 9 
 [1, 0, 2, 3] 
 [0, 0, 1, 0, 0] 
 0.8730703259005146 

Results
 9 
 [1, 0, 2, 3] 
 [0, 1, 0, 0, 0] 
 0.9500756429652042 

Results
 9 
 [1, 0, 2, 3] 
 [1, 0, 0, 0, 0] 
 0.9158249158249159 

Results
 9 
 [1, 0, 2, 3] 
 [1, 1, 1, 1, 1] 
 0.8424588511924757 

Results
 9 
 [1, 0, 2, 3, 4] 
 [0, 0, 0, 0, 1] 
 0.8778359511343804 

Results
 9 
 [1, 0, 2, 3, 4] 
 [0, 0, 0, 1, 0] 
 0.8268551236749117 

Results
 9 
 [1, 0, 2, 3, 4] 
 [0, 0, 1, 0, 0] 
 0.8919382504288165 

Results
 9 
 [1, 0, 2, 3, 4] 
 [0, 1, 0, 0, 0] 
 0.9258698940998488 

Results
 9 
 [1, 0, 2, 3, 4] 
 [1, 0, 0, 0, 0] 
 0.8316498316498316 

Results
 9 
 [1, 0, 2, 3, 4] 
 [1, 1, 1, 1, 1] 
 0.8723547195162916 

Results
 10 
 [0] 
 [0, 0, 0, 0, 1] 
 0.19720767888307156 

Results
 10 
 [0] 
 [0, 0, 0, 1, 0] 
 0.5406360424028268 

Results
 10 
 [0] 
 [0, 0, 1, 0, 0] 
 0.0017152658662092624 

Results
 10 
 [0] 
 [0, 1, 0, 0, 0] 
 0.3161875945537065 

Results
 10 
 [0] 
 [1, 0, 0, 0, 0] 
 0.9848484848484849 

Results
 10 
 [0] 
 [1, 1, 1, 1, 1] 
 0.40779308028216327 

Results
 10 
 [0, 2] 
 [0, 0, 0, 0, 1] 
 0.47643979057591623 

Results
 10 
 [0, 2] 
 [0, 0, 0, 1, 0] 
 0.5017667844522968 

Results
 10 
 [0, 2] 
 [0, 0, 1, 0, 0] 
 0.9451114922813036 

Results
 10 
 [0, 2] 
 [0, 1, 0, 0, 0] 
 0.8154311649016641 

Results
 10 
 [0, 2] 
 [1, 0, 0, 0, 0] 
 0.9393939393939394 

Results
 10 
 [0, 2] 
 [1, 1, 1, 1, 1] 
 0.7406785354383608 

Results
 10 
 [0, 2, 3] 
 [0, 0, 0, 0, 1] 
 0.6090750436300174 

Results
 10 
 [0, 2, 3] 
 [0, 0, 0, 1, 0] 
 0.9399293286219081 

Results
 10 
 [0, 2, 3] 
 [0, 0, 1, 0, 0] 
 0.8181818181818182 

Results
 10 
 [0, 2, 3] 
 [0, 1, 0, 0, 0] 
 0.7019667170953101 

Results
 10 
 [0, 2, 3] 
 [1, 0, 0, 0, 0] 
 0.9663299663299664 

Results
 10 
 [0, 2, 3] 
 [1, 1, 1, 1, 1] 
 0.8048370843130669 

Results
 10 
 [0, 2, 3, 1] 
 [0, 0, 0, 0, 1] 
 0.5602094240837696 

Results
 10 
 [0, 2, 3, 1] 
 [0, 0, 0, 1, 0] 
 0.8869257950530035 

Results
 10 
 [0, 2, 3, 1] 
 [0, 0, 1, 0, 0] 
 0.8833619210977701 

Results
 10 
 [0, 2, 3, 1] 
 [0, 1, 0, 0, 0] 
 0.9364599092284418 

Results
 10 
 [0, 2, 3, 1] 
 [1, 0, 0, 0, 0] 
 0.9427609427609428 

Results
 10 
 [0, 2, 3, 1] 
 [1, 1, 1, 1, 1] 
 0.8454820288881424 

Results
 10 
 [0, 2, 3, 1, 4] 
 [0, 0, 0, 0, 1] 
 0.8691099476439791 

Results
 10 
 [0, 2, 3, 1, 4] 
 [0, 0, 0, 1, 0] 
 0.8409893992932862 

Results
 10 
 [0, 2, 3, 1, 4] 
 [0, 0, 1, 0, 0] 
 0.8987993138936535 

Results
 10 
 [0, 2, 3, 1, 4] 
 [0, 1, 0, 0, 0] 
 0.9288956127080181 

Results
 10 
 [0, 2, 3, 1, 4] 
 [1, 0, 0, 0, 0] 
 0.898989898989899 

Results
 10 
 [0, 2, 3, 1, 4] 
 [1, 1, 1, 1, 1] 
 0.8888142425260329 

Results
 11 
 [1] 
 [0, 0, 0, 0, 1] 
 0.055846422338568937 

Results
 11 
 [1] 
 [0, 0, 0, 1, 0] 
 0.0 

Results
 11 
 [1] 
 [0, 0, 1, 0, 0] 
 0.3979416809605489 

Results
 11 
 [1] 
 [0, 1, 0, 0, 0] 
 0.9924357034795764 

Results
 11 
 [1] 
 [1, 0, 0, 0, 0] 
 0.3720538720538721 

Results
 11 
 [1] 
 [1, 1, 1, 1, 1] 
 0.3832717500839772 

Results
 11 
 [1, 4] 
 [0, 0, 0, 0, 1] 
 0.9650959860383944 

Results
 11 
 [1, 4] 
 [0, 0, 0, 1, 0] 
 0.450530035335689 

Results
 11 
 [1, 4] 
 [0, 0, 1, 0, 0] 
 0.7427101200686106 

Results
 11 
 [1, 4] 
 [0, 1, 0, 0, 0] 
 0.9379727685325264 

Results
 11 
 [1, 4] 
 [1, 0, 0, 0, 0] 
 0.5707070707070707 

Results
 11 
 [1, 4] 
 [1, 1, 1, 1, 1] 
 0.7389989922741015 

Results
 11 
 [1, 4, 3] 
 [0, 0, 0, 0, 1] 
 0.9616055846422339 

Results
 11 
 [1, 4, 3] 
 [0, 0, 0, 1, 0] 
 0.8939929328621908 

Results
 11 
 [1, 4, 3] 
 [0, 0, 1, 0, 0] 
 0.5077186963979416 

Results
 11 
 [1, 4, 3] 
 [0, 1, 0, 0, 0] 
 0.8018154311649016 

Results
 11 
 [1, 4, 3] 
 [1, 0, 0, 0, 0] 
 0.7845117845117845 

Results
 11 
 [1, 4, 3] 
 [1, 1, 1, 1, 1] 
 0.7890493785690292 

Results
 11 
 [1, 4, 3, 2] 
 [0, 0, 0, 0, 1] 
 0.9075043630017452 

Results
 11 
 [1, 4, 3, 2] 
 [0, 0, 0, 1, 0] 
 0.7473498233215548 

Results
 11 
 [1, 4, 3, 2] 
 [0, 0, 1, 0, 0] 
 0.9313893653516295 

Results
 11 
 [1, 4, 3, 2] 
 [0, 1, 0, 0, 0] 
 0.9576399394856279 

Results
 11 
 [1, 4, 3, 2] 
 [1, 0, 0, 0, 0] 
 0.7003367003367004 

Results
 11 
 [1, 4, 3, 2] 
 [1, 1, 1, 1, 1] 
 0.851528384279476 

Results
 11 
 [1, 4, 3, 2, 0] 
 [0, 0, 0, 0, 1] 
 0.912739965095986 

Results
 11 
 [1, 4, 3, 2, 0] 
 [0, 0, 0, 1, 0] 
 0.8533568904593639 

Results
 11 
 [1, 4, 3, 2, 0] 
 [0, 0, 1, 0, 0] 
 0.9056603773584906 

Results
 11 
 [1, 4, 3, 2, 0] 
 [0, 1, 0, 0, 0] 
 0.9394856278366112 

Results
 11 
 [1, 4, 3, 2, 0] 
 [1, 0, 0, 0, 0] 
 0.8939393939393939 

Results
 11 
 [1, 4, 3, 2, 0] 
 [1, 1, 1, 1, 1] 
 0.9022505878401075 

Results
 12 
 [3] 
 [0, 0, 0, 0, 1] 
 0.3472949389179756 

Results
 12 
 [3] 
 [0, 0, 0, 1, 0] 
 0.9681978798586572 

Results
 12 
 [3] 
 [0, 0, 1, 0, 0] 
 0.0 

Results
 12 
 [3] 
 [0, 1, 0, 0, 0] 
 0.15431164901664146 

Results
 12 
 [3] 
 [1, 0, 0, 0, 0] 
 0.5370370370370371 

Results
 12 
 [3] 
 [1, 1, 1, 1, 1] 
 0.3923412831709775 

Results
 12 
 [3, 4] 
 [0, 0, 0, 0, 1] 
 0.9755671902268761 

Results
 12 
 [3, 4] 
 [0, 0, 0, 1, 0] 
 0.941696113074205 

Results
 12 
 [3, 4] 
 [0, 0, 1, 0, 0] 
 0.30874785591766724 

Results
 12 
 [3, 4] 
 [0, 1, 0, 0, 0] 
 0.3207261724659607 

Results
 12 
 [3, 4] 
 [1, 0, 0, 0, 0] 
 0.7525252525252525 

Results
 12 
 [3, 4] 
 [1, 1, 1, 1, 1] 
 0.6486395700369499 

Results
 12 
 [3, 4, 1] 
 [0, 0, 0, 0, 1] 
 0.9650959860383944 

Results
 12 
 [3, 4, 1] 
 [0, 0, 0, 1, 0] 
 0.9240282685512368 

Results
 12 
 [3, 4, 1] 
 [0, 0, 1, 0, 0] 
 0.6329331046312179 

Results
 12 
 [3, 4, 1] 
 [0, 1, 0, 0, 0] 
 0.8169440242057489 

Results
 12 
 [3, 4, 1] 
 [1, 0, 0, 0, 0] 
 0.8434343434343434 

Results
 12 
 [3, 4, 1] 
 [1, 1, 1, 1, 1] 
 0.8350688612697347 

Results
 12 
 [3, 4, 1, 2] 
 [0, 0, 0, 0, 1] 
 0.9267015706806283 

Results
 12 
 [3, 4, 1, 2] 
 [0, 0, 0, 1, 0] 
 0.7985865724381626 

Results
 12 
 [3, 4, 1, 2] 
 [0, 0, 1, 0, 0] 
 0.9296740994854202 

Results
 12 
 [3, 4, 1, 2] 
 [0, 1, 0, 0, 0] 
 0.9455370650529501 

Results
 12 
 [3, 4, 1, 2] 
 [1, 0, 0, 0, 0] 
 0.7861952861952862 

Results
 12 
 [3, 4, 1, 2] 
 [1, 1, 1, 1, 1] 
 0.8790728921733288 

Results
 12 
 [3, 4, 1, 2, 0] 
 [0, 0, 0, 0, 1] 
 0.9109947643979057 

Results
 12 
 [3, 4, 1, 2, 0] 
 [0, 0, 0, 1, 0] 
 0.8851590106007067 

Results
 12 
 [3, 4, 1, 2, 0] 
 [0, 0, 1, 0, 0] 
 0.9056603773584906 

Results
 12 
 [3, 4, 1, 2, 0] 
 [0, 1, 0, 0, 0] 
 0.913767019667171 

Results
 12 
 [3, 4, 1, 2, 0] 
 [1, 0, 0, 0, 0] 
 0.9225589225589226 

Results
 12 
 [3, 4, 1, 2, 0] 
 [1, 1, 1, 1, 1] 
 0.9079610345985892 

Results
 13 
 [0] 
 [0, 0, 0, 0, 1] 
 0.2094240837696335 

Results
 13 
 [0] 
 [0, 0, 0, 1, 0] 
 0.5936395759717314 

Results
 13 
 [0] 
 [0, 0, 1, 0, 0] 
 0.06689536878216124 

Results
 13 
 [0] 
 [0, 1, 0, 0, 0] 
 0.3071104387291982 

Results
 13 
 [0] 
 [1, 0, 0, 0, 0] 
 0.9932659932659933 

Results
 13 
 [0] 
 [1, 1, 1, 1, 1] 
 0.43265031911320123 

Results
 13 
 [0, 4] 
 [0, 0, 0, 0, 1] 
 0.9790575916230366 

Results
 13 
 [0, 4] 
 [0, 0, 0, 1, 0] 
 0.8180212014134276 

Results
 13 
 [0, 4] 
 [0, 0, 1, 0, 0] 
 0.5008576329331046 

Results
 13 
 [0, 4] 
 [0, 1, 0, 0, 0] 
 0.44780635400907715 

Results
 13 
 [0, 4] 
 [1, 0, 0, 0, 0] 
 0.9595959595959596 

Results
 13 
 [0, 4] 
 [1, 1, 1, 1, 1] 
 0.7329526368827679 

Results
 13 
 [0, 4, 2] 
 [0, 0, 0, 0, 1] 
 0.9738219895287958 

Results
 13 
 [0, 4, 2] 
 [0, 0, 0, 1, 0] 
 0.5954063604240283 

Results
 13 
 [0, 4, 2] 
 [0, 0, 1, 0, 0] 
 0.9159519725557461 

Results
 13 
 [0, 4, 2] 
 [0, 1, 0, 0, 0] 
 0.7639939485627837 

Results
 13 
 [0, 4, 2] 
 [1, 0, 0, 0, 0] 
 0.8114478114478114 

Results
 13 
 [0, 4, 2] 
 [1, 1, 1, 1, 1] 
 0.8115552569701041 

Results
 13 
 [0, 4, 2, 1] 
 [0, 0, 0, 0, 1] 
 0.8865619546247818 

Results
 13 
 [0, 4, 2, 1] 
 [0, 0, 0, 1, 0] 
 0.598939929328622 

Results
 13 
 [0, 4, 2, 1] 
 [0, 0, 1, 0, 0] 
 0.9382504288164666 

Results
 13 
 [0, 4, 2, 1] 
 [0, 1, 0, 0, 0] 
 0.9485627836611196 

Results
 13 
 [0, 4, 2, 1] 
 [1, 0, 0, 0, 0] 
 0.835016835016835 

Results
 13 
 [0, 4, 2, 1] 
 [1, 1, 1, 1, 1] 
 0.8454820288881424 

Results
 13 
 [0, 4, 2, 1, 3] 
 [0, 0, 0, 0, 1] 
 0.9424083769633508 

Results
 13 
 [0, 4, 2, 1, 3] 
 [0, 0, 0, 1, 0] 
 0.8816254416961131 

Results
 13 
 [0, 4, 2, 1, 3] 
 [0, 0, 1, 0, 0] 
 0.9090909090909091 

Results
 13 
 [0, 4, 2, 1, 3] 
 [0, 1, 0, 0, 0] 
 0.9062027231467473 

Results
 13 
 [0, 4, 2, 1, 3] 
 [1, 0, 0, 0, 0] 
 0.9090909090909091 

Results
 13 
 [0, 4, 2, 1, 3] 
 [1, 1, 1, 1, 1] 
 0.9096405777628485 

Results
 14 
 [0] 
 [0, 0, 0, 0, 1] 
 0.2286212914485166 

Results
 14 
 [0] 
 [0, 0, 0, 1, 0] 
 0.5565371024734982 

Results
 14 
 [0] 
 [0, 0, 1, 0, 0] 
 0.12178387650085763 

Results
 14 
 [0] 
 [0, 1, 0, 0, 0] 
 0.3600605143721634 

Results
 14 
 [0] 
 [1, 0, 0, 0, 0] 
 0.9797979797979798 

Results
 14 
 [0] 
 [1, 1, 1, 1, 1] 
 0.4491098421229426 

Results
 14 
 [0, 4] 
 [0, 0, 0, 0, 1] 
 0.9808027923211169 

Results
 14 
 [0, 4] 
 [0, 0, 0, 1, 0] 
 0.7667844522968198 

Results
 14 
 [0, 4] 
 [0, 0, 1, 0, 0] 
 0.5145797598627787 

Results
 14 
 [0, 4] 
 [0, 1, 0, 0, 0] 
 0.5279878971255674 

Results
 14 
 [0, 4] 
 [1, 0, 0, 0, 0] 
 0.9427609427609428 

Results
 14 
 [0, 4] 
 [1, 1, 1, 1, 1] 
 0.7406785354383608 

Results
 14 
 [0, 4, 1] 
 [0, 0, 0, 0, 1] 
 0.9267015706806283 

Results
 14 
 [0, 4, 1] 
 [0, 0, 0, 1, 0] 
 0.765017667844523 

Results
 14 
 [0, 4, 1] 
 [0, 0, 1, 0, 0] 
 0.8130360205831904 

Results
 14 
 [0, 4, 1] 
 [0, 1, 0, 0, 0] 
 0.9258698940998488 

Results
 14 
 [0, 4, 1] 
 [1, 0, 0, 0, 0] 
 0.9158249158249159 

Results
 14 
 [0, 4, 1] 
 [1, 1, 1, 1, 1] 
 0.8713469936177359 

Results
 14 
 [0, 4, 1, 3] 
 [0, 0, 0, 0, 1] 
 0.9389179755671903 

Results
 14 
 [0, 4, 1, 3] 
 [0, 0, 0, 1, 0] 
 0.931095406360424 

Results
 14 
 [0, 4, 1, 3] 
 [0, 0, 1, 0, 0] 
 0.7101200686106347 

Results
 14 
 [0, 4, 1, 3] 
 [0, 1, 0, 0, 0] 
 0.8441754916792739 

Results
 14 
 [0, 4, 1, 3] 
 [1, 0, 0, 0, 0] 
 0.9461279461279462 

Results
 14 
 [0, 4, 1, 3] 
 [1, 1, 1, 1, 1] 
 0.8730265367819953 

Results
 14 
 [0, 4, 1, 3, 2] 
 [0, 0, 0, 0, 1] 
 0.9109947643979057 

Results
 14 
 [0, 4, 1, 3, 2] 
 [0, 0, 0, 1, 0] 
 0.8551236749116607 

Results
 14 
 [0, 4, 1, 3, 2] 
 [0, 0, 1, 0, 0] 
 0.9228130360205832 

Results
 14 
 [0, 4, 1, 3, 2] 
 [0, 1, 0, 0, 0] 
 0.9319213313161876 

Results
 14 
 [0, 4, 1, 3, 2] 
 [1, 0, 0, 0, 0] 
 0.9141414141414141 

Results
 14 
 [0, 4, 1, 3, 2] 
 [1, 1, 1, 1, 1] 
 0.9079610345985892 

Results
 15 
 [4] 
 [0, 0, 0, 0, 1] 
 0.987783595113438 

Results
 15 
 [4] 
 [0, 0, 0, 1, 0] 
 0.36042402826855124 

Results
 15 
 [4] 
 [0, 0, 1, 0, 0] 
 0.548885077186964 

Results
 15 
 [4] 
 [0, 1, 0, 0, 0] 
 0.29046898638426627 

Results
 15 
 [4] 
 [1, 0, 0, 0, 0] 
 0.17003367003367004 

Results
 15 
 [4] 
 [1, 1, 1, 1, 1] 
 0.4645616392341283 

Results
 15 
 [4, 1] 
 [0, 0, 0, 0, 1] 
 0.9476439790575916 

Results
 15 
 [4, 1] 
 [0, 0, 0, 1, 0] 
 0.5282685512367491 

Results
 15 
 [4, 1] 
 [0, 0, 1, 0, 0] 
 0.8593481989708405 

Results
 15 
 [4, 1] 
 [0, 1, 0, 0, 0] 
 0.9636913767019667 

Results
 15 
 [4, 1] 
 [1, 0, 0, 0, 0] 
 0.7087542087542088 

Results
 15 
 [4, 1] 
 [1, 1, 1, 1, 1] 
 0.8065166274773262 

Results
 15 
 [4, 1, 3] 
 [0, 0, 0, 0, 1] 
 0.9720767888307156 

Results
 15 
 [4, 1, 3] 
 [0, 0, 0, 1, 0] 
 0.9222614840989399 

Results
 15 
 [4, 1, 3] 
 [0, 0, 1, 0, 0] 
 0.7478559176672385 

Results
 15 
 [4, 1, 3] 
 [0, 1, 0, 0, 0] 
 0.9062027231467473 

Results
 15 
 [4, 1, 3] 
 [1, 0, 0, 0, 0] 
 0.8821548821548821 

Results
 15 
 [4, 1, 3] 
 [1, 1, 1, 1, 1] 
 0.886126973463218 

Results
 15 
 [4, 1, 3, 0] 
 [0, 0, 0, 0, 1] 
 0.9336823734729494 

Results
 15 
 [4, 1, 3, 0] 
 [0, 0, 0, 1, 0] 
 0.9346289752650176 

Results
 15 
 [4, 1, 3, 0] 
 [0, 0, 1, 0, 0] 
 0.7375643224699828 

Results
 15 
 [4, 1, 3, 0] 
 [0, 1, 0, 0, 0] 
 0.8880484114977307 

Results
 15 
 [4, 1, 3, 0] 
 [1, 0, 0, 0, 0] 
 0.9579124579124579 

Results
 15 
 [4, 1, 3, 0] 
 [1, 1, 1, 1, 1] 
 0.8901578770574404 

Results
 15 
 [4, 1, 3, 0, 2] 
 [0, 0, 0, 0, 1] 
 0.900523560209424 

Results
 15 
 [4, 1, 3, 0, 2] 
 [0, 0, 0, 1, 0] 
 0.8745583038869258 

Results
 15 
 [4, 1, 3, 0, 2] 
 [0, 0, 1, 0, 0] 
 0.9210977701543739 

Results
 15 
 [4, 1, 3, 0, 2] 
 [0, 1, 0, 0, 0] 
 0.9409984871406959 

Results
 15 
 [4, 1, 3, 0, 2] 
 [1, 0, 0, 0, 0] 
 0.930976430976431 

Results
 15 
 [4, 1, 3, 0, 2] 
 [1, 1, 1, 1, 1] 
 0.9146792072556265 

Results
 16 
 [1] 
 [0, 0, 0, 0, 1] 
 0.17452006980802792 

Results
 16 
 [1] 
 [0, 0, 0, 1, 0] 
 0.20848056537102475 

Results
 16 
 [1] 
 [0, 0, 1, 0, 0] 
 0.5626072041166381 

Results
 16 
 [1] 
 [0, 1, 0, 0, 0] 
 0.9924357034795764 

Results
 16 
 [1] 
 [1, 0, 0, 0, 0] 
 0.5454545454545454 

Results
 16 
 [1] 
 [1, 1, 1, 1, 1] 
 0.5125965737319449 

Results
 16 
 [1, 0] 
 [0, 0, 0, 0, 1] 
 0.38917975567190227 

Results
 16 
 [1, 0] 
 [0, 0, 0, 1, 0] 
 0.7791519434628975 

Results
 16 
 [1, 0] 
 [0, 0, 1, 0, 0] 
 0.660377358490566 

Results
 16 
 [1, 0] 
 [0, 1, 0, 0, 0] 
 0.9652042360060514 

Results
 16 
 [1, 0] 
 [1, 0, 0, 0, 0] 
 0.9461279461279462 

Results
 16 
 [1, 0] 
 [1, 1, 1, 1, 1] 
 0.7554585152838428 

Results
 16 
 [1, 0, 2] 
 [0, 0, 0, 0, 1] 
 0.40663176265270506 

Results
 16 
 [1, 0, 2] 
 [0, 0, 0, 1, 0] 
 0.5477031802120141 

Results
 16 
 [1, 0, 2] 
 [0, 0, 1, 0, 0] 
 0.9416809605488851 

Results
 16 
 [1, 0, 2] 
 [0, 1, 0, 0, 0] 
 0.9803328290468987 

Results
 16 
 [1, 0, 2] 
 [1, 0, 0, 0, 0] 
 0.9074074074074074 

Results
 16 
 [1, 0, 2] 
 [1, 1, 1, 1, 1] 
 0.7655357742693987 

Results
 16 
 [1, 0, 2, 3] 
 [0, 0, 0, 0, 1] 
 0.6055846422338569 

Results
 16 
 [1, 0, 2, 3] 
 [0, 0, 0, 1, 0] 
 0.9063604240282686 

Results
 16 
 [1, 0, 2, 3] 
 [0, 0, 1, 0, 0] 
 0.8970840480274442 

Results
 16 
 [1, 0, 2, 3] 
 [0, 1, 0, 0, 0] 
 0.9425113464447806 

Results
 16 
 [1, 0, 2, 3] 
 [1, 0, 0, 0, 0] 
 0.9528619528619529 

Results
 16 
 [1, 0, 2, 3] 
 [1, 1, 1, 1, 1] 
 0.863957003694995 

Results
 16 
 [1, 0, 2, 3, 4] 
 [0, 0, 0, 0, 1] 
 0.9354275741710296 

Results
 16 
 [1, 0, 2, 3, 4] 
 [0, 0, 0, 1, 0] 
 0.8869257950530035 

Results
 16 
 [1, 0, 2, 3, 4] 
 [0, 0, 1, 0, 0] 
 0.9125214408233276 

Results
 16 
 [1, 0, 2, 3, 4] 
 [0, 1, 0, 0, 0] 
 0.9379727685325264 

Results
 16 
 [1, 0, 2, 3, 4] 
 [1, 0, 0, 0, 0] 
 0.9410774410774411 

Results
 16 
 [1, 0, 2, 3, 4] 
 [1, 1, 1, 1, 1] 
 0.923412831709775 

Results
 17 
 [4] 
 [0, 0, 0, 0, 1] 
 0.9930191972076788 

Results
 17 
 [4] 
 [0, 0, 0, 1, 0] 
 0.3763250883392226 

Results
 17 
 [4] 
 [0, 0, 1, 0, 0] 
 0.42538593481989706 

Results
 17 
 [4] 
 [0, 1, 0, 0, 0] 
 0.2042360060514372 

Results
 17 
 [4] 
 [1, 0, 0, 0, 0] 
 0.22895622895622897 

Results
 17 
 [4] 
 [1, 1, 1, 1, 1] 
 0.4370171313402754 

Results
 17 
 [4, 3] 
 [0, 0, 0, 0, 1] 
 0.987783595113438 

Results
 17 
 [4, 3] 
 [0, 0, 0, 1, 0] 
 0.9469964664310954 

Results
 17 
 [4, 3] 
 [0, 0, 1, 0, 0] 
 0.27958833619210977 

Results
 17 
 [4, 3] 
 [0, 1, 0, 0, 0] 
 0.4281391830559758 

Results
 17 
 [4, 3] 
 [1, 0, 0, 0, 0] 
 0.835016835016835 

Results
 17 
 [4, 3] 
 [1, 1, 1, 1, 1] 
 0.6865972455492106 

Results
 17 
 [4, 3, 2] 
 [0, 0, 0, 0, 1] 
 0.9808027923211169 

Results
 17 
 [4, 3, 2] 
 [0, 0, 0, 1, 0] 
 0.8515901060070671 

Results
 17 
 [4, 3, 2] 
 [0, 0, 1, 0, 0] 
 0.8576329331046312 

Results
 17 
 [4, 3, 2] 
 [0, 1, 0, 0, 0] 
 0.7655068078668684 

Results
 17 
 [4, 3, 2] 
 [1, 0, 0, 0, 0] 
 0.7878787878787878 

Results
 17 
 [4, 3, 2] 
 [1, 1, 1, 1, 1] 
 0.8458179375209943 

Results
 17 
 [4, 3, 2, 0] 
 [0, 0, 0, 0, 1] 
 0.9703315881326352 

Results
 17 
 [4, 3, 2, 0] 
 [0, 0, 0, 1, 0] 
 0.911660777385159 

Results
 17 
 [4, 3, 2, 0] 
 [0, 0, 1, 0, 0] 
 0.8524871355060034 

Results
 17 
 [4, 3, 2, 0] 
 [0, 1, 0, 0, 0] 
 0.81089258698941 

Results
 17 
 [4, 3, 2, 0] 
 [1, 0, 0, 0, 0] 
 0.9595959595959596 

Results
 17 
 [4, 3, 2, 0] 
 [1, 1, 1, 1, 1] 
 0.898555592878737 

Results
 17 
 [4, 3, 2, 0, 1] 
 [0, 0, 0, 0, 1] 
 0.9267015706806283 

Results
 17 
 [4, 3, 2, 0, 1] 
 [0, 0, 0, 1, 0] 
 0.9063604240282686 

Results
 17 
 [4, 3, 2, 0, 1] 
 [0, 0, 1, 0, 0] 
 0.9090909090909091 

Results
 17 
 [4, 3, 2, 0, 1] 
 [0, 1, 0, 0, 0] 
 0.9485627836611196 

Results
 17 
 [4, 3, 2, 0, 1] 
 [1, 0, 0, 0, 0] 
 0.9393939393939394 

Results
 17 
 [4, 3, 2, 0, 1] 
 [1, 1, 1, 1, 1] 
 0.9267719180382936 

Results
 18 
 [0] 
 [0, 0, 0, 0, 1] 
 0.3403141361256545 

Results
 18 
 [0] 
 [0, 0, 0, 1, 0] 
 0.726148409893993 

Results
 18 
 [0] 
 [0, 0, 1, 0, 0] 
 0.1320754716981132 

Results
 18 
 [0] 
 [0, 1, 0, 0, 0] 
 0.42208774583963693 

Results
 18 
 [0] 
 [1, 0, 0, 0, 0] 
 0.98989898989899 

Results
 18 
 [0] 
 [1, 1, 1, 1, 1] 
 0.5206583809203896 

Results
 18 
 [0, 3] 
 [0, 0, 0, 0, 1] 
 0.4886561954624782 

Results
 18 
 [0, 3] 
 [0, 0, 0, 1, 0] 
 0.9646643109540636 

Results
 18 
 [0, 3] 
 [0, 0, 1, 0, 0] 
 0.06689536878216124 

Results
 18 
 [0, 3] 
 [0, 1, 0, 0, 0] 
 0.39939485627836613 

Results
 18 
 [0, 3] 
 [1, 0, 0, 0, 0] 
 0.9848484848484849 

Results
 18 
 [0, 3] 
 [1, 1, 1, 1, 1] 
 0.5757473967080954 

Results
 18 
 [0, 3, 1] 
 [0, 0, 0, 0, 1] 
 0.5741710296684118 

Results
 18 
 [0, 3, 1] 
 [0, 0, 0, 1, 0] 
 0.950530035335689 

Results
 18 
 [0, 3, 1] 
 [0, 0, 1, 0, 0] 
 0.5660377358490566 

Results
 18 
 [0, 3, 1] 
 [0, 1, 0, 0, 0] 
 0.9213313161875946 

Results
 18 
 [0, 3, 1] 
 [1, 0, 0, 0, 0] 
 0.9764309764309764 

Results
 18 
 [0, 3, 1] 
 [1, 1, 1, 1, 1] 
 0.8014779979845482 

Results
 18 
 [0, 3, 1, 4] 
 [0, 0, 0, 0, 1] 
 0.9458987783595113 

Results
 18 
 [0, 3, 1, 4] 
 [0, 0, 0, 1, 0] 
 0.9487632508833922 

Results
 18 
 [0, 3, 1, 4] 
 [0, 0, 1, 0, 0] 
 0.6963979416809606 

Results
 18 
 [0, 3, 1, 4] 
 [0, 1, 0, 0, 0] 
 0.8835098335854765 

Results
 18 
 [0, 3, 1, 4] 
 [1, 0, 0, 0, 0] 
 0.9663299663299664 

Results
 18 
 [0, 3, 1, 4] 
 [1, 1, 1, 1, 1] 
 0.8878065166274773 

Results
 18 
 [0, 3, 1, 4, 2] 
 [0, 0, 0, 0, 1] 
 0.9284467713787086 

Results
 18 
 [0, 3, 1, 4, 2] 
 [0, 0, 0, 1, 0] 
 0.8975265017667845 

Results
 18 
 [0, 3, 1, 4, 2] 
 [0, 0, 1, 0, 0] 
 0.9108061749571184 

Results
 18 
 [0, 3, 1, 4, 2] 
 [0, 1, 0, 0, 0] 
 0.9485627836611196 

Results
 18 
 [0, 3, 1, 4, 2] 
 [1, 0, 0, 0, 0] 
 0.9410774410774411 

Results
 18 
 [0, 3, 1, 4, 2] 
 [1, 1, 1, 1, 1] 
 0.9261001007725899 

Results
 19 
 [3] 
 [0, 0, 0, 0, 1] 
 0.44153577661431065 

Results
 19 
 [3] 
 [0, 0, 0, 1, 0] 
 0.9699646643109541 

Results
 19 
 [3] 
 [0, 0, 1, 0, 0] 
 0.005145797598627788 

Results
 19 
 [3] 
 [0, 1, 0, 0, 0] 
 0.25718608169440244 

Results
 19 
 [3] 
 [1, 0, 0, 0, 0] 
 0.6531986531986532 

Results
 19 
 [3] 
 [1, 1, 1, 1, 1] 
 0.457843466577091 

Results
 19 
 [3, 2] 
 [0, 0, 0, 0, 1] 
 0.6910994764397905 

Results
 19 
 [3, 2] 
 [0, 0, 0, 1, 0] 
 0.9169611307420494 

Results
 19 
 [3, 2] 
 [0, 0, 1, 0, 0] 
 0.9382504288164666 

Results
 19 
 [3, 2] 
 [0, 1, 0, 0, 0] 
 0.7700453857791225 

Results
 19 
 [3, 2] 
 [1, 0, 0, 0, 0] 
 0.8164983164983165 

Results
 19 
 [3, 2] 
 [1, 1, 1, 1, 1] 
 0.8249916022841787 

Results
 19 
 [3, 2, 4] 
 [0, 0, 0, 0, 1] 
 0.9895287958115183 

Results
 19 
 [3, 2, 4] 
 [0, 0, 0, 1, 0] 
 0.8480565371024735 

Results
 19 
 [3, 2, 4] 
 [0, 0, 1, 0, 0] 
 0.8644939965694682 

Results
 19 
 [3, 2, 4] 
 [0, 1, 0, 0, 0] 
 0.7473524962178517 

Results
 19 
 [3, 2, 4] 
 [1, 0, 0, 0, 0] 
 0.7323232323232324 

Results
 19 
 [3, 2, 4] 
 [1, 1, 1, 1, 1] 
 0.8330534094726234 

Results
 19 
 [3, 2, 4, 1] 
 [0, 0, 0, 0, 1] 
 0.912739965095986 

Results
 19 
 [3, 2, 4, 1] 
 [0, 0, 0, 1, 0] 
 0.8586572438162544 

Results
 19 
 [3, 2, 4, 1] 
 [0, 0, 1, 0, 0] 
 0.9416809605488851 

Results
 19 
 [3, 2, 4, 1] 
 [0, 1, 0, 0, 0] 
 0.9576399394856279 

Results
 19 
 [3, 2, 4, 1] 
 [1, 0, 0, 0, 0] 
 0.8232323232323232 

Results
 19 
 [3, 2, 4, 1] 
 [1, 1, 1, 1, 1] 
 0.9002351360429963 

Results
 19 
 [3, 2, 4, 1, 0] 
 [0, 0, 0, 0, 1] 
 0.9214659685863874 

Results
 19 
 [3, 2, 4, 1, 0] 
 [0, 0, 0, 1, 0] 
 0.9045936395759717 

Results
 19 
 [3, 2, 4, 1, 0] 
 [0, 0, 1, 0, 0] 
 0.9245283018867925 

Results
 19 
 [3, 2, 4, 1, 0] 
 [0, 1, 0, 0, 0] 
 0.9531013615733737 

Results
 19 
 [3, 2, 4, 1, 0] 
 [1, 0, 0, 0, 0] 
 0.936026936026936 

Results
 19 
 [3, 2, 4, 1, 0] 
 [1, 1, 1, 1, 1] 
 0.9287873698354048 

Results
 20 
 [4] 
 [0, 0, 0, 0, 1] 
 0.9947643979057592 

Results
 20 
 [4] 
 [0, 0, 0, 1, 0] 
 0.35159010600706714 

Results
 20 
 [4] 
 [0, 0, 1, 0, 0] 
 0.4957118353344768 

Results
 20 
 [4] 
 [0, 1, 0, 0, 0] 
 0.22239031770045387 

Results
 20 
 [4] 
 [1, 0, 0, 0, 0] 
 0.15824915824915825 

Results
 20 
 [4] 
 [1, 1, 1, 1, 1] 
 0.4363453140745717 

Results
 20 
 [4, 0] 
 [0, 0, 0, 0, 1] 
 0.9808027923211169 

Results
 20 
 [4, 0] 
 [0, 0, 0, 1, 0] 
 0.8250883392226148 

Results
 20 
 [4, 0] 
 [0, 0, 1, 0, 0] 
 0.5728987993138936 

Results
 20 
 [4, 0] 
 [0, 1, 0, 0, 0] 
 0.5809379727685325 

Results
 20 
 [4, 0] 
 [1, 0, 0, 0, 0] 
 0.9663299663299664 

Results
 20 
 [4, 0] 
 [1, 1, 1, 1, 1] 
 0.779643936849177 

Results
 20 
 [4, 0, 1] 
 [0, 0, 0, 0, 1] 
 0.93717277486911 

Results
 20 
 [4, 0, 1] 
 [0, 0, 0, 1, 0] 
 0.8321554770318021 

Results
 20 
 [4, 0, 1] 
 [0, 0, 1, 0, 0] 
 0.8473413379073756 

Results
 20 
 [4, 0, 1] 
 [0, 1, 0, 0, 0] 
 0.9546142208774584 

Results
 20 
 [4, 0, 1] 
 [1, 0, 0, 0, 0] 
 0.936026936026936 

Results
 20 
 [4, 0, 1] 
 [1, 1, 1, 1, 1] 
 0.903258313738663 

Results
 20 
 [4, 0, 1, 3] 
 [0, 0, 0, 0, 1] 
 0.9319371727748691 

Results
 20 
 [4, 0, 1, 3] 
 [0, 0, 0, 1, 0] 
 0.950530035335689 

Results
 20 
 [4, 0, 1, 3] 
 [0, 0, 1, 0, 0] 
 0.7924528301886793 

Results
 20 
 [4, 0, 1, 3] 
 [0, 1, 0, 0, 0] 
 0.9122541603630863 

Results
 20 
 [4, 0, 1, 3] 
 [1, 0, 0, 0, 0] 
 0.9646464646464646 

Results
 20 
 [4, 0, 1, 3] 
 [1, 1, 1, 1, 1] 
 0.9103123950285522 

Results
 20 
 [4, 0, 1, 3, 2] 
 [0, 0, 0, 0, 1] 
 0.9144851657940664 

Results
 20 
 [4, 0, 1, 3, 2] 
 [0, 0, 0, 1, 0] 
 0.8904593639575972 

Results
 20 
 [4, 0, 1, 3, 2] 
 [0, 0, 1, 0, 0] 
 0.9228130360205832 

Results
 20 
 [4, 0, 1, 3, 2] 
 [0, 1, 0, 0, 0] 
 0.9455370650529501 

Results
 20 
 [4, 0, 1, 3, 2] 
 [1, 0, 0, 0, 0] 
 0.9494949494949495 

Results
 20 
 [4, 0, 1, 3, 2] 
 [1, 1, 1, 1, 1] 
 0.9254282835068861 

Results
 21 
 [1] 
 [0, 0, 0, 0, 1] 
 0.06631762652705062 

Results
 21 
 [1] 
 [0, 0, 0, 1, 0] 
 0.11484098939929328 

Results
 21 
 [1] 
 [0, 0, 1, 0, 0] 
 0.43739279588336194 

Results
 21 
 [1] 
 [0, 1, 0, 0, 0] 
 0.9909228441754917 

Results
 21 
 [1] 
 [1, 0, 0, 0, 0] 
 0.569023569023569 

Results
 21 
 [1] 
 [1, 1, 1, 1, 1] 
 0.45381256298286865 

Results
 21 
 [1, 2] 
 [0, 0, 0, 0, 1] 
 0.3036649214659686 

Results
 21 
 [1, 2] 
 [0, 0, 0, 1, 0] 
 0.1696113074204947 

Results
 21 
 [1, 2] 
 [0, 0, 1, 0, 0] 
 0.9588336192109777 

Results
 21 
 [1, 2] 
 [0, 1, 0, 0, 0] 
 0.9924357034795764 

Results
 21 
 [1, 2] 
 [1, 0, 0, 0, 0] 
 0.7306397306397306 

Results
 21 
 [1, 2] 
 [1, 1, 1, 1, 1] 
 0.6446086664427276 

Results
 21 
 [1, 2, 4] 
 [0, 0, 0, 0, 1] 
 0.8202443280977313 

Results
 21 
 [1, 2, 4] 
 [0, 0, 0, 1, 0] 
 0.41519434628975266 

Results
 21 
 [1, 2, 4] 
 [0, 0, 1, 0, 0] 
 0.9691252144082333 

Results
 21 
 [1, 2, 4] 
 [0, 1, 0, 0, 0] 
 0.9697428139183056 

Results
 21 
 [1, 2, 4] 
 [1, 0, 0, 0, 0] 
 0.7306397306397306 

Results
 21 
 [1, 2, 4] 
 [1, 1, 1, 1, 1] 
 0.7877057440376217 

Results
 21 
 [1, 2, 4, 3] 
 [0, 0, 0, 0, 1] 
 0.9354275741710296 

Results
 21 
 [1, 2, 4, 3] 
 [0, 0, 0, 1, 0] 
 0.8250883392226148 

Results
 21 
 [1, 2, 4, 3] 
 [0, 0, 1, 0, 0] 
 0.9416809605488851 

Results
 21 
 [1, 2, 4, 3] 
 [0, 1, 0, 0, 0] 
 0.9697428139183056 

Results
 21 
 [1, 2, 4, 3] 
 [1, 0, 0, 0, 0] 
 0.8804713804713805 

Results
 21 
 [1, 2, 4, 3] 
 [1, 1, 1, 1, 1] 
 0.9123278468256634 

Results
 21 
 [1, 2, 4, 3, 0] 
 [0, 0, 0, 0, 1] 
 0.924956369982548 

Results
 21 
 [1, 2, 4, 3, 0] 
 [0, 0, 0, 1, 0] 
 0.8939929328621908 

Results
 21 
 [1, 2, 4, 3, 0] 
 [0, 0, 1, 0, 0] 
 0.9159519725557461 

Results
 21 
 [1, 2, 4, 3, 0] 
 [0, 1, 0, 0, 0] 
 0.9531013615733737 

Results
 21 
 [1, 2, 4, 3, 0] 
 [1, 0, 0, 0, 0] 
 0.9478114478114478 

Results
 21 
 [1, 2, 4, 3, 0] 
 [1, 1, 1, 1, 1] 
 0.928115552569701 

Results
 22 
 [4] 
 [0, 0, 0, 0, 1] 
 0.9947643979057592 

Results
 22 
 [4] 
 [0, 0, 0, 1, 0] 
 0.38869257950530034 

Results
 22 
 [4] 
 [0, 0, 1, 0, 0] 
 0.516295025728988 

Results
 22 
 [4] 
 [0, 1, 0, 0, 0] 
 0.24962178517397882 

Results
 22 
 [4] 
 [1, 0, 0, 0, 0] 
 0.1750841750841751 

Results
 22 
 [4] 
 [1, 1, 1, 1, 1] 
 0.45683574067853544 

Results
 22 
 [4, 3] 
 [0, 0, 0, 0, 1] 
 0.9808027923211169 

Results
 22 
 [4, 3] 
 [0, 0, 0, 1, 0] 
 0.9540636042402827 

Results
 22 
 [4, 3] 
 [0, 0, 1, 0, 0] 
 0.38593481989708406 

Results
 22 
 [4, 3] 
 [0, 1, 0, 0, 0] 
 0.4508320726172466 

Results
 22 
 [4, 3] 
 [1, 0, 0, 0, 0] 
 0.7929292929292929 

Results
 22 
 [4, 3] 
 [1, 1, 1, 1, 1] 
 0.7040644944575075 

Results
 22 
 [4, 3, 1] 
 [0, 0, 0, 0, 1] 
 0.9773123909249564 

Results
 22 
 [4, 3, 1] 
 [0, 0, 0, 1, 0] 
 0.9469964664310954 

Results
 22 
 [4, 3, 1] 
 [0, 0, 1, 0, 0] 
 0.7975986277873071 

Results
 22 
 [4, 3, 1] 
 [0, 1, 0, 0, 0] 
 0.897125567322239 

Results
 22 
 [4, 3, 1] 
 [1, 0, 0, 0, 0] 
 0.8787878787878788 

Results
 22 
 [4, 3, 1] 
 [1, 1, 1, 1, 1] 
 0.8988915015115888 

Results
 22 
 [4, 3, 1, 2] 
 [0, 0, 0, 0, 1] 
 0.9319371727748691 

Results
 22 
 [4, 3, 1, 2] 
 [0, 0, 0, 1, 0] 
 0.8462897526501767 

Results
 22 
 [4, 3, 1, 2] 
 [0, 0, 1, 0, 0] 
 0.9451114922813036 

Results
 22 
 [4, 3, 1, 2] 
 [0, 1, 0, 0, 0] 
 0.9440242057488654 

Results
 22 
 [4, 3, 1, 2] 
 [1, 0, 0, 0, 0] 
 0.8282828282828283 

Results
 22 
 [4, 3, 1, 2] 
 [1, 1, 1, 1, 1] 
 0.9002351360429963 

Results
 22 
 [4, 3, 1, 2, 0] 
 [0, 0, 0, 0, 1] 
 0.93717277486911 

Results
 22 
 [4, 3, 1, 2, 0] 
 [0, 0, 0, 1, 0] 
 0.9098939929328622 

Results
 22 
 [4, 3, 1, 2, 0] 
 [0, 0, 1, 0, 0] 
 0.9313893653516295 

Results
 22 
 [4, 3, 1, 2, 0] 
 [0, 1, 0, 0, 0] 
 0.9455370650529501 

Results
 22 
 [4, 3, 1, 2, 0] 
 [1, 0, 0, 0, 0] 
 0.9478114478114478 

Results
 22 
 [4, 3, 1, 2, 0] 
 [1, 1, 1, 1, 1] 
 0.9348337252267384 

Results
 23 
 [1] 
 [0, 0, 0, 0, 1] 
 0.2094240837696335 

Results
 23 
 [1] 
 [0, 0, 0, 1, 0] 
 0.3339222614840989 

Results
 23 
 [1] 
 [0, 0, 1, 0, 0] 
 0.6226415094339622 

Results
 23 
 [1] 
 [0, 1, 0, 0, 0] 
 0.9924357034795764 

Results
 23 
 [1] 
 [1, 0, 0, 0, 0] 
 0.6127946127946128 

Results
 23 
 [1] 
 [1, 1, 1, 1, 1] 
 0.5683574067853544 

Results
 23 
 [1, 2] 
 [0, 0, 0, 0, 1] 
 0.32460732984293195 

Results
 23 
 [1, 2] 
 [0, 0, 0, 1, 0] 
 0.23498233215547704 

Results
 23 
 [1, 2] 
 [0, 0, 1, 0, 0] 
 0.9708404802744426 

Results
 23 
 [1, 2] 
 [0, 1, 0, 0, 0] 
 0.9848714069591528 

Results
 23 
 [1, 2] 
 [1, 0, 0, 0, 0] 
 0.7070707070707071 

Results
 23 
 [1, 2] 
 [1, 1, 1, 1, 1] 
 0.6570372858582466 

Results
 23 
 [1, 2, 0] 
 [0, 0, 0, 0, 1] 
 0.47643979057591623 

Results
 23 
 [1, 2, 0] 
 [0, 0, 0, 1, 0] 
 0.6537102473498233 

Results
 23 
 [1, 2, 0] 
 [0, 0, 1, 0, 0] 
 0.9451114922813036 

Results
 23 
 [1, 2, 0] 
 [0, 1, 0, 0, 0] 
 0.9863842662632375 

Results
 23 
 [1, 2, 0] 
 [1, 0, 0, 0, 0] 
 0.9175084175084175 

Results
 23 
 [1, 2, 0] 
 [1, 1, 1, 1, 1] 
 0.8031575411488076 

Results
 23 
 [1, 2, 0, 3] 
 [0, 0, 0, 0, 1] 
 0.643979057591623 

Results
 23 
 [1, 2, 0, 3] 
 [0, 0, 0, 1, 0] 
 0.9134275618374559 

Results
 23 
 [1, 2, 0, 3] 
 [0, 0, 1, 0, 0] 
 0.9108061749571184 

Results
 23 
 [1, 2, 0, 3] 
 [0, 1, 0, 0, 0] 
 0.9667170953101362 

Results
 23 
 [1, 2, 0, 3] 
 [1, 0, 0, 0, 0] 
 0.9528619528619529 

Results
 23 
 [1, 2, 0, 3] 
 [1, 1, 1, 1, 1] 
 0.8807524353375882 

Results
 23 
 [1, 2, 0, 3, 4] 
 [0, 0, 0, 0, 1] 
 0.9197207678883071 

Results
 23 
 [1, 2, 0, 3, 4] 
 [0, 0, 0, 1, 0] 
 0.9098939929328622 

Results
 23 
 [1, 2, 0, 3, 4] 
 [0, 0, 1, 0, 0] 
 0.9245283018867925 

Results
 23 
 [1, 2, 0, 3, 4] 
 [0, 1, 0, 0, 0] 
 0.9591527987897126 

Results
 23 
 [1, 2, 0, 3, 4] 
 [1, 0, 0, 0, 0] 
 0.9427609427609428 

Results
 23 
 [1, 2, 0, 3, 4] 
 [1, 1, 1, 1, 1] 
 0.9321464561639234 

Results
 24 
 [1] 
 [0, 0, 0, 0, 1] 
 0.16055846422338568 

Results
 24 
 [1] 
 [0, 0, 0, 1, 0] 
 0.25618374558303886 

Results
 24 
 [1] 
 [0, 0, 1, 0, 0] 
 0.5643224699828473 

Results
 24 
 [1] 
 [0, 1, 0, 0, 0] 
 0.9924357034795764 

Results
 24 
 [1] 
 [1, 0, 0, 0, 0] 
 0.5892255892255892 

Results
 24 
 [1] 
 [1, 1, 1, 1, 1] 
 0.5280483708431307 

Results
 24 
 [1, 4] 
 [0, 0, 0, 0, 1] 
 0.956369982547993 

Results
 24 
 [1, 4] 
 [0, 0, 0, 1, 0] 
 0.6236749116607774 

Results
 24 
 [1, 4] 
 [0, 0, 1, 0, 0] 
 0.8627787307032591 

Results
 24 
 [1, 4] 
 [0, 1, 0, 0, 0] 
 0.9652042360060514 

Results
 24 
 [1, 4] 
 [1, 0, 0, 0, 0] 
 0.765993265993266 

Results
 24 
 [1, 4] 
 [1, 1, 1, 1, 1] 
 0.8387638562311052 

Results
 24 
 [1, 4, 2] 
 [0, 0, 0, 0, 1] 
 0.8568935427574171 

Results
 24 
 [1, 4, 2] 
 [0, 0, 0, 1, 0] 
 0.48586572438162545 

Results
 24 
 [1, 4, 2] 
 [0, 0, 1, 0, 0] 
 0.967409948542024 

Results
 24 
 [1, 4, 2] 
 [0, 1, 0, 0, 0] 
 0.9546142208774584 

Results
 24 
 [1, 4, 2] 
 [1, 0, 0, 0, 0] 
 0.7138047138047138 

Results
 24 
 [1, 4, 2] 
 [1, 1, 1, 1, 1] 
 0.8011420893516963 

Results
 24 
 [1, 4, 2, 3] 
 [0, 0, 0, 0, 1] 
 0.9354275741710296 

Results
 24 
 [1, 4, 2, 3] 
 [0, 0, 0, 1, 0] 
 0.8551236749116607 

Results
 24 
 [1, 4, 2, 3] 
 [0, 0, 1, 0, 0] 
 0.9485420240137221 

Results
 24 
 [1, 4, 2, 3] 
 [0, 1, 0, 0, 0] 
 0.9515885022692889 

Results
 24 
 [1, 4, 2, 3] 
 [1, 0, 0, 0, 0] 
 0.8501683501683501 

Results
 24 
 [1, 4, 2, 3] 
 [1, 1, 1, 1, 1] 
 0.9093046691299966 

Results
 24 
 [1, 4, 2, 3, 0] 
 [0, 0, 0, 0, 1] 
 0.9336823734729494 

Results
 24 
 [1, 4, 2, 3, 0] 
 [0, 0, 0, 1, 0] 
 0.9134275618374559 

Results
 24 
 [1, 4, 2, 3, 0] 
 [0, 0, 1, 0, 0] 
 0.934819897084048 

Results
 24 
 [1, 4, 2, 3, 0] 
 [0, 1, 0, 0, 0] 
 0.9440242057488654 

Results
 24 
 [1, 4, 2, 3, 0] 
 [1, 0, 0, 0, 0] 
 0.9478114478114478 

Results
 24 
 [1, 4, 2, 3, 0] 
 [1, 1, 1, 1, 1] 
 0.9351696338595902 

Results
 25 
 [0] 
 [0, 0, 0, 0, 1] 
 0.49912739965095987 

Results
 25 
 [0] 
 [0, 0, 0, 1, 0] 
 0.8303886925795053 

Results
 25 
 [0] 
 [0, 0, 1, 0, 0] 
 0.3996569468267582 

Results
 25 
 [0] 
 [0, 1, 0, 0, 0] 
 0.5340393343419062 

Results
 25 
 [0] 
 [1, 0, 0, 0, 0] 
 0.98989898989899 

Results
 25 
 [0] 
 [1, 1, 1, 1, 1] 
 0.6483036614040981 

Results
 25 
 [0, 2] 
 [0, 0, 0, 0, 1] 
 0.5828970331588132 

Results
 25 
 [0, 2] 
 [0, 0, 0, 1, 0] 
 0.6749116607773852 

Results
 25 
 [0, 2] 
 [0, 0, 1, 0, 0] 
 0.9742710120068611 

Results
 25 
 [0, 2] 
 [0, 1, 0, 0, 0] 
 0.8472012102874432 

Results
 25 
 [0, 2] 
 [1, 0, 0, 0, 0] 
 0.9410774410774411 

Results
 25 
 [0, 2] 
 [1, 1, 1, 1, 1] 
 0.8071884447430299 

Results
 25 
 [0, 2, 1] 
 [0, 0, 0, 0, 1] 
 0.49214659685863876 

Results
 25 
 [0, 2, 1] 
 [0, 0, 0, 1, 0] 
 0.6837455830388692 

Results
 25 
 [0, 2, 1] 
 [0, 0, 1, 0, 0] 
 0.9588336192109777 

Results
 25 
 [0, 2, 1] 
 [0, 1, 0, 0, 0] 
 0.9848714069591528 

Results
 25 
 [0, 2, 1] 
 [1, 0, 0, 0, 0] 
 0.9208754208754208 

Results
 25 
 [0, 2, 1] 
 [1, 1, 1, 1, 1] 
 0.8149143432986228 

Results
 25 
 [0, 2, 1, 3] 
 [0, 0, 0, 0, 1] 
 0.6701570680628273 

Results
 25 
 [0, 2, 1, 3] 
 [0, 0, 0, 1, 0] 
 0.9222614840989399 

Results
 25 
 [0, 2, 1, 3] 
 [0, 0, 1, 0, 0] 
 0.9228130360205832 

Results
 25 
 [0, 2, 1, 3] 
 [0, 1, 0, 0, 0] 
 0.9576399394856279 

Results
 25 
 [0, 2, 1, 3] 
 [1, 0, 0, 0, 0] 
 0.9646464646464646 

Results
 25 
 [0, 2, 1, 3] 
 [1, 1, 1, 1, 1] 
 0.8901578770574404 

Results
 25 
 [0, 2, 1, 3, 4] 
 [0, 0, 0, 0, 1] 
 0.944153577661431 

Results
 25 
 [0, 2, 1, 3, 4] 
 [0, 0, 0, 1, 0] 
 0.9275618374558304 

Results
 25 
 [0, 2, 1, 3, 4] 
 [0, 0, 1, 0, 0] 
 0.934819897084048 

Results
 25 
 [0, 2, 1, 3, 4] 
 [0, 1, 0, 0, 0] 
 0.9500756429652042 

Results
 25 
 [0, 2, 1, 3, 4] 
 [1, 0, 0, 0, 0] 
 0.9511784511784511 

Results
 25 
 [0, 2, 1, 3, 4] 
 [1, 1, 1, 1, 1] 
 0.9418878065166275 

Results
 26 
 [1] 
 [0, 0, 0, 0, 1] 
 0.225130890052356 

Results
 26 
 [1] 
 [0, 0, 0, 1, 0] 
 0.19964664310954064 

Results
 26 
 [1] 
 [0, 0, 1, 0, 0] 
 0.5660377358490566 

Results
 26 
 [1] 
 [0, 1, 0, 0, 0] 
 0.983358547655068 

Results
 26 
 [1] 
 [1, 0, 0, 0, 0] 
 0.6296296296296297 

Results
 26 
 [1] 
 [1, 1, 1, 1, 1] 
 0.5361101780315755 

Results
 26 
 [1, 0] 
 [0, 0, 0, 0, 1] 
 0.4956369982547993 

Results
 26 
 [1, 0] 
 [0, 0, 0, 1, 0] 
 0.833922261484099 

Results
 26 
 [1, 0] 
 [0, 0, 1, 0, 0] 
 0.6792452830188679 

Results
 26 
 [1, 0] 
 [0, 1, 0, 0, 0] 
 0.9697428139183056 

Results
 26 
 [1, 0] 
 [1, 0, 0, 0, 0] 
 0.9663299663299664 

Results
 26 
 [1, 0] 
 [1, 1, 1, 1, 1] 
 0.7950957339603628 

Results
 26 
 [1, 0, 4] 
 [0, 0, 0, 0, 1] 
 0.9633507853403142 

Results
 26 
 [1, 0, 4] 
 [0, 0, 0, 1, 0] 
 0.8604240282685512 

Results
 26 
 [1, 0, 4] 
 [0, 0, 1, 0, 0] 
 0.8456260720411664 

Results
 26 
 [1, 0, 4] 
 [0, 1, 0, 0, 0] 
 0.9470499243570348 

Results
 26 
 [1, 0, 4] 
 [1, 0, 0, 0, 0] 
 0.9579124579124579 

Results
 26 
 [1, 0, 4] 
 [1, 1, 1, 1, 1] 
 0.916022841787034 

Results
 26 
 [1, 0, 4, 3] 
 [0, 0, 0, 0, 1] 
 0.956369982547993 

Results
 26 
 [1, 0, 4, 3] 
 [0, 0, 0, 1, 0] 
 0.9558303886925795 

Results
 26 
 [1, 0, 4, 3] 
 [0, 0, 1, 0, 0] 
 0.7804459691252144 

Results
 26 
 [1, 0, 4, 3] 
 [0, 1, 0, 0, 0] 
 0.9001512859304085 

Results
 26 
 [1, 0, 4, 3] 
 [1, 0, 0, 0, 0] 
 0.9747474747474747 

Results
 26 
 [1, 0, 4, 3] 
 [1, 1, 1, 1, 1] 
 0.9129996640913671 

Results
 26 
 [1, 0, 4, 3, 2] 
 [0, 0, 0, 0, 1] 
 0.956369982547993 

Results
 26 
 [1, 0, 4, 3, 2] 
 [0, 0, 0, 1, 0] 
 0.931095406360424 

Results
 26 
 [1, 0, 4, 3, 2] 
 [0, 0, 1, 0, 0] 
 0.9262435677530018 

Results
 26 
 [1, 0, 4, 3, 2] 
 [0, 1, 0, 0, 0] 
 0.9409984871406959 

Results
 26 
 [1, 0, 4, 3, 2] 
 [1, 0, 0, 0, 0] 
 0.9612794612794613 

Results
 26 
 [1, 0, 4, 3, 2] 
 [1, 1, 1, 1, 1] 
 0.9432314410480349 

Results
 27 
 [0] 
 [0, 0, 0, 0, 1] 
 0.34554973821989526 

Results
 27 
 [0] 
 [0, 0, 0, 1, 0] 
 0.765017667844523 

Results
 27 
 [0] 
 [0, 0, 1, 0, 0] 
 0.23842195540308747 

Results
 27 
 [0] 
 [0, 1, 0, 0, 0] 
 0.4599092284417549 

Results
 27 
 [0] 
 [1, 0, 0, 0, 0] 
 0.9915824915824916 

Results
 27 
 [0] 
 [1, 1, 1, 1, 1] 
 0.5586160564326503 

Results
 27 
 [0, 2] 
 [0, 0, 0, 0, 1] 
 0.5619546247818499 

Results
 27 
 [0, 2] 
 [0, 0, 0, 1, 0] 
 0.696113074204947 

Results
 27 
 [0, 2] 
 [0, 0, 1, 0, 0] 
 0.9691252144082333 

Results
 27 
 [0, 2] 
 [0, 1, 0, 0, 0] 
 0.8502269288956127 

Results
 27 
 [0, 2] 
 [1, 0, 0, 0, 0] 
 0.9478114478114478 

Results
 27 
 [0, 2] 
 [1, 1, 1, 1, 1] 
 0.8081961706415854 

Results
 27 
 [0, 2, 3] 
 [0, 0, 0, 0, 1] 
 0.7713787085514834 

Results
 27 
 [0, 2, 3] 
 [0, 0, 0, 1, 0] 
 0.9611307420494699 

Results
 27 
 [0, 2, 3] 
 [0, 0, 1, 0, 0] 
 0.9056603773584906 

Results
 27 
 [0, 2, 3] 
 [0, 1, 0, 0, 0] 
 0.8396369137670197 

Results
 27 
 [0, 2, 3] 
 [1, 0, 0, 0, 0] 
 0.9831649831649831 

Results
 27 
 [0, 2, 3] 
 [1, 1, 1, 1, 1] 
 0.891165602955996 

Results
 27 
 [0, 2, 3, 1] 
 [0, 0, 0, 0, 1] 
 0.6492146596858639 

Results
 27 
 [0, 2, 3, 1] 
 [0, 0, 0, 1, 0] 
 0.9222614840989399 

Results
 27 
 [0, 2, 3, 1] 
 [0, 0, 1, 0, 0] 
 0.9245283018867925 

Results
 27 
 [0, 2, 3, 1] 
 [0, 1, 0, 0, 0] 
 0.962178517397882 

Results
 27 
 [0, 2, 3, 1] 
 [1, 0, 0, 0, 0] 
 0.9663299663299664 

Results
 27 
 [0, 2, 3, 1] 
 [1, 1, 1, 1, 1] 
 0.8878065166274773 

Results
 27 
 [0, 2, 3, 1, 4] 
 [0, 0, 0, 0, 1] 
 0.9179755671902269 

Results
 27 
 [0, 2, 3, 1, 4] 
 [0, 0, 0, 1, 0] 
 0.9240282685512368 

Results
 27 
 [0, 2, 3, 1, 4] 
 [0, 0, 1, 0, 0] 
 0.9279588336192109 

Results
 27 
 [0, 2, 3, 1, 4] 
 [0, 1, 0, 0, 0] 
 0.9561270801815431 

Results
 27 
 [0, 2, 3, 1, 4] 
 [1, 0, 0, 0, 0] 
 0.9528619528619529 

Results
 27 
 [0, 2, 3, 1, 4] 
 [1, 1, 1, 1, 1] 
 0.9365132683909977 

Results
 28 
 [4] 
 [0, 0, 0, 0, 1] 
 0.9965095986038395 

Results
 28 
 [4] 
 [0, 0, 0, 1, 0] 
 0.4416961130742049 

Results
 28 
 [4] 
 [0, 0, 1, 0, 0] 
 0.483704974271012 

Results
 28 
 [4] 
 [0, 1, 0, 0, 0] 
 0.2314674735249622 

Results
 28 
 [4] 
 [1, 0, 0, 0, 0] 
 0.398989898989899 

Results
 28 
 [4] 
 [1, 1, 1, 1, 1] 
 0.5015115888478334 

Results
 28 
 [4, 2] 
 [0, 0, 0, 0, 1] 
 0.9720767888307156 

Results
 28 
 [4, 2] 
 [0, 0, 0, 1, 0] 
 0.42579505300353354 

Results
 28 
 [4, 2] 
 [0, 0, 1, 0, 0] 
 0.9571183533447685 

Results
 28 
 [4, 2] 
 [0, 1, 0, 0, 0] 
 0.7670196671709532 

Results
 28 
 [4, 2] 
 [1, 0, 0, 0, 0] 
 0.5269360269360269 

Results
 28 
 [4, 2] 
 [1, 1, 1, 1, 1] 
 0.7309371850856567 

Results
 28 
 [4, 2, 1] 
 [0, 0, 0, 0, 1] 
 0.849912739965096 

Results
 28 
 [4, 2, 1] 
 [0, 0, 0, 1, 0] 
 0.5159010600706714 

Results
 28 
 [4, 2, 1] 
 [0, 0, 1, 0, 0] 
 0.9622641509433962 

Results
 28 
 [4, 2, 1] 
 [0, 1, 0, 0, 0] 
 0.9591527987897126 

Results
 28 
 [4, 2, 1] 
 [1, 0, 0, 0, 0] 
 0.7744107744107744 

Results
 28 
 [4, 2, 1] 
 [1, 1, 1, 1, 1] 
 0.8176016123614377 

Results
 28 
 [4, 2, 1, 0] 
 [0, 0, 0, 0, 1] 
 0.8917975567190227 

Results
 28 
 [4, 2, 1, 0] 
 [0, 0, 0, 1, 0] 
 0.7438162544169611 

Results
 28 
 [4, 2, 1, 0] 
 [0, 0, 1, 0, 0] 
 0.9502572898799314 

Results
 28 
 [4, 2, 1, 0] 
 [0, 1, 0, 0, 0] 
 0.9712556732223904 

Results
 28 
 [4, 2, 1, 0] 
 [1, 0, 0, 0, 0] 
 0.9292929292929293 

Results
 28 
 [4, 2, 1, 0] 
 [1, 1, 1, 1, 1] 
 0.9002351360429963 

Results
 28 
 [4, 2, 1, 0, 3] 
 [0, 0, 0, 0, 1] 
 0.9336823734729494 

Results
 28 
 [4, 2, 1, 0, 3] 
 [0, 0, 0, 1, 0] 
 0.9187279151943463 

Results
 28 
 [4, 2, 1, 0, 3] 
 [0, 0, 1, 0, 0] 
 0.9382504288164666 

Results
 28 
 [4, 2, 1, 0, 3] 
 [0, 1, 0, 0, 0] 
 0.9531013615733737 

Results
 28 
 [4, 2, 1, 0, 3] 
 [1, 0, 0, 0, 0] 
 0.9545454545454546 

Results
 28 
 [4, 2, 1, 0, 3] 
 [1, 1, 1, 1, 1] 
 0.9402082633523682 

Results
 29 
 [0] 
 [0, 0, 0, 0, 1] 
 0.5706806282722513 

Results
 29 
 [0] 
 [0, 0, 0, 1, 0] 
 0.8498233215547704 

Results
 29 
 [0] 
 [0, 0, 1, 0, 0] 
 0.37221269296740994 

Results
 29 
 [0] 
 [0, 1, 0, 0, 0] 
 0.5930408472012103 

Results
 29 
 [0] 
 [1, 0, 0, 0, 0] 
 0.9882154882154882 

Results
 29 
 [0] 
 [1, 1, 1, 1, 1] 
 0.6731609002351361 

Results
 29 
 [0, 1] 
 [0, 0, 0, 0, 1] 
 0.4642233856893543 

Results
 29 
 [0, 1] 
 [0, 0, 0, 1, 0] 
 0.8074204946996466 

Results
 29 
 [0, 1] 
 [0, 0, 1, 0, 0] 
 0.6981132075471698 

Results
 29 
 [0, 1] 
 [0, 1, 0, 0, 0] 
 0.9667170953101362 

Results
 29 
 [0, 1] 
 [1, 0, 0, 0, 0] 
 0.9393939393939394 

Results
 29 
 [0, 1] 
 [1, 1, 1, 1, 1] 
 0.7816593886462883 

Results
 29 
 [0, 1, 3] 
 [0, 0, 0, 0, 1] 
 0.7242582897033158 

Results
 29 
 [0, 1, 3] 
 [0, 0, 0, 1, 0] 
 0.9558303886925795 

Results
 29 
 [0, 1, 3] 
 [0, 0, 1, 0, 0] 
 0.6689536878216124 

Results
 29 
 [0, 1, 3] 
 [0, 1, 0, 0, 0] 
 0.9304084720121029 

Results
 29 
 [0, 1, 3] 
 [1, 0, 0, 0, 0] 
 0.9730639730639731 

Results
 29 
 [0, 1, 3] 
 [1, 1, 1, 1, 1] 
 0.8528720188108835 

Results
 29 
 [0, 1, 3, 4] 
 [0, 0, 0, 0, 1] 
 0.9581151832460733 

Results
 29 
 [0, 1, 3, 4] 
 [0, 0, 0, 1, 0] 
 0.9487632508833922 

Results
 29 
 [0, 1, 3, 4] 
 [0, 0, 1, 0, 0] 
 0.7650085763293311 

Results
 29 
 [0, 1, 3, 4] 
 [0, 1, 0, 0, 0] 
 0.8956127080181543 

Results
 29 
 [0, 1, 3, 4] 
 [1, 0, 0, 0, 0] 
 0.9696969696969697 

Results
 29 
 [0, 1, 3, 4] 
 [1, 1, 1, 1, 1] 
 0.9069533087000335 

Results
 29 
 [0, 1, 3, 4, 2] 
 [0, 0, 0, 0, 1] 
 0.9336823734729494 

Results
 29 
 [0, 1, 3, 4, 2] 
 [0, 0, 0, 1, 0] 
 0.9134275618374559 

Results
 29 
 [0, 1, 3, 4, 2] 
 [0, 0, 1, 0, 0] 
 0.9296740994854202 

Results
 29 
 [0, 1, 3, 4, 2] 
 [0, 1, 0, 0, 0] 
 0.9455370650529501 

Results
 29 
 [0, 1, 3, 4, 2] 
 [1, 0, 0, 0, 0] 
 0.9511784511784511 

Results
 29 
 [0, 1, 3, 4, 2] 
 [1, 1, 1, 1, 1] 
 0.9351696338595902 

Results
 30 
 [0] 
 [0, 0, 0, 0, 1] 
 0.5392670157068062 

Results
 30 
 [0] 
 [0, 0, 0, 1, 0] 
 0.8286219081272085 

Results
 30 
 [0] 
 [0, 0, 1, 0, 0] 
 0.4631217838765009 

Results
 30 
 [0] 
 [0, 1, 0, 0, 0] 
 0.6232980332829047 

Results
 30 
 [0] 
 [1, 0, 0, 0, 0] 
 0.9915824915824916 

Results
 30 
 [0] 
 [1, 1, 1, 1, 1] 
 0.68827678871347 

Results
 30 
 [0, 1] 
 [0, 0, 0, 0, 1] 
 0.41710296684118675 

Results
 30 
 [0, 1] 
 [0, 0, 0, 1, 0] 
 0.7685512367491166 

Results
 30 
 [0, 1] 
 [0, 0, 1, 0, 0] 
 0.6878216123499142 

Results
 30 
 [0, 1] 
 [0, 1, 0, 0, 0] 
 0.9712556732223904 

Results
 30 
 [0, 1] 
 [1, 0, 0, 0, 0] 
 0.9326599326599326 

Results
 30 
 [0, 1] 
 [1, 1, 1, 1, 1] 
 0.7628485052065838 

Results
 30 
 [0, 1, 3] 
 [0, 0, 0, 0, 1] 
 0.6858638743455497 

Results
 30 
 [0, 1, 3] 
 [0, 0, 0, 1, 0] 
 0.9575971731448764 

Results
 30 
 [0, 1, 3] 
 [0, 0, 1, 0, 0] 
 0.6672384219554031 

Results
 30 
 [0, 1, 3] 
 [0, 1, 0, 0, 0] 
 0.9409984871406959 

Results
 30 
 [0, 1, 3] 
 [1, 0, 0, 0, 0] 
 0.9781144781144782 

Results
 30 
 [0, 1, 3] 
 [1, 1, 1, 1, 1] 
 0.8488411152166611 

Results
 30 
 [0, 1, 3, 4] 
 [0, 0, 0, 0, 1] 
 0.9650959860383944 

Results
 30 
 [0, 1, 3, 4] 
 [0, 0, 0, 1, 0] 
 0.9469964664310954 

Results
 30 
 [0, 1, 3, 4] 
 [0, 0, 1, 0, 0] 
 0.8061749571183533 

Results
 30 
 [0, 1, 3, 4] 
 [0, 1, 0, 0, 0] 
 0.9152798789712556 

Results
 30 
 [0, 1, 3, 4] 
 [1, 0, 0, 0, 0] 
 0.9663299663299664 

Results
 30 
 [0, 1, 3, 4] 
 [1, 1, 1, 1, 1] 
 0.9197178367484045 

Results
 30 
 [0, 1, 3, 4, 2] 
 [0, 0, 0, 0, 1] 
 0.9232111692844677 

Results
 30 
 [0, 1, 3, 4, 2] 
 [0, 0, 0, 1, 0] 
 0.9028268551236749 

Results
 30 
 [0, 1, 3, 4, 2] 
 [0, 0, 1, 0, 0] 
 0.9399656946826758 

Results
 30 
 [0, 1, 3, 4, 2] 
 [0, 1, 0, 0, 0] 
 0.9576399394856279 

Results
 30 
 [0, 1, 3, 4, 2] 
 [1, 0, 0, 0, 0] 
 0.9444444444444444 

Results
 30 
 [0, 1, 3, 4, 2] 
 [1, 1, 1, 1, 1] 
 0.9344978165938864 

Results
 31 
 [4] 
 [0, 0, 0, 0, 1] 
 0.9947643979057592 

Results
 31 
 [4] 
 [0, 0, 0, 1, 0] 
 0.4469964664310954 

Results
 31 
 [4] 
 [0, 0, 1, 0, 0] 
 0.5523156089193825 

Results
 31 
 [4] 
 [0, 1, 0, 0, 0] 
 0.4114977307110439 

Results
 31 
 [4] 
 [1, 0, 0, 0, 0] 
 0.4107744107744108 

Results
 31 
 [4] 
 [1, 1, 1, 1, 1] 
 0.5579442391669466 

Results
 31 
 [4, 1] 
 [0, 0, 0, 0, 1] 
 0.9650959860383944 

Results
 31 
 [4, 1] 
 [0, 0, 0, 1, 0] 
 0.6802120141342756 

Results
 31 
 [4, 1] 
 [0, 0, 1, 0, 0] 
 0.8456260720411664 

Results
 31 
 [4, 1] 
 [0, 1, 0, 0, 0] 
 0.9561270801815431 

Results
 31 
 [4, 1] 
 [1, 0, 0, 0, 0] 
 0.8198653198653199 

Results
 31 
 [4, 1] 
 [1, 1, 1, 1, 1] 
 0.856567013772254 

Results
 31 
 [4, 1, 2] 
 [0, 0, 0, 0, 1] 
 0.8481675392670157 

Results
 31 
 [4, 1, 2] 
 [0, 0, 0, 1, 0] 
 0.5530035335689046 

Results
 31 
 [4, 1, 2] 
 [0, 0, 1, 0, 0] 
 0.9725557461406518 

Results
 31 
 [4, 1, 2] 
 [0, 1, 0, 0, 0] 
 0.9591527987897126 

Results
 31 
 [4, 1, 2] 
 [1, 0, 0, 0, 0] 
 0.7592592592592593 

Results
 31 
 [4, 1, 2] 
 [1, 1, 1, 1, 1] 
 0.8233120591199193 

Results
 31 
 [4, 1, 2, 3] 
 [0, 0, 0, 0, 1] 
 0.9389179755671903 

Results
 31 
 [4, 1, 2, 3] 
 [0, 0, 0, 1, 0] 
 0.8780918727915195 

Results
 31 
 [4, 1, 2, 3] 
 [0, 0, 1, 0, 0] 
 0.9536878216123499 

Results
 31 
 [4, 1, 2, 3] 
 [0, 1, 0, 0, 0] 
 0.962178517397882 

Results
 31 
 [4, 1, 2, 3] 
 [1, 0, 0, 0, 0] 
 0.9006734006734006 

Results
 31 
 [4, 1, 2, 3] 
 [1, 1, 1, 1, 1] 
 0.9277796439368492 

Results
 31 
 [4, 1, 2, 3, 0] 
 [0, 0, 0, 0, 1] 
 0.9476439790575916 

Results
 31 
 [4, 1, 2, 3, 0] 
 [0, 0, 0, 1, 0] 
 0.9134275618374559 

Results
 31 
 [4, 1, 2, 3, 0] 
 [0, 0, 1, 0, 0] 
 0.9485420240137221 

Results
 31 
 [4, 1, 2, 3, 0] 
 [0, 1, 0, 0, 0] 
 0.9546142208774584 

Results
 31 
 [4, 1, 2, 3, 0] 
 [1, 0, 0, 0, 0] 
 0.9478114478114478 

Results
 31 
 [4, 1, 2, 3, 0] 
 [1, 1, 1, 1, 1] 
 0.9428955324151831 

Results
 32 
 [3] 
 [0, 0, 0, 0, 1] 
 0.6038394415357766 

Results
 32 
 [3] 
 [0, 0, 0, 1, 0] 
 0.9734982332155477 

Results
 32 
 [3] 
 [0, 0, 1, 0, 0] 
 0.06174957118353345 

Results
 32 
 [3] 
 [0, 1, 0, 0, 0] 
 0.31316187594553707 

Results
 32 
 [3] 
 [1, 0, 0, 0, 0] 
 0.8585858585858586 

Results
 32 
 [3] 
 [1, 1, 1, 1, 1] 
 0.5542492442055761 

Results
 32 
 [3, 2] 
 [0, 0, 0, 0, 1] 
 0.7923211169284468 

Results
 32 
 [3, 2] 
 [0, 0, 0, 1, 0] 
 0.9222614840989399 

Results
 32 
 [3, 2] 
 [0, 0, 1, 0, 0] 
 0.9588336192109777 

Results
 32 
 [3, 2] 
 [0, 1, 0, 0, 0] 
 0.8502269288956127 

Results
 32 
 [3, 2] 
 [1, 0, 0, 0, 0] 
 0.9107744107744108 

Results
 32 
 [3, 2] 
 [1, 1, 1, 1, 1] 
 0.886126973463218 

Results
 32 
 [3, 2, 1] 
 [0, 0, 0, 0, 1] 
 0.6282722513089005 

Results
 32 
 [3, 2, 1] 
 [0, 0, 0, 1, 0] 
 0.8480565371024735 

Results
 32 
 [3, 2, 1] 
 [0, 0, 1, 0, 0] 
 0.9502572898799314 

Results
 32 
 [3, 2, 1] 
 [0, 1, 0, 0, 0] 
 0.9863842662632375 

Results
 32 
 [3, 2, 1] 
 [1, 0, 0, 0, 0] 
 0.9141414141414141 

Results
 32 
 [3, 2, 1] 
 [1, 1, 1, 1, 1] 
 0.8696674504534767 

Results
 32 
 [3, 2, 1, 0] 
 [0, 0, 0, 0, 1] 
 0.7120418848167539 

Results
 32 
 [3, 2, 1, 0] 
 [0, 0, 0, 1, 0] 
 0.9098939929328622 

Results
 32 
 [3, 2, 1, 0] 
 [0, 0, 1, 0, 0] 
 0.9210977701543739 

Results
 32 
 [3, 2, 1, 0] 
 [0, 1, 0, 0, 0] 
 0.9712556732223904 

Results
 32 
 [3, 2, 1, 0] 
 [1, 0, 0, 0, 0] 
 0.9663299663299664 

Results
 32 
 [3, 2, 1, 0] 
 [1, 1, 1, 1, 1] 
 0.8988915015115888 

Results
 32 
 [3, 2, 1, 0, 4] 
 [0, 0, 0, 0, 1] 
 0.9581151832460733 

Results
 32 
 [3, 2, 1, 0, 4] 
 [0, 0, 0, 1, 0] 
 0.9045936395759717 

Results
 32 
 [3, 2, 1, 0, 4] 
 [0, 0, 1, 0, 0] 
 0.9313893653516295 

Results
 32 
 [3, 2, 1, 0, 4] 
 [0, 1, 0, 0, 0] 
 0.9667170953101362 

Results
 32 
 [3, 2, 1, 0, 4] 
 [1, 0, 0, 0, 0] 
 0.9545454545454546 

Results
 32 
 [3, 2, 1, 0, 4] 
 [1, 1, 1, 1, 1] 
 0.9439032583137387 

Results
 33 
 [2] 
 [0, 0, 0, 0, 1] 
 0.3193717277486911 

Results
 33 
 [2] 
 [0, 0, 0, 1, 0] 
 0.05123674911660778 

Results
 33 
 [2] 
 [0, 0, 1, 0, 0] 
 0.9811320754716981 

Results
 33 
 [2] 
 [0, 1, 0, 0, 0] 
 0.5416036308623298 

Results
 33 
 [2] 
 [1, 0, 0, 0, 0] 
 0.36195286195286197 

Results
 33 
 [2] 
 [1, 1, 1, 1, 1] 
 0.45582801477997986 

Results
 33 
 [2, 4] 
 [0, 0, 0, 0, 1] 
 0.9668411867364747 

Results
 33 
 [2, 4] 
 [0, 0, 0, 1, 0] 
 0.42402826855123676 

Results
 33 
 [2, 4] 
 [0, 0, 1, 0, 0] 
 0.9536878216123499 

Results
 33 
 [2, 4] 
 [0, 1, 0, 0, 0] 
 0.7745839636913767 

Results
 33 
 [2, 4] 
 [1, 0, 0, 0, 0] 
 0.4882154882154882 

Results
 33 
 [2, 4] 
 [1, 1, 1, 1, 1] 
 0.722875377897212 

Results
 33 
 [2, 4, 0] 
 [0, 0, 0, 0, 1] 
 0.9703315881326352 

Results
 33 
 [2, 4, 0] 
 [0, 0, 0, 1, 0] 
 0.7102473498233216 

Results
 33 
 [2, 4, 0] 
 [0, 0, 1, 0, 0] 
 0.9502572898799314 

Results
 33 
 [2, 4, 0] 
 [0, 1, 0, 0, 0] 
 0.8986384266263238 

Results
 33 
 [2, 4, 0] 
 [1, 0, 0, 0, 0] 
 0.9175084175084175 

Results
 33 
 [2, 4, 0] 
 [1, 1, 1, 1, 1] 
 0.8904937856902922 

Results
 33 
 [2, 4, 0, 3] 
 [0, 0, 0, 0, 1] 
 0.9773123909249564 

Results
 33 
 [2, 4, 0, 3] 
 [0, 0, 0, 1, 0] 
 0.9328621908127208 

Results
 33 
 [2, 4, 0, 3] 
 [0, 0, 1, 0, 0] 
 0.9125214408233276 

Results
 33 
 [2, 4, 0, 3] 
 [0, 1, 0, 0, 0] 
 0.8517397881996974 

Results
 33 
 [2, 4, 0, 3] 
 [1, 0, 0, 0, 0] 
 0.9562289562289562 

Results
 33 
 [2, 4, 0, 3] 
 [1, 1, 1, 1, 1] 
 0.9240846489754787 

Results
 33 
 [2, 4, 0, 3, 1] 
 [0, 0, 0, 0, 1] 
 0.9633507853403142 

Results
 33 
 [2, 4, 0, 3, 1] 
 [0, 0, 0, 1, 0] 
 0.9204946996466431 

Results
 33 
 [2, 4, 0, 3, 1] 
 [0, 0, 1, 0, 0] 
 0.9313893653516295 

Results
 33 
 [2, 4, 0, 3, 1] 
 [0, 1, 0, 0, 0] 
 0.9561270801815431 

Results
 33 
 [2, 4, 0, 3, 1] 
 [1, 0, 0, 0, 0] 
 0.9545454545454546 

Results
 33 
 [2, 4, 0, 3, 1] 
 [1, 1, 1, 1, 1] 
 0.945582801477998 

Results
 34 
 [3] 
 [0, 0, 0, 0, 1] 
 0.5584642233856894 

Results
 34 
 [3] 
 [0, 0, 0, 1, 0] 
 0.9840989399293286 

Results
 34 
 [3] 
 [0, 0, 1, 0, 0] 
 0.044596912521440824 

Results
 34 
 [3] 
 [0, 1, 0, 0, 0] 
 0.2980332829046899 

Results
 34 
 [3] 
 [1, 0, 0, 0, 0] 
 0.8569023569023569 

Results
 34 
 [3] 
 [1, 1, 1, 1, 1] 
 0.5404769902586496 

Results
 34 
 [3, 2] 
 [0, 0, 0, 0, 1] 
 0.7539267015706806 

Results
 34 
 [3, 2] 
 [0, 0, 0, 1, 0] 
 0.9452296819787986 

Results
 34 
 [3, 2] 
 [0, 0, 1, 0, 0] 
 0.9554030874785592 

Results
 34 
 [3, 2] 
 [0, 1, 0, 0, 0] 
 0.8547655068078669 

Results
 34 
 [3, 2] 
 [1, 0, 0, 0, 0] 
 0.9090909090909091 

Results
 34 
 [3, 2] 
 [1, 1, 1, 1, 1] 
 0.8831037957675513 

Results
 34 
 [3, 2, 1] 
 [0, 0, 0, 0, 1] 
 0.6544502617801047 

Results
 34 
 [3, 2, 1] 
 [0, 0, 0, 1, 0] 
 0.8975265017667845 

Results
 34 
 [3, 2, 1] 
 [0, 0, 1, 0, 0] 
 0.9502572898799314 

Results
 34 
 [3, 2, 1] 
 [0, 1, 0, 0, 0] 
 0.9757942511346445 

Results
 34 
 [3, 2, 1] 
 [1, 0, 0, 0, 0] 
 0.9107744107744108 

Results
 34 
 [3, 2, 1] 
 [1, 1, 1, 1, 1] 
 0.88108834397044 

Results
 34 
 [3, 2, 1, 4] 
 [0, 0, 0, 0, 1] 
 0.9424083769633508 

Results
 34 
 [3, 2, 1, 4] 
 [0, 0, 0, 1, 0] 
 0.8798586572438163 

Results
 34 
 [3, 2, 1, 4] 
 [0, 0, 1, 0, 0] 
 0.9536878216123499 

Results
 34 
 [3, 2, 1, 4] 
 [0, 1, 0, 0, 0] 
 0.9606656580937972 

Results
 34 
 [3, 2, 1, 4] 
 [1, 0, 0, 0, 0] 
 0.8888888888888888 

Results
 34 
 [3, 2, 1, 4] 
 [1, 1, 1, 1, 1] 
 0.9261001007725899 

Results
 34 
 [3, 2, 1, 4, 0] 
 [0, 0, 0, 0, 1] 
 0.956369982547993 

Results
 34 
 [3, 2, 1, 4, 0] 
 [0, 0, 0, 1, 0] 
 0.931095406360424 

Results
 34 
 [3, 2, 1, 4, 0] 
 [0, 0, 1, 0, 0] 
 0.9331046312178388 

Results
 34 
 [3, 2, 1, 4, 0] 
 [0, 1, 0, 0, 0] 
 0.9561270801815431 

Results
 34 
 [3, 2, 1, 4, 0] 
 [1, 0, 0, 0, 0] 
 0.9562289562289562 

Results
 34 
 [3, 2, 1, 4, 0] 
 [1, 1, 1, 1, 1] 
 0.9469264360094054 

Results
 35 
 [3] 
 [0, 0, 0, 0, 1] 
 0.6544502617801047 

Results
 35 
 [3] 
 [0, 0, 0, 1, 0] 
 0.9681978798586572 

Results
 35 
 [3] 
 [0, 0, 1, 0, 0] 
 0.08404802744425385 

Results
 35 
 [3] 
 [0, 1, 0, 0, 0] 
 0.3524962178517398 

Results
 35 
 [3] 
 [1, 0, 0, 0, 0] 
 0.8821548821548821 

Results
 35 
 [3] 
 [1, 1, 1, 1, 1] 
 0.5807860262008734 

Results
 35 
 [3, 2] 
 [0, 0, 0, 0, 1] 
 0.8342059336823735 

Results
 35 
 [3, 2] 
 [0, 0, 0, 1, 0] 
 0.9257950530035336 

Results
 35 
 [3, 2] 
 [0, 0, 1, 0, 0] 
 0.9588336192109777 

Results
 35 
 [3, 2] 
 [0, 1, 0, 0, 0] 
 0.8668683812405447 

Results
 35 
 [3, 2] 
 [1, 0, 0, 0, 0] 
 0.877104377104377 

Results
 35 
 [3, 2] 
 [1, 1, 1, 1, 1] 
 0.8918374202216997 

Results
 35 
 [3, 2, 1] 
 [0, 0, 0, 0, 1] 
 0.6422338568935427 

Results
 35 
 [3, 2, 1] 
 [0, 0, 0, 1, 0] 
 0.8763250883392226 

Results
 35 
 [3, 2, 1] 
 [0, 0, 1, 0, 0] 
 0.9554030874785592 

Results
 35 
 [3, 2, 1] 
 [0, 1, 0, 0, 0] 
 0.9773071104387292 

Results
 35 
 [3, 2, 1] 
 [1, 0, 0, 0, 0] 
 0.9074074074074074 

Results
 35 
 [3, 2, 1] 
 [1, 1, 1, 1, 1] 
 0.8753778972119584 

Results
 35 
 [3, 2, 1, 4] 
 [0, 0, 0, 0, 1] 
 0.9546247818499127 

Results
 35 
 [3, 2, 1, 4] 
 [0, 0, 0, 1, 0] 
 0.8692579505300353 

Results
 35 
 [3, 2, 1, 4] 
 [0, 0, 1, 0, 0] 
 0.9554030874785592 

Results
 35 
 [3, 2, 1, 4] 
 [0, 1, 0, 0, 0] 
 0.9606656580937972 

Results
 35 
 [3, 2, 1, 4] 
 [1, 0, 0, 0, 0] 
 0.8888888888888888 

Results
 35 
 [3, 2, 1, 4] 
 [1, 1, 1, 1, 1] 
 0.9267719180382936 

Results
 35 
 [3, 2, 1, 4, 0] 
 [0, 0, 0, 0, 1] 
 0.9546247818499127 

Results
 35 
 [3, 2, 1, 4, 0] 
 [0, 0, 0, 1, 0] 
 0.9134275618374559 

Results
 35 
 [3, 2, 1, 4, 0] 
 [0, 0, 1, 0, 0] 
 0.9399656946826758 

Results
 35 
 [3, 2, 1, 4, 0] 
 [0, 1, 0, 0, 0] 
 0.9606656580937972 

Results
 35 
 [3, 2, 1, 4, 0] 
 [1, 0, 0, 0, 0] 
 0.9528619528619529 

Results
 35 
 [3, 2, 1, 4, 0] 
 [1, 1, 1, 1, 1] 
 0.9449109842122942 

Results
 36 
 [2] 
 [0, 0, 0, 0, 1] 
 0.3193717277486911 

Results
 36 
 [2] 
 [0, 0, 0, 1, 0] 
 0.024734982332155476 

Results
 36 
 [2] 
 [0, 0, 1, 0, 0] 
 0.9862778730703259 

Results
 36 
 [2] 
 [0, 1, 0, 0, 0] 
 0.5476550680786687 

Results
 36 
 [2] 
 [1, 0, 0, 0, 0] 
 0.3265993265993266 

Results
 36 
 [2] 
 [1, 1, 1, 1, 1] 
 0.4460866644272758 

Results
 36 
 [2, 0] 
 [0, 0, 0, 0, 1] 
 0.6823734729493892 

Results
 36 
 [2, 0] 
 [0, 0, 0, 1, 0] 
 0.6925795053003534 

Results
 36 
 [2, 0] 
 [0, 0, 1, 0, 0] 
 0.9725557461406518 

Results
 36 
 [2, 0] 
 [0, 1, 0, 0, 0] 
 0.9016641452344932 

Results
 36 
 [2, 0] 
 [1, 0, 0, 0, 0] 
 0.9629629629629629 

Results
 36 
 [2, 0] 
 [1, 1, 1, 1, 1] 
 0.8458179375209943 

Results
 36 
 [2, 0, 1] 
 [0, 0, 0, 0, 1] 
 0.6090750436300174 

Results
 36 
 [2, 0, 1] 
 [0, 0, 0, 1, 0] 
 0.7120141342756183 

Results
 36 
 [2, 0, 1] 
 [0, 0, 1, 0, 0] 
 0.9605488850771869 

Results
 36 
 [2, 0, 1] 
 [0, 1, 0, 0, 0] 
 0.9773071104387292 

Results
 36 
 [2, 0, 1] 
 [1, 0, 0, 0, 0] 
 0.9326599326599326 

Results
 36 
 [2, 0, 1] 
 [1, 1, 1, 1, 1] 
 0.8438024857238831 

Results
 36 
 [2, 0, 1, 4] 
 [0, 0, 0, 0, 1] 
 0.9458987783595113 

Results
 36 
 [2, 0, 1, 4] 
 [0, 0, 0, 1, 0] 
 0.7614840989399293 

Results
 36 
 [2, 0, 1, 4] 
 [0, 0, 1, 0, 0] 
 0.9588336192109777 

Results
 36 
 [2, 0, 1, 4] 
 [0, 1, 0, 0, 0] 
 0.9757942511346445 

Results
 36 
 [2, 0, 1, 4] 
 [1, 0, 0, 0, 0] 
 0.9242424242424242 

Results
 36 
 [2, 0, 1, 4] 
 [1, 1, 1, 1, 1] 
 0.915686933154182 

Results
 36 
 [2, 0, 1, 4, 3] 
 [0, 0, 0, 0, 1] 
 0.9650959860383944 

Results
 36 
 [2, 0, 1, 4, 3] 
 [0, 0, 0, 1, 0] 
 0.911660777385159 

Results
 36 
 [2, 0, 1, 4, 3] 
 [0, 0, 1, 0, 0] 
 0.934819897084048 

Results
 36 
 [2, 0, 1, 4, 3] 
 [0, 1, 0, 0, 0] 
 0.9546142208774584 

Results
 36 
 [2, 0, 1, 4, 3] 
 [1, 0, 0, 0, 0] 
 0.9562289562289562 

Results
 36 
 [2, 0, 1, 4, 3] 
 [1, 1, 1, 1, 1] 
 0.9449109842122942 

Results
 37 
 [2] 
 [0, 0, 0, 0, 1] 
 0.3158813263525305 

Results
 37 
 [2] 
 [0, 0, 0, 1, 0] 
 0.022968197879858657 

Results
 37 
 [2] 
 [0, 0, 1, 0, 0] 
 0.9897084048027445 

Results
 37 
 [2] 
 [0, 1, 0, 0, 0] 
 0.5552193645990923 

Results
 37 
 [2] 
 [1, 0, 0, 0, 0] 
 0.25084175084175087 

Results
 37 
 [2] 
 [1, 1, 1, 1, 1] 
 0.43231441048034935 

Results
 37 
 [2, 4] 
 [0, 0, 0, 0, 1] 
 0.9685863874345549 

Results
 37 
 [2, 4] 
 [0, 0, 0, 1, 0] 
 0.39752650176678445 

Results
 37 
 [2, 4] 
 [0, 0, 1, 0, 0] 
 0.9588336192109777 

Results
 37 
 [2, 4] 
 [0, 1, 0, 0, 0] 
 0.8063540090771558 

Results
 37 
 [2, 4] 
 [1, 0, 0, 0, 0] 
 0.5420875420875421 

Results
 37 
 [2, 4] 
 [1, 1, 1, 1, 1] 
 0.7369835404769902 

Results
 37 
 [2, 4, 0] 
 [0, 0, 0, 0, 1] 
 0.9720767888307156 

Results
 37 
 [2, 4, 0] 
 [0, 0, 0, 1, 0] 
 0.6784452296819788 

Results
 37 
 [2, 4, 0] 
 [0, 0, 1, 0, 0] 
 0.9536878216123499 

Results
 37 
 [2, 4, 0] 
 [0, 1, 0, 0, 0] 
 0.9198184568835098 

Results
 37 
 [2, 4, 0] 
 [1, 0, 0, 0, 0] 
 0.9208754208754208 

Results
 37 
 [2, 4, 0] 
 [1, 1, 1, 1, 1] 
 0.8908296943231441 

Results
 37 
 [2, 4, 0, 1] 
 [0, 0, 0, 0, 1] 
 0.9284467713787086 

Results
 37 
 [2, 4, 0, 1] 
 [0, 0, 0, 1, 0] 
 0.7420494699646644 

Results
 37 
 [2, 4, 0, 1] 
 [0, 0, 1, 0, 0] 
 0.9536878216123499 

Results
 37 
 [2, 4, 0, 1] 
 [0, 1, 0, 0, 0] 
 0.9818456883509834 

Results
 37 
 [2, 4, 0, 1] 
 [1, 0, 0, 0, 0] 
 0.9242424242424242 

Results
 37 
 [2, 4, 0, 1] 
 [1, 1, 1, 1, 1] 
 0.9089687604971448 

Results
 37 
 [2, 4, 0, 1, 3] 
 [0, 0, 0, 0, 1] 
 0.9685863874345549 

Results
 37 
 [2, 4, 0, 1, 3] 
 [0, 0, 0, 1, 0] 
 0.9240282685512368 

Results
 37 
 [2, 4, 0, 1, 3] 
 [0, 0, 1, 0, 0] 
 0.9296740994854202 

Results
 37 
 [2, 4, 0, 1, 3] 
 [0, 1, 0, 0, 0] 
 0.9636913767019667 

Results
 37 
 [2, 4, 0, 1, 3] 
 [1, 0, 0, 0, 0] 
 0.9562289562289562 

Results
 37 
 [2, 4, 0, 1, 3] 
 [1, 1, 1, 1, 1] 
 0.9489418878065167 

Results
 38 
 [4] 
 [0, 0, 0, 0, 1] 
 0.9947643979057592 

Results
 38 
 [4] 
 [0, 0, 0, 1, 0] 
 0.4540636042402827 

Results
 38 
 [4] 
 [0, 0, 1, 0, 0] 
 0.5025728987993139 

Results
 38 
 [4] 
 [0, 1, 0, 0, 0] 
 0.2254160363086233 

Results
 38 
 [4] 
 [1, 0, 0, 0, 0] 
 0.29797979797979796 

Results
 38 
 [4] 
 [1, 1, 1, 1, 1] 
 0.4857238831037958 

Results
 38 
 [4, 0] 
 [0, 0, 0, 0, 1] 
 0.9930191972076788 

Results
 38 
 [4, 0] 
 [0, 0, 0, 1, 0] 
 0.8462897526501767 

Results
 38 
 [4, 0] 
 [0, 0, 1, 0, 0] 
 0.6089193825042881 

Results
 38 
 [4, 0] 
 [0, 1, 0, 0, 0] 
 0.6580937972768532 

Results
 38 
 [4, 0] 
 [1, 0, 0, 0, 0] 
 0.9696969696969697 

Results
 38 
 [4, 0] 
 [1, 1, 1, 1, 1] 
 0.8108834397044004 

Results
 38 
 [4, 0, 1] 
 [0, 0, 0, 0, 1] 
 0.9685863874345549 

Results
 38 
 [4, 0, 1] 
 [0, 0, 0, 1, 0] 
 0.8798586572438163 

Results
 38 
 [4, 0, 1] 
 [0, 0, 1, 0, 0] 
 0.8473413379073756 

Results
 38 
 [4, 0, 1] 
 [0, 1, 0, 0, 0] 
 0.9409984871406959 

Results
 38 
 [4, 0, 1] 
 [1, 0, 0, 0, 0] 
 0.9545454545454546 

Results
 38 
 [4, 0, 1] 
 [1, 1, 1, 1, 1] 
 0.9190460194827007 

Results
 38 
 [4, 0, 1, 2] 
 [0, 0, 0, 0, 1] 
 0.93717277486911 

Results
 38 
 [4, 0, 1, 2] 
 [0, 0, 0, 1, 0] 
 0.7932862190812721 

Results
 38 
 [4, 0, 1, 2] 
 [0, 0, 1, 0, 0] 
 0.9536878216123499 

Results
 38 
 [4, 0, 1, 2] 
 [0, 1, 0, 0, 0] 
 0.9697428139183056 

Results
 38 
 [4, 0, 1, 2] 
 [1, 0, 0, 0, 0] 
 0.9427609427609428 

Results
 38 
 [4, 0, 1, 2] 
 [1, 1, 1, 1, 1] 
 0.9213973799126638 

Results
 38 
 [4, 0, 1, 2, 3] 
 [0, 0, 0, 0, 1] 
 0.9668411867364747 

Results
 38 
 [4, 0, 1, 2, 3] 
 [0, 0, 0, 1, 0] 
 0.9275618374558304 

Results
 38 
 [4, 0, 1, 2, 3] 
 [0, 0, 1, 0, 0] 
 0.9382504288164666 

Results
 38 
 [4, 0, 1, 2, 3] 
 [0, 1, 0, 0, 0] 
 0.9561270801815431 

Results
 38 
 [4, 0, 1, 2, 3] 
 [1, 0, 0, 0, 0] 
 0.9646464646464646 

Results
 38 
 [4, 0, 1, 2, 3] 
 [1, 1, 1, 1, 1] 
 0.9509573396036278 

Results
 39 
 [0] 
 [0, 0, 0, 0, 1] 
 0.5462478184991274 

Results
 39 
 [0] 
 [0, 0, 0, 1, 0] 
 0.8586572438162544 

Results
 39 
 [0] 
 [0, 0, 1, 0, 0] 
 0.38593481989708406 

Results
 39 
 [0] 
 [0, 1, 0, 0, 0] 
 0.5234493192133132 

Results
 39 
 [0] 
 [1, 0, 0, 0, 0] 
 0.9949494949494949 

Results
 39 
 [0] 
 [1, 1, 1, 1, 1] 
 0.6587168290225058 

Results
 39 
 [0, 3] 
 [0, 0, 0, 0, 1] 
 0.6788830715532286 

Results
 39 
 [0, 3] 
 [0, 0, 0, 1, 0] 
 0.9734982332155477 

Results
 39 
 [0, 3] 
 [0, 0, 1, 0, 0] 
 0.27101200686106347 

Results
 39 
 [0, 3] 
 [0, 1, 0, 0, 0] 
 0.4886535552193646 

Results
 39 
 [0, 3] 
 [1, 0, 0, 0, 0] 
 0.9882154882154882 

Results
 39 
 [0, 3] 
 [1, 1, 1, 1, 1] 
 0.6745045347665435 

Results
 39 
 [0, 3, 1] 
 [0, 0, 0, 0, 1] 
 0.7539267015706806 

Results
 39 
 [0, 3, 1] 
 [0, 0, 0, 1, 0] 
 0.9646643109540636 

Results
 39 
 [0, 3, 1] 
 [0, 0, 1, 0, 0] 
 0.6380789022298456 

Results
 39 
 [0, 3, 1] 
 [0, 1, 0, 0, 0] 
 0.9198184568835098 

Results
 39 
 [0, 3, 1] 
 [1, 0, 0, 0, 0] 
 0.9865319865319865 

Results
 39 
 [0, 3, 1] 
 [1, 1, 1, 1, 1] 
 0.8545515619751428 

Results
 39 
 [0, 3, 1, 2] 
 [0, 0, 0, 0, 1] 
 0.743455497382199 

Results
 39 
 [0, 3, 1, 2] 
 [0, 0, 0, 1, 0] 
 0.9275618374558304 

Results
 39 
 [0, 3, 1, 2] 
 [0, 0, 1, 0, 0] 
 0.9090909090909091 

Results
 39 
 [0, 3, 1, 2] 
 [0, 1, 0, 0, 0] 
 0.9470499243570348 

Results
 39 
 [0, 3, 1, 2] 
 [1, 0, 0, 0, 0] 
 0.9797979797979798 

Results
 39 
 [0, 3, 1, 2] 
 [1, 1, 1, 1, 1] 
 0.903258313738663 

Results
 39 
 [0, 3, 1, 2, 4] 
 [0, 0, 0, 0, 1] 
 0.9493891797556719 

Results
 39 
 [0, 3, 1, 2, 4] 
 [0, 0, 0, 1, 0] 
 0.9293286219081273 

Results
 39 
 [0, 3, 1, 2, 4] 
 [0, 0, 1, 0, 0] 
 0.9228130360205832 

Results
 39 
 [0, 3, 1, 2, 4] 
 [0, 1, 0, 0, 0] 
 0.9394856278366112 

Results
 39 
 [0, 3, 1, 2, 4] 
 [1, 0, 0, 0, 0] 
 0.9696969696969697 

Results
 39 
 [0, 3, 1, 2, 4] 
 [1, 1, 1, 1, 1] 
 0.9422237151494793 

Results
 40 
 [0] 
 [0, 0, 0, 0, 1] 
 0.568935427574171 

Results
 40 
 [0] 
 [0, 0, 0, 1, 0] 
 0.8374558303886925 

Results
 40 
 [0] 
 [0, 0, 1, 0, 0] 
 0.516295025728988 

Results
 40 
 [0] 
 [0, 1, 0, 0, 0] 
 0.6414523449319214 

Results
 40 
 [0] 
 [1, 0, 0, 0, 0] 
 0.9915824915824916 

Results
 40 
 [0] 
 [1, 1, 1, 1, 1] 
 0.7101108498488411 

Results
 40 
 [0, 3] 
 [0, 0, 0, 0, 1] 
 0.6928446771378709 

Results
 40 
 [0, 3] 
 [0, 0, 0, 1, 0] 
 0.9770318021201413 

Results
 40 
 [0, 3] 
 [0, 0, 1, 0, 0] 
 0.26758147512864494 

Results
 40 
 [0, 3] 
 [0, 1, 0, 0, 0] 
 0.5521936459909228 

Results
 40 
 [0, 3] 
 [1, 0, 0, 0, 0] 
 0.9865319865319865 

Results
 40 
 [0, 3] 
 [1, 1, 1, 1, 1] 
 0.6909640577762849 

Results
 40 
 [0, 3, 1] 
 [0, 0, 0, 0, 1] 
 0.8010471204188482 

Results
 40 
 [0, 3, 1] 
 [0, 0, 0, 1, 0] 
 0.9646643109540636 

Results
 40 
 [0, 3, 1] 
 [0, 0, 1, 0, 0] 
 0.7084048027444254 

Results
 40 
 [0, 3, 1] 
 [0, 1, 0, 0, 0] 
 0.9455370650529501 

Results
 40 
 [0, 3, 1] 
 [1, 0, 0, 0, 0] 
 0.9865319865319865 

Results
 40 
 [0, 3, 1] 
 [1, 1, 1, 1, 1] 
 0.8831037957675513 

Results
 40 
 [0, 3, 1, 2] 
 [0, 0, 0, 0, 1] 
 0.8324607329842932 

Results
 40 
 [0, 3, 1, 2] 
 [0, 0, 0, 1, 0] 
 0.9240282685512368 

Results
 40 
 [0, 3, 1, 2] 
 [0, 0, 1, 0, 0] 
 0.9228130360205832 

Results
 40 
 [0, 3, 1, 2] 
 [0, 1, 0, 0, 0] 
 0.9697428139183056 

Results
 40 
 [0, 3, 1, 2] 
 [1, 0, 0, 0, 0] 
 0.9696969696969697 

Results
 40 
 [0, 3, 1, 2] 
 [1, 1, 1, 1, 1] 
 0.9254282835068861 

Results
 40 
 [0, 3, 1, 2, 4] 
 [0, 0, 0, 0, 1] 
 0.9685863874345549 

Results
 40 
 [0, 3, 1, 2, 4] 
 [0, 0, 0, 1, 0] 
 0.9222614840989399 

Results
 40 
 [0, 3, 1, 2, 4] 
 [0, 0, 1, 0, 0] 
 0.9313893653516295 

Results
 40 
 [0, 3, 1, 2, 4] 
 [0, 1, 0, 0, 0] 
 0.9652042360060514 

Results
 40 
 [0, 3, 1, 2, 4] 
 [1, 0, 0, 0, 0] 
 0.9595959595959596 

Results
 40 
 [0, 3, 1, 2, 4] 
 [1, 1, 1, 1, 1] 
 0.9499496137050722 

Results
 41 
 [0] 
 [0, 0, 0, 0, 1] 
 0.6684118673647469 

Results
 41 
 [0] 
 [0, 0, 0, 1, 0] 
 0.8957597173144877 

Results
 41 
 [0] 
 [0, 0, 1, 0, 0] 
 0.5831903945111492 

Results
 41 
 [0] 
 [0, 1, 0, 0, 0] 
 0.6898638426626323 

Results
 41 
 [0] 
 [1, 0, 0, 0, 0] 
 0.9949494949494949 

Results
 41 
 [0] 
 [1, 1, 1, 1, 1] 
 0.764863957003695 

Results
 41 
 [0, 1] 
 [0, 0, 0, 0, 1] 
 0.5095986038394416 

Results
 41 
 [0, 1] 
 [0, 0, 0, 1, 0] 
 0.7508833922261484 

Results
 41 
 [0, 1] 
 [0, 0, 1, 0, 0] 
 0.8061749571183533 

Results
 41 
 [0, 1] 
 [0, 1, 0, 0, 0] 
 0.983358547655068 

Results
 41 
 [0, 1] 
 [1, 0, 0, 0, 0] 
 0.9646464646464646 

Results
 41 
 [0, 1] 
 [1, 1, 1, 1, 1] 
 0.809539805172993 

Results
 41 
 [0, 1, 3] 
 [0, 0, 0, 0, 1] 
 0.787085514834206 

Results
 41 
 [0, 1, 3] 
 [0, 0, 0, 1, 0] 
 0.9611307420494699 

Results
 41 
 [0, 1, 3] 
 [0, 0, 1, 0, 0] 
 0.7650085763293311 

Results
 41 
 [0, 1, 3] 
 [0, 1, 0, 0, 0] 
 0.9576399394856279 

Results
 41 
 [0, 1, 3] 
 [1, 0, 0, 0, 0] 
 0.9764309764309764 

Results
 41 
 [0, 1, 3] 
 [1, 1, 1, 1, 1] 
 0.8915015115888478 

Results
 41 
 [0, 1, 3, 2] 
 [0, 0, 0, 0, 1] 
 0.7469458987783595 

Results
 41 
 [0, 1, 3, 2] 
 [0, 0, 0, 1, 0] 
 0.9151943462897526 

Results
 41 
 [0, 1, 3, 2] 
 [0, 0, 1, 0, 0] 
 0.9365351629502573 

Results
 41 
 [0, 1, 3, 2] 
 [0, 1, 0, 0, 0] 
 0.972768532526475 

Results
 41 
 [0, 1, 3, 2] 
 [1, 0, 0, 0, 0] 
 0.9595959595959596 

Results
 41 
 [0, 1, 3, 2] 
 [1, 1, 1, 1, 1] 
 0.9086328518642929 

Results
 41 
 [0, 1, 3, 2, 4] 
 [0, 0, 0, 0, 1] 
 0.9511343804537522 

Results
 41 
 [0, 1, 3, 2, 4] 
 [0, 0, 0, 1, 0] 
 0.931095406360424 

Results
 41 
 [0, 1, 3, 2, 4] 
 [0, 0, 1, 0, 0] 
 0.9433962264150944 

Results
 41 
 [0, 1, 3, 2, 4] 
 [0, 1, 0, 0, 0] 
 0.9667170953101362 

Results
 41 
 [0, 1, 3, 2, 4] 
 [1, 0, 0, 0, 0] 
 0.9562289562289562 

Results
 41 
 [0, 1, 3, 2, 4] 
 [1, 1, 1, 1, 1] 
 0.9502855223379241 

Results
 42 
 [4] 
 [0, 0, 0, 0, 1] 
 0.9947643979057592 

Results
 42 
 [4] 
 [0, 0, 0, 1, 0] 
 0.46996466431095407 

Results
 42 
 [4] 
 [0, 0, 1, 0, 0] 
 0.5231560891938251 

Results
 42 
 [4] 
 [0, 1, 0, 0, 0] 
 0.5128593040847201 

Results
 42 
 [4] 
 [1, 0, 0, 0, 0] 
 0.6111111111111112 

Results
 42 
 [4] 
 [1, 1, 1, 1, 1] 
 0.6190796103459859 

Results
 42 
 [4, 3] 
 [0, 0, 0, 0, 1] 
 0.987783595113438 

Results
 42 
 [4, 3] 
 [0, 0, 0, 1, 0] 
 0.9540636042402827 

Results
 42 
 [4, 3] 
 [0, 0, 1, 0, 0] 
 0.38250428816466553 

Results
 42 
 [4, 3] 
 [0, 1, 0, 0, 0] 
 0.5779122541603631 

Results
 42 
 [4, 3] 
 [1, 0, 0, 0, 0] 
 0.9292929292929293 

Results
 42 
 [4, 3] 
 [1, 1, 1, 1, 1] 
 0.7601612361437688 

Results
 42 
 [4, 3, 2] 
 [0, 0, 0, 0, 1] 
 0.9860383944153578 

Results
 42 
 [4, 3, 2] 
 [0, 0, 0, 1, 0] 
 0.8798586572438163 

Results
 42 
 [4, 3, 2] 
 [0, 0, 1, 0, 0] 
 0.8799313893653516 

Results
 42 
 [4, 3, 2] 
 [0, 1, 0, 0, 0] 
 0.8441754916792739 

Results
 42 
 [4, 3, 2] 
 [1, 0, 0, 0, 0] 
 0.8552188552188552 

Results
 42 
 [4, 3, 2] 
 [1, 1, 1, 1, 1] 
 0.8874706079946255 

Results
 42 
 [4, 3, 2, 0] 
 [0, 0, 0, 0, 1] 
 0.9773123909249564 

Results
 42 
 [4, 3, 2, 0] 
 [0, 0, 0, 1, 0] 
 0.9328621908127208 

Results
 42 
 [4, 3, 2, 0] 
 [0, 0, 1, 0, 0] 
 0.9056603773584906 

Results
 42 
 [4, 3, 2, 0] 
 [0, 1, 0, 0, 0] 
 0.8668683812405447 

Results
 42 
 [4, 3, 2, 0] 
 [1, 0, 0, 0, 0] 
 0.9646464646464646 

Results
 42 
 [4, 3, 2, 0] 
 [1, 1, 1, 1, 1] 
 0.9277796439368492 

Results
 42 
 [4, 3, 2, 0, 1] 
 [0, 0, 0, 0, 1] 
 0.9650959860383944 

Results
 42 
 [4, 3, 2, 0, 1] 
 [0, 0, 0, 1, 0] 
 0.9275618374558304 

Results
 42 
 [4, 3, 2, 0, 1] 
 [0, 0, 1, 0, 0] 
 0.9416809605488851 

Results
 42 
 [4, 3, 2, 0, 1] 
 [0, 1, 0, 0, 0] 
 0.962178517397882 

Results
 42 
 [4, 3, 2, 0, 1] 
 [1, 0, 0, 0, 0] 
 0.9579124579124579 

Results
 42 
 [4, 3, 2, 0, 1] 
 [1, 1, 1, 1, 1] 
 0.9512932482364796 

Results
 43 
 [3] 
 [0, 0, 0, 0, 1] 
 0.6771378708551483 

Results
 43 
 [3] 
 [0, 0, 0, 1, 0] 
 0.9770318021201413 

Results
 43 
 [3] 
 [0, 0, 1, 0, 0] 
 0.08747855917667238 

Results
 43 
 [3] 
 [0, 1, 0, 0, 0] 
 0.3600605143721634 

Results
 43 
 [3] 
 [1, 0, 0, 0, 0] 
 0.8905723905723906 

Results
 43 
 [3] 
 [1, 1, 1, 1, 1] 
 0.5908632851864293 

Results
 43 
 [3, 2] 
 [0, 0, 0, 0, 1] 
 0.8184991273996509 

Results
 43 
 [3, 2] 
 [0, 0, 0, 1, 0] 
 0.9434628975265018 

Results
 43 
 [3, 2] 
 [0, 0, 1, 0, 0] 
 0.9605488850771869 

Results
 43 
 [3, 2] 
 [0, 1, 0, 0, 0] 
 0.8804841149773072 

Results
 43 
 [3, 2] 
 [1, 0, 0, 0, 0] 
 0.9057239057239057 

Results
 43 
 [3, 2] 
 [1, 1, 1, 1, 1] 
 0.9012428619415519 

Results
 43 
 [3, 2, 1] 
 [0, 0, 0, 0, 1] 
 0.6841186736474695 

Results
 43 
 [3, 2, 1] 
 [0, 0, 0, 1, 0] 
 0.8975265017667845 

Results
 43 
 [3, 2, 1] 
 [0, 0, 1, 0, 0] 
 0.9536878216123499 

Results
 43 
 [3, 2, 1] 
 [0, 1, 0, 0, 0] 
 0.983358547655068 

Results
 43 
 [3, 2, 1] 
 [1, 0, 0, 0, 0] 
 0.9225589225589226 

Results
 43 
 [3, 2, 1] 
 [1, 1, 1, 1, 1] 
 0.8915015115888478 

Results
 43 
 [3, 2, 1, 4] 
 [0, 0, 0, 0, 1] 
 0.9616055846422339 

Results
 43 
 [3, 2, 1, 4] 
 [0, 0, 0, 1, 0] 
 0.8957597173144877 

Results
 43 
 [3, 2, 1, 4] 
 [0, 0, 1, 0, 0] 
 0.9502572898799314 

Results
 43 
 [3, 2, 1, 4] 
 [0, 1, 0, 0, 0] 
 0.9652042360060514 

Results
 43 
 [3, 2, 1, 4] 
 [1, 0, 0, 0, 0] 
 0.9057239057239057 

Results
 43 
 [3, 2, 1, 4] 
 [1, 1, 1, 1, 1] 
 0.9365132683909977 

Results
 43 
 [3, 2, 1, 4, 0] 
 [0, 0, 0, 0, 1] 
 0.9668411867364747 

Results
 43 
 [3, 2, 1, 4, 0] 
 [0, 0, 0, 1, 0] 
 0.9240282685512368 

Results
 43 
 [3, 2, 1, 4, 0] 
 [0, 0, 1, 0, 0] 
 0.9416809605488851 

Results
 43 
 [3, 2, 1, 4, 0] 
 [0, 1, 0, 0, 0] 
 0.9606656580937972 

Results
 43 
 [3, 2, 1, 4, 0] 
 [1, 0, 0, 0, 0] 
 0.9612794612794613 

Results
 43 
 [3, 2, 1, 4, 0] 
 [1, 1, 1, 1, 1] 
 0.9512932482364796 

Results
 44 
 [4] 
 [0, 0, 0, 0, 1] 
 0.9895287958115183 

Results
 44 
 [4] 
 [0, 0, 0, 1, 0] 
 0.5265017667844523 

Results
 44 
 [4] 
 [0, 0, 1, 0, 0] 
 0.5403087478559176 

Results
 44 
 [4] 
 [0, 1, 0, 0, 0] 
 0.4856278366111952 

Results
 44 
 [4] 
 [1, 0, 0, 0, 0] 
 0.5959595959595959 

Results
 44 
 [4] 
 [1, 1, 1, 1, 1] 
 0.6231105139402082 

Results
 44 
 [4, 3] 
 [0, 0, 0, 0, 1] 
 0.9860383944153578 

Results
 44 
 [4, 3] 
 [0, 0, 0, 1, 0] 
 0.9611307420494699 

Results
 44 
 [4, 3] 
 [0, 0, 1, 0, 0] 
 0.3876500857632933 

Results
 44 
 [4, 3] 
 [0, 1, 0, 0, 0] 
 0.546142208774584 

Results
 44 
 [4, 3] 
 [1, 0, 0, 0, 0] 
 0.9057239057239057 

Results
 44 
 [4, 3] 
 [1, 1, 1, 1, 1] 
 0.7504198857910648 

Results
 44 
 [4, 3, 1] 
 [0, 0, 0, 0, 1] 
 0.9755671902268761 

Results
 44 
 [4, 3, 1] 
 [0, 0, 0, 1, 0] 
 0.9452296819787986 

Results
 44 
 [4, 3, 1] 
 [0, 0, 1, 0, 0] 
 0.7855917667238422 

Results
 44 
 [4, 3, 1] 
 [0, 1, 0, 0, 0] 
 0.9425113464447806 

Results
 44 
 [4, 3, 1] 
 [1, 0, 0, 0, 0] 
 0.9478114478114478 

Results
 44 
 [4, 3, 1] 
 [1, 1, 1, 1, 1] 
 0.9197178367484045 

Results
 44 
 [4, 3, 1, 0] 
 [0, 0, 0, 0, 1] 
 0.9668411867364747 

Results
 44 
 [4, 3, 1, 0] 
 [0, 0, 0, 1, 0] 
 0.9664310954063604 

Results
 44 
 [4, 3, 1, 0] 
 [0, 0, 1, 0, 0] 
 0.8096054888507719 

Results
 44 
 [4, 3, 1, 0] 
 [0, 1, 0, 0, 0] 
 0.9092284417549168 

Results
 44 
 [4, 3, 1, 0] 
 [1, 0, 0, 0, 0] 
 0.9696969696969697 

Results
 44 
 [4, 3, 1, 0] 
 [1, 1, 1, 1, 1] 
 0.9237487403426268 

Results
 44 
 [4, 3, 1, 0, 2] 
 [0, 0, 0, 0, 1] 
 0.9720767888307156 

Results
 44 
 [4, 3, 1, 0, 2] 
 [0, 0, 0, 1, 0] 
 0.9399293286219081 

Results
 44 
 [4, 3, 1, 0, 2] 
 [0, 0, 1, 0, 0] 
 0.934819897084048 

Results
 44 
 [4, 3, 1, 0, 2] 
 [0, 1, 0, 0, 0] 
 0.9591527987897126 

Results
 44 
 [4, 3, 1, 0, 2] 
 [1, 0, 0, 0, 0] 
 0.9612794612794613 

Results
 44 
 [4, 3, 1, 0, 2] 
 [1, 1, 1, 1, 1] 
 0.9536446086664427 

Results
 45 
 [1] 
 [0, 0, 0, 0, 1] 
 0.2198952879581152 

Results
 45 
 [1] 
 [0, 0, 0, 1, 0] 
 0.43462897526501765 

Results
 45 
 [1] 
 [0, 0, 1, 0, 0] 
 0.5849056603773585 

Results
 45 
 [1] 
 [0, 1, 0, 0, 0] 
 0.9954614220877458 

Results
 45 
 [1] 
 [1, 0, 0, 0, 0] 
 0.7828282828282829 

Results
 45 
 [1] 
 [1, 1, 1, 1, 1] 
 0.6167282499160228 

Results
 45 
 [1, 3] 
 [0, 0, 0, 0, 1] 
 0.6893542757417103 

Results
 45 
 [1, 3] 
 [0, 0, 0, 1, 0] 
 0.9664310954063604 

Results
 45 
 [1, 3] 
 [0, 0, 1, 0, 0] 
 0.614065180102916 

Results
 45 
 [1, 3] 
 [0, 1, 0, 0, 0] 
 0.9742813918305597 

Results
 45 
 [1, 3] 
 [1, 0, 0, 0, 0] 
 0.9393939393939394 

Results
 45 
 [1, 3] 
 [1, 1, 1, 1, 1] 
 0.8404433993953645 

Results
 45 
 [1, 3, 0] 
 [0, 0, 0, 0, 1] 
 0.7853403141361257 

Results
 45 
 [1, 3, 0] 
 [0, 0, 0, 1, 0] 
 0.9734982332155477 

Results
 45 
 [1, 3, 0] 
 [0, 0, 1, 0, 0] 
 0.6792452830188679 

Results
 45 
 [1, 3, 0] 
 [0, 1, 0, 0, 0] 
 0.9379727685325264 

Results
 45 
 [1, 3, 0] 
 [1, 0, 0, 0, 0] 
 0.9814814814814815 

Results
 45 
 [1, 3, 0] 
 [1, 1, 1, 1, 1] 
 0.8733624454148472 

Results
 45 
 [1, 3, 0, 2] 
 [0, 0, 0, 0, 1] 
 0.7539267015706806 

Results
 45 
 [1, 3, 0, 2] 
 [0, 0, 0, 1, 0] 
 0.9328621908127208 

Results
 45 
 [1, 3, 0, 2] 
 [0, 0, 1, 0, 0] 
 0.9245283018867925 

Results
 45 
 [1, 3, 0, 2] 
 [0, 1, 0, 0, 0] 
 0.9712556732223904 

Results
 45 
 [1, 3, 0, 2] 
 [1, 0, 0, 0, 0] 
 0.9663299663299664 

Results
 45 
 [1, 3, 0, 2] 
 [1, 1, 1, 1, 1] 
 0.9119919381928115 

Results
 45 
 [1, 3, 0, 2, 4] 
 [0, 0, 0, 0, 1] 
 0.9633507853403142 

Results
 45 
 [1, 3, 0, 2, 4] 
 [0, 0, 0, 1, 0] 
 0.9293286219081273 

Results
 45 
 [1, 3, 0, 2, 4] 
 [0, 0, 1, 0, 0] 
 0.9262435677530018 

Results
 45 
 [1, 3, 0, 2, 4] 
 [0, 1, 0, 0, 0] 
 0.9636913767019667 

Results
 45 
 [1, 3, 0, 2, 4] 
 [1, 0, 0, 0, 0] 
 0.9629629629629629 

Results
 45 
 [1, 3, 0, 2, 4] 
 [1, 1, 1, 1, 1] 
 0.9496137050722203 

Results
 46 
 [1] 
 [0, 0, 0, 0, 1] 
 0.3507853403141361 

Results
 46 
 [1] 
 [0, 0, 0, 1, 0] 
 0.43286219081272087 

Results
 46 
 [1] 
 [0, 0, 1, 0, 0] 
 0.6552315608919382 

Results
 46 
 [1] 
 [0, 1, 0, 0, 0] 
 0.9924357034795764 

Results
 46 
 [1] 
 [1, 0, 0, 0, 0] 
 0.7693602693602694 

Results
 46 
 [1] 
 [1, 1, 1, 1, 1] 
 0.6519986563654686 

Results
 46 
 [1, 0] 
 [0, 0, 0, 0, 1] 
 0.7294938917975567 

Results
 46 
 [1, 0] 
 [0, 0, 0, 1, 0] 
 0.872791519434629 

Results
 46 
 [1, 0] 
 [0, 0, 1, 0, 0] 
 0.7478559176672385 

Results
 46 
 [1, 0] 
 [0, 1, 0, 0, 0] 
 0.983358547655068 

Results
 46 
 [1, 0] 
 [1, 0, 0, 0, 0] 
 0.968013468013468 

Results
 46 
 [1, 0] 
 [1, 1, 1, 1, 1] 
 0.8642929123278468 

Results
 46 
 [1, 0, 4] 
 [0, 0, 0, 0, 1] 
 0.9738219895287958 

Results
 46 
 [1, 0, 4] 
 [0, 0, 0, 1, 0] 
 0.8833922261484098 

Results
 46 
 [1, 0, 4] 
 [0, 0, 1, 0, 0] 
 0.8507718696397941 

Results
 46 
 [1, 0, 4] 
 [0, 1, 0, 0, 0] 
 0.9515885022692889 

Results
 46 
 [1, 0, 4] 
 [1, 0, 0, 0, 0] 
 0.9629629629629629 

Results
 46 
 [1, 0, 4] 
 [1, 1, 1, 1, 1] 
 0.9254282835068861 

Results
 46 
 [1, 0, 4, 2] 
 [0, 0, 0, 0, 1] 
 0.944153577661431 

Results
 46 
 [1, 0, 4, 2] 
 [0, 0, 0, 1, 0] 
 0.7968197879858657 

Results
 46 
 [1, 0, 4, 2] 
 [0, 0, 1, 0, 0] 
 0.9605488850771869 

Results
 46 
 [1, 0, 4, 2] 
 [0, 1, 0, 0, 0] 
 0.9757942511346445 

Results
 46 
 [1, 0, 4, 2] 
 [1, 0, 0, 0, 0] 
 0.9427609427609428 

Results
 46 
 [1, 0, 4, 2] 
 [1, 1, 1, 1, 1] 
 0.9261001007725899 

Results
 46 
 [1, 0, 4, 2, 3] 
 [0, 0, 0, 0, 1] 
 0.9685863874345549 

Results
 46 
 [1, 0, 4, 2, 3] 
 [0, 0, 0, 1, 0] 
 0.9346289752650176 

Results
 46 
 [1, 0, 4, 2, 3] 
 [0, 0, 1, 0, 0] 
 0.934819897084048 

Results
 46 
 [1, 0, 4, 2, 3] 
 [0, 1, 0, 0, 0] 
 0.9561270801815431 

Results
 46 
 [1, 0, 4, 2, 3] 
 [1, 0, 0, 0, 0] 
 0.9663299663299664 

Results
 46 
 [1, 0, 4, 2, 3] 
 [1, 1, 1, 1, 1] 
 0.9523009741350352 

Results
 47 
 [2] 
 [0, 0, 0, 0, 1] 
 0.3089005235602094 

Results
 47 
 [2] 
 [0, 0, 0, 1, 0] 
 0.04063604240282685 

Results
 47 
 [2] 
 [0, 0, 1, 0, 0] 
 0.9897084048027445 

Results
 47 
 [2] 
 [0, 1, 0, 0, 0] 
 0.6580937972768532 

Results
 47 
 [2] 
 [1, 0, 0, 0, 0] 
 0.3686868686868687 

Results
 47 
 [2] 
 [1, 1, 1, 1, 1] 
 0.4806852536110178 

Results
 47 
 [2, 1] 
 [0, 0, 0, 0, 1] 
 0.3158813263525305 

Results
 47 
 [2, 1] 
 [0, 0, 0, 1, 0] 
 0.2879858657243816 

Results
 47 
 [2, 1] 
 [0, 0, 1, 0, 0] 
 0.9879931389365352 

Results
 47 
 [2, 1] 
 [0, 1, 0, 0, 0] 
 0.9848714069591528 

Results
 47 
 [2, 1] 
 [1, 0, 0, 0, 0] 
 0.7744107744107744 

Results
 47 
 [2, 1] 
 [1, 1, 1, 1, 1] 
 0.6822304333221364 

Results
 47 
 [2, 1, 4] 
 [0, 0, 0, 0, 1] 
 0.8289703315881326 

Results
 47 
 [2, 1, 4] 
 [0, 0, 0, 1, 0] 
 0.5706713780918727 

Results
 47 
 [2, 1, 4] 
 [0, 0, 1, 0, 0] 
 0.9742710120068611 

Results
 47 
 [2, 1, 4] 
 [0, 1, 0, 0, 0] 
 0.9636913767019667 

Results
 47 
 [2, 1, 4] 
 [1, 0, 0, 0, 0] 
 0.7878787878787878 

Results
 47 
 [2, 1, 4] 
 [1, 1, 1, 1, 1] 
 0.8300302317769567 

Results
 47 
 [2, 1, 4, 0] 
 [0, 0, 0, 0, 1] 
 0.900523560209424 

Results
 47 
 [2, 1, 4, 0] 
 [0, 0, 0, 1, 0] 
 0.7703180212014135 

Results
 47 
 [2, 1, 4, 0] 
 [0, 0, 1, 0, 0] 
 0.9656946826758147 

Results
 47 
 [2, 1, 4, 0] 
 [0, 1, 0, 0, 0] 
 0.9757942511346445 

Results
 47 
 [2, 1, 4, 0] 
 [1, 0, 0, 0, 0] 
 0.9276094276094277 

Results
 47 
 [2, 1, 4, 0] 
 [1, 1, 1, 1, 1] 
 0.9106483036614041 

Results
 47 
 [2, 1, 4, 0, 3] 
 [0, 0, 0, 0, 1] 
 0.9581151832460733 

Results
 47 
 [2, 1, 4, 0, 3] 
 [0, 0, 0, 1, 0] 
 0.9240282685512368 

Results
 47 
 [2, 1, 4, 0, 3] 
 [0, 0, 1, 0, 0] 
 0.9399656946826758 

Results
 47 
 [2, 1, 4, 0, 3] 
 [0, 1, 0, 0, 0] 
 0.9652042360060514 

Results
 47 
 [2, 1, 4, 0, 3] 
 [1, 0, 0, 0, 0] 
 0.9612794612794613 

Results
 47 
 [2, 1, 4, 0, 3] 
 [1, 1, 1, 1, 1] 
 0.9502855223379241 

Results
 48 
 [3] 
 [0, 0, 0, 0, 1] 
 0.6335078534031413 

Results
 48 
 [3] 
 [0, 0, 0, 1, 0] 
 0.9770318021201413 

Results
 48 
 [3] 
 [0, 0, 1, 0, 0] 
 0.08576329331046312 

Results
 48 
 [3] 
 [0, 1, 0, 0, 0] 
 0.3434190620272315 

Results
 48 
 [3] 
 [1, 0, 0, 0, 0] 
 0.8754208754208754 

Results
 48 
 [3] 
 [1, 1, 1, 1, 1] 
 0.5754114880752436 

Results
 48 
 [3, 0] 
 [0, 0, 0, 0, 1] 
 0.6649214659685864 

Results
 48 
 [3, 0] 
 [0, 0, 0, 1, 0] 
 0.9717314487632509 

Results
 48 
 [3, 0] 
 [0, 0, 1, 0, 0] 
 0.2967409948542024 

Results
 48 
 [3, 0] 
 [0, 1, 0, 0, 0] 
 0.5869894099848714 

Results
 48 
 [3, 0] 
 [1, 0, 0, 0, 0] 
 0.9865319865319865 

Results
 48 
 [3, 0] 
 [1, 1, 1, 1, 1] 
 0.698018139066174 

Results
 48 
 [3, 0, 2] 
 [0, 0, 0, 0, 1] 
 0.8726003490401396 

Results
 48 
 [3, 0, 2] 
 [0, 0, 0, 1, 0] 
 0.9469964664310954 

Results
 48 
 [3, 0, 2] 
 [0, 0, 1, 0, 0] 
 0.9159519725557461 

Results
 48 
 [3, 0, 2] 
 [0, 1, 0, 0, 0] 
 0.8850226928895613 

Results
 48 
 [3, 0, 2] 
 [1, 0, 0, 0, 0] 
 0.9814814814814815 

Results
 48 
 [3, 0, 2] 
 [1, 1, 1, 1, 1] 
 0.9197178367484045 

Results
 48 
 [3, 0, 2, 4] 
 [0, 0, 0, 0, 1] 
 0.9720767888307156 

Results
 48 
 [3, 0, 2, 4] 
 [0, 0, 0, 1, 0] 
 0.9452296819787986 

Results
 48 
 [3, 0, 2, 4] 
 [0, 0, 1, 0, 0] 
 0.9245283018867925 

Results
 48 
 [3, 0, 2, 4] 
 [0, 1, 0, 0, 0] 
 0.8835098335854765 

Results
 48 
 [3, 0, 2, 4] 
 [1, 0, 0, 0, 0] 
 0.968013468013468 

Results
 48 
 [3, 0, 2, 4] 
 [1, 1, 1, 1, 1] 
 0.9371850856567013 

Results
 48 
 [3, 0, 2, 4, 1] 
 [0, 0, 0, 0, 1] 
 0.9581151832460733 

Results
 48 
 [3, 0, 2, 4, 1] 
 [0, 0, 0, 1, 0] 
 0.9399293286219081 

Results
 48 
 [3, 0, 2, 4, 1] 
 [0, 0, 1, 0, 0] 
 0.9296740994854202 

Results
 48 
 [3, 0, 2, 4, 1] 
 [0, 1, 0, 0, 0] 
 0.9546142208774584 

Results
 48 
 [3, 0, 2, 4, 1] 
 [1, 0, 0, 0, 0] 
 0.9646464646464646 

Results
 48 
 [3, 0, 2, 4, 1] 
 [1, 1, 1, 1, 1] 
 0.9496137050722203 

Results
 49 
 [1] 
 [0, 0, 0, 0, 1] 
 0.3158813263525305 

Results
 49 
 [1] 
 [0, 0, 0, 1, 0] 
 0.450530035335689 

Results
 49 
 [1] 
 [0, 0, 1, 0, 0] 
 0.7358490566037735 

Results
 49 
 [1] 
 [0, 1, 0, 0, 0] 
 0.9924357034795764 

Results
 49 
 [1] 
 [1, 0, 0, 0, 0] 
 0.7424242424242424 

Results
 49 
 [1] 
 [1, 1, 1, 1, 1] 
 0.6590527376553578 

Results
 49 
 [1, 2] 
 [0, 0, 0, 0, 1] 
 0.32460732984293195 

Results
 49 
 [1, 2] 
 [0, 0, 0, 1, 0] 
 0.31448763250883394 

Results
 49 
 [1, 2] 
 [0, 0, 1, 0, 0] 
 0.9794168096054888 

Results
 49 
 [1, 2] 
 [0, 1, 0, 0, 0] 
 0.9818456883509834 

Results
 49 
 [1, 2] 
 [1, 0, 0, 0, 0] 
 0.765993265993266 

Results
 49 
 [1, 2] 
 [1, 1, 1, 1, 1] 
 0.6849177023849513 

Results
 49 
 [1, 2, 4] 
 [0, 0, 0, 0, 1] 
 0.8638743455497382 

Results
 49 
 [1, 2, 4] 
 [0, 0, 0, 1, 0] 
 0.5777385159010601 

Results
 49 
 [1, 2, 4] 
 [0, 0, 1, 0, 0] 
 0.9794168096054888 

Results
 49 
 [1, 2, 4] 
 [0, 1, 0, 0, 0] 
 0.9652042360060514 

Results
 49 
 [1, 2, 4] 
 [1, 0, 0, 0, 0] 
 0.8232323232323232 

Results
 49 
 [1, 2, 4] 
 [1, 1, 1, 1, 1] 
 0.846489754786698 

Results
 49 
 [1, 2, 4, 3] 
 [0, 0, 0, 0, 1] 
 0.9668411867364747 

Results
 49 
 [1, 2, 4, 3] 
 [0, 0, 0, 1, 0] 
 0.8975265017667845 

Results
 49 
 [1, 2, 4, 3] 
 [0, 0, 1, 0, 0] 
 0.9502572898799314 

Results
 49 
 [1, 2, 4, 3] 
 [0, 1, 0, 0, 0] 
 0.9652042360060514 

Results
 49 
 [1, 2, 4, 3] 
 [1, 0, 0, 0, 0] 
 0.9276094276094277 

Results
 49 
 [1, 2, 4, 3] 
 [1, 1, 1, 1, 1] 
 0.9422237151494793 

Results
 49 
 [1, 2, 4, 3, 0] 
 [0, 0, 0, 0, 1] 
 0.9650959860383944 

Results
 49 
 [1, 2, 4, 3, 0] 
 [0, 0, 0, 1, 0] 
 0.9363957597173145 

Results
 49 
 [1, 2, 4, 3, 0] 
 [0, 0, 1, 0, 0] 
 0.9382504288164666 

Results
 49 
 [1, 2, 4, 3, 0] 
 [0, 1, 0, 0, 0] 
 0.9591527987897126 

Results
 49 
 [1, 2, 4, 3, 0] 
 [1, 0, 0, 0, 0] 
 0.9629629629629629 

Results
 49 
 [1, 2, 4, 3, 0] 
 [1, 1, 1, 1, 1] 
 0.9526368827678872 

