
Experimental details:
    Model     : mlp
    Optimizer : sgd
    Learning  : 0.01
    Global Rounds   : 50

    Federated parameters:
    Non-IID
    Fraction of users  : 0.1
    Local Batch size   : 10
    Local Epochs       : 1


Experimental details:
    Model     : mlp
    Optimizer : sgd
    Learning  : 0.01
    Global Rounds   : 50

    Federated parameters:
    Non-IID
    Fraction of users  : 0.1
    Local Batch size   : 10
    Local Epochs       : 1

Results
 0 
 [3] 
 [0, 0, 0, 0, 0, 0, 0, 0, 0, 0, 0, 0, 0, 0, 0, 0, 0, 0, 0, 0, 0, 0, 0, 0, 1] 
 0.4921875 

Results
 0 
 [3] 
 [0, 0, 0, 0, 0, 0, 0, 0, 0, 0, 0, 0, 0, 0, 0, 0, 0, 0, 0, 0, 0, 0, 0, 1, 0] 
 0.4921875 

Results
 0 
 [3] 
 [0, 0, 0, 0, 0, 0, 0, 0, 0, 0, 0, 0, 0, 0, 0, 0, 0, 0, 0, 0, 0, 0, 1, 0, 0] 
 0.5052083333333334 

Results
 0 
 [3] 
 [0, 0, 0, 0, 0, 0, 0, 0, 0, 0, 0, 0, 0, 0, 0, 0, 0, 0, 0, 0, 0, 1, 0, 0, 0] 
 0.5026041666666666 

Results
 0 
 [3] 
 [0, 0, 0, 0, 0, 0, 0, 0, 0, 0, 0, 0, 0, 0, 0, 0, 0, 0, 0, 0, 1, 0, 0, 0, 0] 
 0.4947916666666667 

Results
 0 
 [3] 
 [0, 0, 0, 0, 0, 0, 0, 0, 0, 0, 0, 0, 0, 0, 0, 0, 0, 0, 0, 1, 0, 0, 0, 0, 0] 
 0.4583333333333333 

Results
 0 
 [3] 
 [0, 0, 0, 0, 0, 0, 0, 0, 0, 0, 0, 0, 0, 0, 0, 0, 0, 0, 1, 0, 0, 0, 0, 0, 0] 
 0.4921875 

Results
 0 
 [3] 
 [0, 0, 0, 0, 0, 0, 0, 0, 0, 0, 0, 0, 0, 0, 0, 0, 0, 1, 0, 0, 0, 0, 0, 0, 0] 
 0.4713541666666667 

Results
 0 
 [3] 
 [0, 0, 0, 0, 0, 0, 0, 0, 0, 0, 0, 0, 0, 0, 0, 0, 1, 0, 0, 0, 0, 0, 0, 0, 0] 
 0.5 

Results
 0 
 [3] 
 [0, 0, 0, 0, 0, 0, 0, 0, 0, 0, 0, 0, 0, 0, 0, 1, 0, 0, 0, 0, 0, 0, 0, 0, 0] 
 0.5130208333333334 

Results
 0 
 [3] 
 [0, 0, 0, 0, 0, 0, 0, 0, 0, 0, 0, 0, 0, 0, 1, 0, 0, 0, 0, 0, 0, 0, 0, 0, 0] 
 0.4947916666666667 

Results
 0 
 [3] 
 [0, 0, 0, 0, 0, 0, 0, 0, 0, 0, 0, 0, 0, 1, 0, 0, 0, 0, 0, 0, 0, 0, 0, 0, 0] 
 0.453125 

Results
 0 
 [3] 
 [0, 0, 0, 0, 0, 0, 0, 0, 0, 0, 0, 0, 1, 0, 0, 0, 0, 0, 0, 0, 0, 0, 0, 0, 0] 
 0.4583333333333333 

Results
 0 
 [3] 
 [0, 0, 0, 0, 0, 0, 0, 0, 0, 0, 0, 1, 0, 0, 0, 0, 0, 0, 0, 0, 0, 0, 0, 0, 0] 
 0.4609375 

Results
 0 
 [3] 
 [0, 0, 0, 0, 0, 0, 0, 0, 0, 0, 1, 0, 0, 0, 0, 0, 0, 0, 0, 0, 0, 0, 0, 0, 0] 
 0.4713541666666667 

Results
 0 
 [3] 
 [0, 0, 0, 0, 0, 0, 0, 0, 0, 1, 0, 0, 0, 0, 0, 0, 0, 0, 0, 0, 0, 0, 0, 0, 0] 
 0.40625 

Results
 0 
 [3] 
 [0, 0, 0, 0, 0, 0, 0, 0, 1, 0, 0, 0, 0, 0, 0, 0, 0, 0, 0, 0, 0, 0, 0, 0, 0] 
 0.4036458333333333 

Results
 0 
 [3] 
 [0, 0, 0, 0, 0, 0, 0, 1, 0, 0, 0, 0, 0, 0, 0, 0, 0, 0, 0, 0, 0, 0, 0, 0, 0] 
 0.4453125 

Results
 0 
 [3] 
 [0, 0, 0, 0, 0, 0, 1, 0, 0, 0, 0, 0, 0, 0, 0, 0, 0, 0, 0, 0, 0, 0, 0, 0, 0] 
 0.515625 

Results
 0 
 [3] 
 [0, 0, 0, 0, 0, 1, 0, 0, 0, 0, 0, 0, 0, 0, 0, 0, 0, 0, 0, 0, 0, 0, 0, 0, 0] 
 0.4401041666666667 

Results
 0 
 [3] 
 [0, 0, 0, 0, 1, 0, 0, 0, 0, 0, 0, 0, 0, 0, 0, 0, 0, 0, 0, 0, 0, 0, 0, 0, 0] 
 0.4140625 

Results
 0 
 [3] 
 [0, 0, 0, 1, 0, 0, 0, 0, 0, 0, 0, 0, 0, 0, 0, 0, 0, 0, 0, 0, 0, 0, 0, 0, 0] 
 0.46 

Results
 0 
 [3] 
 [0, 0, 1, 0, 0, 0, 0, 0, 0, 0, 0, 0, 0, 0, 0, 0, 0, 0, 0, 0, 0, 0, 0, 0, 0] 
 0.466796875 

Results
 0 
 [3] 
 [0, 1, 0, 0, 0, 0, 0, 0, 0, 0, 0, 0, 0, 0, 0, 0, 0, 0, 0, 0, 0, 0, 0, 0, 0] 
 0.484375 

Results
 0 
 [3] 
 [1, 0, 0, 0, 0, 0, 0, 0, 0, 0, 0, 0, 0, 0, 0, 0, 0, 0, 0, 0, 0, 0, 0, 0, 0] 
 0.474609375 

Results
 0 
 [3] 
 [1, 1, 1, 1, 1, 1, 1, 1, 1, 1, 1, 1, 1, 1, 1, 1, 1, 1, 1, 1, 1, 1, 1, 1, 1] 
 0.471 

Results
 0 
 [3, 11] 
 [0, 0, 0, 0, 0, 0, 0, 0, 0, 0, 0, 0, 0, 0, 0, 0, 0, 0, 0, 0, 0, 0, 0, 0, 1] 
 0.4973958333333333 

Results
 0 
 [3, 11] 
 [0, 0, 0, 0, 0, 0, 0, 0, 0, 0, 0, 0, 0, 0, 0, 0, 0, 0, 0, 0, 0, 0, 0, 1, 0] 
 0.5 

Results
 0 
 [3, 11] 
 [0, 0, 0, 0, 0, 0, 0, 0, 0, 0, 0, 0, 0, 0, 0, 0, 0, 0, 0, 0, 0, 0, 1, 0, 0] 
 0.5182291666666666 

Results
 0 
 [3, 11] 
 [0, 0, 0, 0, 0, 0, 0, 0, 0, 0, 0, 0, 0, 0, 0, 0, 0, 0, 0, 0, 0, 1, 0, 0, 0] 
 0.5078125 

Results
 0 
 [3, 11] 
 [0, 0, 0, 0, 0, 0, 0, 0, 0, 0, 0, 0, 0, 0, 0, 0, 0, 0, 0, 0, 1, 0, 0, 0, 0] 
 0.5 

Results
 0 
 [3, 11] 
 [0, 0, 0, 0, 0, 0, 0, 0, 0, 0, 0, 0, 0, 0, 0, 0, 0, 0, 0, 1, 0, 0, 0, 0, 0] 
 0.4583333333333333 

Results
 0 
 [3, 11] 
 [0, 0, 0, 0, 0, 0, 0, 0, 0, 0, 0, 0, 0, 0, 0, 0, 0, 0, 1, 0, 0, 0, 0, 0, 0] 
 0.4973958333333333 

Results
 0 
 [3, 11] 
 [0, 0, 0, 0, 0, 0, 0, 0, 0, 0, 0, 0, 0, 0, 0, 0, 0, 1, 0, 0, 0, 0, 0, 0, 0] 
 0.4765625 

Results
 0 
 [3, 11] 
 [0, 0, 0, 0, 0, 0, 0, 0, 0, 0, 0, 0, 0, 0, 0, 0, 1, 0, 0, 0, 0, 0, 0, 0, 0] 
 0.4973958333333333 

Results
 0 
 [3, 11] 
 [0, 0, 0, 0, 0, 0, 0, 0, 0, 0, 0, 0, 0, 0, 0, 1, 0, 0, 0, 0, 0, 0, 0, 0, 0] 
 0.515625 

Results
 0 
 [3, 11] 
 [0, 0, 0, 0, 0, 0, 0, 0, 0, 0, 0, 0, 0, 0, 1, 0, 0, 0, 0, 0, 0, 0, 0, 0, 0] 
 0.5026041666666666 

Results
 0 
 [3, 11] 
 [0, 0, 0, 0, 0, 0, 0, 0, 0, 0, 0, 0, 0, 1, 0, 0, 0, 0, 0, 0, 0, 0, 0, 0, 0] 
 0.4635416666666667 

Results
 0 
 [3, 11] 
 [0, 0, 0, 0, 0, 0, 0, 0, 0, 0, 0, 0, 1, 0, 0, 0, 0, 0, 0, 0, 0, 0, 0, 0, 0] 
 0.4583333333333333 

Results
 0 
 [3, 11] 
 [0, 0, 0, 0, 0, 0, 0, 0, 0, 0, 0, 1, 0, 0, 0, 0, 0, 0, 0, 0, 0, 0, 0, 0, 0] 
 0.4713541666666667 

Results
 0 
 [3, 11] 
 [0, 0, 0, 0, 0, 0, 0, 0, 0, 0, 1, 0, 0, 0, 0, 0, 0, 0, 0, 0, 0, 0, 0, 0, 0] 
 0.4713541666666667 

Results
 0 
 [3, 11] 
 [0, 0, 0, 0, 0, 0, 0, 0, 0, 1, 0, 0, 0, 0, 0, 0, 0, 0, 0, 0, 0, 0, 0, 0, 0] 
 0.40625 

Results
 0 
 [3, 11] 
 [0, 0, 0, 0, 0, 0, 0, 0, 1, 0, 0, 0, 0, 0, 0, 0, 0, 0, 0, 0, 0, 0, 0, 0, 0] 
 0.4140625 

Results
 0 
 [3, 11] 
 [0, 0, 0, 0, 0, 0, 0, 1, 0, 0, 0, 0, 0, 0, 0, 0, 0, 0, 0, 0, 0, 0, 0, 0, 0] 
 0.453125 

Results
 0 
 [3, 11] 
 [0, 0, 0, 0, 0, 0, 1, 0, 0, 0, 0, 0, 0, 0, 0, 0, 0, 0, 0, 0, 0, 0, 0, 0, 0] 
 0.5260416666666666 

Results
 0 
 [3, 11] 
 [0, 0, 0, 0, 0, 1, 0, 0, 0, 0, 0, 0, 0, 0, 0, 0, 0, 0, 0, 0, 0, 0, 0, 0, 0] 
 0.4401041666666667 

Results
 0 
 [3, 11] 
 [0, 0, 0, 0, 1, 0, 0, 0, 0, 0, 0, 0, 0, 0, 0, 0, 0, 0, 0, 0, 0, 0, 0, 0, 0] 
 0.4296875 

Results
 0 
 [3, 11] 
 [0, 0, 0, 1, 0, 0, 0, 0, 0, 0, 0, 0, 0, 0, 0, 0, 0, 0, 0, 0, 0, 0, 0, 0, 0] 
 0.47 

Results
 0 
 [3, 11] 
 [0, 0, 1, 0, 0, 0, 0, 0, 0, 0, 0, 0, 0, 0, 0, 0, 0, 0, 0, 0, 0, 0, 0, 0, 0] 
 0.4765625 

Results
 0 
 [3, 11] 
 [0, 1, 0, 0, 0, 0, 0, 0, 0, 0, 0, 0, 0, 0, 0, 0, 0, 0, 0, 0, 0, 0, 0, 0, 0] 
 0.48828125 

Results
 0 
 [3, 11] 
 [1, 0, 0, 0, 0, 0, 0, 0, 0, 0, 0, 0, 0, 0, 0, 0, 0, 0, 0, 0, 0, 0, 0, 0, 0] 
 0.486328125 

Results
 0 
 [3, 11] 
 [1, 1, 1, 1, 1, 1, 1, 1, 1, 1, 1, 1, 1, 1, 1, 1, 1, 1, 1, 1, 1, 1, 1, 1, 1] 
 0.4773 

Results
 0 
 [3, 11, 13] 
 [0, 0, 0, 0, 0, 0, 0, 0, 0, 0, 0, 0, 0, 0, 0, 0, 0, 0, 0, 0, 0, 0, 0, 0, 1] 
 0.4973958333333333 

Results
 0 
 [3, 11, 13] 
 [0, 0, 0, 0, 0, 0, 0, 0, 0, 0, 0, 0, 0, 0, 0, 0, 0, 0, 0, 0, 0, 0, 0, 1, 0] 
 0.5026041666666666 

Results
 0 
 [3, 11, 13] 
 [0, 0, 0, 0, 0, 0, 0, 0, 0, 0, 0, 0, 0, 0, 0, 0, 0, 0, 0, 0, 0, 0, 1, 0, 0] 
 0.515625 

Results
 0 
 [3, 11, 13] 
 [0, 0, 0, 0, 0, 0, 0, 0, 0, 0, 0, 0, 0, 0, 0, 0, 0, 0, 0, 0, 0, 1, 0, 0, 0] 
 0.5104166666666666 

Results
 0 
 [3, 11, 13] 
 [0, 0, 0, 0, 0, 0, 0, 0, 0, 0, 0, 0, 0, 0, 0, 0, 0, 0, 0, 0, 1, 0, 0, 0, 0] 
 0.5 

Results
 0 
 [3, 11, 13] 
 [0, 0, 0, 0, 0, 0, 0, 0, 0, 0, 0, 0, 0, 0, 0, 0, 0, 0, 0, 1, 0, 0, 0, 0, 0] 
 0.4583333333333333 

Results
 0 
 [3, 11, 13] 
 [0, 0, 0, 0, 0, 0, 0, 0, 0, 0, 0, 0, 0, 0, 0, 0, 0, 0, 1, 0, 0, 0, 0, 0, 0] 
 0.4947916666666667 

Results
 0 
 [3, 11, 13] 
 [0, 0, 0, 0, 0, 0, 0, 0, 0, 0, 0, 0, 0, 0, 0, 0, 0, 1, 0, 0, 0, 0, 0, 0, 0] 
 0.4765625 

Results
 0 
 [3, 11, 13] 
 [0, 0, 0, 0, 0, 0, 0, 0, 0, 0, 0, 0, 0, 0, 0, 0, 1, 0, 0, 0, 0, 0, 0, 0, 0] 
 0.5 

Results
 0 
 [3, 11, 13] 
 [0, 0, 0, 0, 0, 0, 0, 0, 0, 0, 0, 0, 0, 0, 0, 1, 0, 0, 0, 0, 0, 0, 0, 0, 0] 
 0.5130208333333334 

Results
 0 
 [3, 11, 13] 
 [0, 0, 0, 0, 0, 0, 0, 0, 0, 0, 0, 0, 0, 0, 1, 0, 0, 0, 0, 0, 0, 0, 0, 0, 0] 
 0.5 

Results
 0 
 [3, 11, 13] 
 [0, 0, 0, 0, 0, 0, 0, 0, 0, 0, 0, 0, 0, 1, 0, 0, 0, 0, 0, 0, 0, 0, 0, 0, 0] 
 0.4635416666666667 

Results
 0 
 [3, 11, 13] 
 [0, 0, 0, 0, 0, 0, 0, 0, 0, 0, 0, 0, 1, 0, 0, 0, 0, 0, 0, 0, 0, 0, 0, 0, 0] 
 0.4609375 

Results
 0 
 [3, 11, 13] 
 [0, 0, 0, 0, 0, 0, 0, 0, 0, 0, 0, 1, 0, 0, 0, 0, 0, 0, 0, 0, 0, 0, 0, 0, 0] 
 0.4713541666666667 

Results
 0 
 [3, 11, 13] 
 [0, 0, 0, 0, 0, 0, 0, 0, 0, 0, 1, 0, 0, 0, 0, 0, 0, 0, 0, 0, 0, 0, 0, 0, 0] 
 0.4713541666666667 

Results
 0 
 [3, 11, 13] 
 [0, 0, 0, 0, 0, 0, 0, 0, 0, 1, 0, 0, 0, 0, 0, 0, 0, 0, 0, 0, 0, 0, 0, 0, 0] 
 0.40625 

Results
 0 
 [3, 11, 13] 
 [0, 0, 0, 0, 0, 0, 0, 0, 1, 0, 0, 0, 0, 0, 0, 0, 0, 0, 0, 0, 0, 0, 0, 0, 0] 
 0.4166666666666667 

Results
 0 
 [3, 11, 13] 
 [0, 0, 0, 0, 0, 0, 0, 1, 0, 0, 0, 0, 0, 0, 0, 0, 0, 0, 0, 0, 0, 0, 0, 0, 0] 
 0.453125 

Results
 0 
 [3, 11, 13] 
 [0, 0, 0, 0, 0, 0, 1, 0, 0, 0, 0, 0, 0, 0, 0, 0, 0, 0, 0, 0, 0, 0, 0, 0, 0] 
 0.5260416666666666 

Results
 0 
 [3, 11, 13] 
 [0, 0, 0, 0, 0, 1, 0, 0, 0, 0, 0, 0, 0, 0, 0, 0, 0, 0, 0, 0, 0, 0, 0, 0, 0] 
 0.4348958333333333 

Results
 0 
 [3, 11, 13] 
 [0, 0, 0, 0, 1, 0, 0, 0, 0, 0, 0, 0, 0, 0, 0, 0, 0, 0, 0, 0, 0, 0, 0, 0, 0] 
 0.4296875 

Results
 0 
 [3, 11, 13] 
 [0, 0, 0, 1, 0, 0, 0, 0, 0, 0, 0, 0, 0, 0, 0, 0, 0, 0, 0, 0, 0, 0, 0, 0, 0] 
 0.465 

Results
 0 
 [3, 11, 13] 
 [0, 0, 1, 0, 0, 0, 0, 0, 0, 0, 0, 0, 0, 0, 0, 0, 0, 0, 0, 0, 0, 0, 0, 0, 0] 
 0.478515625 

Results
 0 
 [3, 11, 13] 
 [0, 1, 0, 0, 0, 0, 0, 0, 0, 0, 0, 0, 0, 0, 0, 0, 0, 0, 0, 0, 0, 0, 0, 0, 0] 
 0.490234375 

Results
 0 
 [3, 11, 13] 
 [1, 0, 0, 0, 0, 0, 0, 0, 0, 0, 0, 0, 0, 0, 0, 0, 0, 0, 0, 0, 0, 0, 0, 0, 0] 
 0.486328125 

Results
 0 
 [3, 11, 13] 
 [1, 1, 1, 1, 1, 1, 1, 1, 1, 1, 1, 1, 1, 1, 1, 1, 1, 1, 1, 1, 1, 1, 1, 1, 1] 
 0.4772 

Results
 0 
 [3, 11, 13, 14] 
 [0, 0, 0, 0, 0, 0, 0, 0, 0, 0, 0, 0, 0, 0, 0, 0, 0, 0, 0, 0, 0, 0, 0, 0, 1] 
 0.4973958333333333 

Results
 0 
 [3, 11, 13, 14] 
 [0, 0, 0, 0, 0, 0, 0, 0, 0, 0, 0, 0, 0, 0, 0, 0, 0, 0, 0, 0, 0, 0, 0, 1, 0] 
 0.4973958333333333 

Results
 0 
 [3, 11, 13, 14] 
 [0, 0, 0, 0, 0, 0, 0, 0, 0, 0, 0, 0, 0, 0, 0, 0, 0, 0, 0, 0, 0, 0, 1, 0, 0] 
 0.5078125 

Results
 0 
 [3, 11, 13, 14] 
 [0, 0, 0, 0, 0, 0, 0, 0, 0, 0, 0, 0, 0, 0, 0, 0, 0, 0, 0, 0, 0, 1, 0, 0, 0] 
 0.5104166666666666 

Results
 0 
 [3, 11, 13, 14] 
 [0, 0, 0, 0, 0, 0, 0, 0, 0, 0, 0, 0, 0, 0, 0, 0, 0, 0, 0, 0, 1, 0, 0, 0, 0] 
 0.4973958333333333 

Results
 0 
 [3, 11, 13, 14] 
 [0, 0, 0, 0, 0, 0, 0, 0, 0, 0, 0, 0, 0, 0, 0, 0, 0, 0, 0, 1, 0, 0, 0, 0, 0] 
 0.4505208333333333 

Results
 0 
 [3, 11, 13, 14] 
 [0, 0, 0, 0, 0, 0, 0, 0, 0, 0, 0, 0, 0, 0, 0, 0, 0, 0, 1, 0, 0, 0, 0, 0, 0] 
 0.4973958333333333 

Results
 0 
 [3, 11, 13, 14] 
 [0, 0, 0, 0, 0, 0, 0, 0, 0, 0, 0, 0, 0, 0, 0, 0, 0, 1, 0, 0, 0, 0, 0, 0, 0] 
 0.4765625 

Results
 0 
 [3, 11, 13, 14] 
 [0, 0, 0, 0, 0, 0, 0, 0, 0, 0, 0, 0, 0, 0, 0, 0, 1, 0, 0, 0, 0, 0, 0, 0, 0] 
 0.4973958333333333 

Results
 0 
 [3, 11, 13, 14] 
 [0, 0, 0, 0, 0, 0, 0, 0, 0, 0, 0, 0, 0, 0, 0, 1, 0, 0, 0, 0, 0, 0, 0, 0, 0] 
 0.5078125 

Results
 0 
 [3, 11, 13, 14] 
 [0, 0, 0, 0, 0, 0, 0, 0, 0, 0, 0, 0, 0, 0, 1, 0, 0, 0, 0, 0, 0, 0, 0, 0, 0] 
 0.4973958333333333 

Results
 0 
 [3, 11, 13, 14] 
 [0, 0, 0, 0, 0, 0, 0, 0, 0, 0, 0, 0, 0, 1, 0, 0, 0, 0, 0, 0, 0, 0, 0, 0, 0] 
 0.4635416666666667 

Results
 0 
 [3, 11, 13, 14] 
 [0, 0, 0, 0, 0, 0, 0, 0, 0, 0, 0, 0, 1, 0, 0, 0, 0, 0, 0, 0, 0, 0, 0, 0, 0] 
 0.4609375 

Results
 0 
 [3, 11, 13, 14] 
 [0, 0, 0, 0, 0, 0, 0, 0, 0, 0, 0, 1, 0, 0, 0, 0, 0, 0, 0, 0, 0, 0, 0, 0, 0] 
 0.46875 

Results
 0 
 [3, 11, 13, 14] 
 [0, 0, 0, 0, 0, 0, 0, 0, 0, 0, 1, 0, 0, 0, 0, 0, 0, 0, 0, 0, 0, 0, 0, 0, 0] 
 0.4713541666666667 

Results
 0 
 [3, 11, 13, 14] 
 [0, 0, 0, 0, 0, 0, 0, 0, 0, 1, 0, 0, 0, 0, 0, 0, 0, 0, 0, 0, 0, 0, 0, 0, 0] 
 0.4088541666666667 

Results
 0 
 [3, 11, 13, 14] 
 [0, 0, 0, 0, 0, 0, 0, 0, 1, 0, 0, 0, 0, 0, 0, 0, 0, 0, 0, 0, 0, 0, 0, 0, 0] 
 0.4140625 

Results
 0 
 [3, 11, 13, 14] 
 [0, 0, 0, 0, 0, 0, 0, 1, 0, 0, 0, 0, 0, 0, 0, 0, 0, 0, 0, 0, 0, 0, 0, 0, 0] 
 0.4505208333333333 

Results
 0 
 [3, 11, 13, 14] 
 [0, 0, 0, 0, 0, 0, 1, 0, 0, 0, 0, 0, 0, 0, 0, 0, 0, 0, 0, 0, 0, 0, 0, 0, 0] 
 0.5234375 

Results
 0 
 [3, 11, 13, 14] 
 [0, 0, 0, 0, 0, 1, 0, 0, 0, 0, 0, 0, 0, 0, 0, 0, 0, 0, 0, 0, 0, 0, 0, 0, 0] 
 0.4322916666666667 

Results
 0 
 [3, 11, 13, 14] 
 [0, 0, 0, 0, 1, 0, 0, 0, 0, 0, 0, 0, 0, 0, 0, 0, 0, 0, 0, 0, 0, 0, 0, 0, 0] 
 0.421875 

Results
 0 
 [3, 11, 13, 14] 
 [0, 0, 0, 1, 0, 0, 0, 0, 0, 0, 0, 0, 0, 0, 0, 0, 0, 0, 0, 0, 0, 0, 0, 0, 0] 
 0.465 

Results
 0 
 [3, 11, 13, 14] 
 [0, 0, 1, 0, 0, 0, 0, 0, 0, 0, 0, 0, 0, 0, 0, 0, 0, 0, 0, 0, 0, 0, 0, 0, 0] 
 0.470703125 

Results
 0 
 [3, 11, 13, 14] 
 [0, 1, 0, 0, 0, 0, 0, 0, 0, 0, 0, 0, 0, 0, 0, 0, 0, 0, 0, 0, 0, 0, 0, 0, 0] 
 0.48828125 

Results
 0 
 [3, 11, 13, 14] 
 [1, 0, 0, 0, 0, 0, 0, 0, 0, 0, 0, 0, 0, 0, 0, 0, 0, 0, 0, 0, 0, 0, 0, 0, 0] 
 0.486328125 

Results
 0 
 [3, 11, 13, 14] 
 [1, 1, 1, 1, 1, 1, 1, 1, 1, 1, 1, 1, 1, 1, 1, 1, 1, 1, 1, 1, 1, 1, 1, 1, 1] 
 0.4748 

Results
 0 
 [3, 11, 13, 14, 12] 
 [0, 0, 0, 0, 0, 0, 0, 0, 0, 0, 0, 0, 0, 0, 0, 0, 0, 0, 0, 0, 0, 0, 0, 0, 1] 
 0.4947916666666667 

Results
 0 
 [3, 11, 13, 14, 12] 
 [0, 0, 0, 0, 0, 0, 0, 0, 0, 0, 0, 0, 0, 0, 0, 0, 0, 0, 0, 0, 0, 0, 0, 1, 0] 
 0.4947916666666667 

Results
 0 
 [3, 11, 13, 14, 12] 
 [0, 0, 0, 0, 0, 0, 0, 0, 0, 0, 0, 0, 0, 0, 0, 0, 0, 0, 0, 0, 0, 0, 1, 0, 0] 
 0.5104166666666666 

Results
 0 
 [3, 11, 13, 14, 12] 
 [0, 0, 0, 0, 0, 0, 0, 0, 0, 0, 0, 0, 0, 0, 0, 0, 0, 0, 0, 0, 0, 1, 0, 0, 0] 
 0.5104166666666666 

Results
 0 
 [3, 11, 13, 14, 12] 
 [0, 0, 0, 0, 0, 0, 0, 0, 0, 0, 0, 0, 0, 0, 0, 0, 0, 0, 0, 0, 1, 0, 0, 0, 0] 
 0.4973958333333333 

Results
 0 
 [3, 11, 13, 14, 12] 
 [0, 0, 0, 0, 0, 0, 0, 0, 0, 0, 0, 0, 0, 0, 0, 0, 0, 0, 0, 1, 0, 0, 0, 0, 0] 
 0.4557291666666667 

Results
 0 
 [3, 11, 13, 14, 12] 
 [0, 0, 0, 0, 0, 0, 0, 0, 0, 0, 0, 0, 0, 0, 0, 0, 0, 0, 1, 0, 0, 0, 0, 0, 0] 
 0.5 

Results
 0 
 [3, 11, 13, 14, 12] 
 [0, 0, 0, 0, 0, 0, 0, 0, 0, 0, 0, 0, 0, 0, 0, 0, 0, 1, 0, 0, 0, 0, 0, 0, 0] 
 0.4739583333333333 

Results
 0 
 [3, 11, 13, 14, 12] 
 [0, 0, 0, 0, 0, 0, 0, 0, 0, 0, 0, 0, 0, 0, 0, 0, 1, 0, 0, 0, 0, 0, 0, 0, 0] 
 0.4947916666666667 

Results
 0 
 [3, 11, 13, 14, 12] 
 [0, 0, 0, 0, 0, 0, 0, 0, 0, 0, 0, 0, 0, 0, 0, 1, 0, 0, 0, 0, 0, 0, 0, 0, 0] 
 0.5078125 

Results
 0 
 [3, 11, 13, 14, 12] 
 [0, 0, 0, 0, 0, 0, 0, 0, 0, 0, 0, 0, 0, 0, 1, 0, 0, 0, 0, 0, 0, 0, 0, 0, 0] 
 0.4947916666666667 

Results
 0 
 [3, 11, 13, 14, 12] 
 [0, 0, 0, 0, 0, 0, 0, 0, 0, 0, 0, 0, 0, 1, 0, 0, 0, 0, 0, 0, 0, 0, 0, 0, 0] 
 0.4635416666666667 

Results
 0 
 [3, 11, 13, 14, 12] 
 [0, 0, 0, 0, 0, 0, 0, 0, 0, 0, 0, 0, 1, 0, 0, 0, 0, 0, 0, 0, 0, 0, 0, 0, 0] 
 0.4661458333333333 

Results
 0 
 [3, 11, 13, 14, 12] 
 [0, 0, 0, 0, 0, 0, 0, 0, 0, 0, 0, 1, 0, 0, 0, 0, 0, 0, 0, 0, 0, 0, 0, 0, 0] 
 0.4661458333333333 

Results
 0 
 [3, 11, 13, 14, 12] 
 [0, 0, 0, 0, 0, 0, 0, 0, 0, 0, 1, 0, 0, 0, 0, 0, 0, 0, 0, 0, 0, 0, 0, 0, 0] 
 0.4713541666666667 

Results
 0 
 [3, 11, 13, 14, 12] 
 [0, 0, 0, 0, 0, 0, 0, 0, 0, 1, 0, 0, 0, 0, 0, 0, 0, 0, 0, 0, 0, 0, 0, 0, 0] 
 0.4140625 

Results
 0 
 [3, 11, 13, 14, 12] 
 [0, 0, 0, 0, 0, 0, 0, 0, 1, 0, 0, 0, 0, 0, 0, 0, 0, 0, 0, 0, 0, 0, 0, 0, 0] 
 0.4166666666666667 

Results
 0 
 [3, 11, 13, 14, 12] 
 [0, 0, 0, 0, 0, 0, 0, 1, 0, 0, 0, 0, 0, 0, 0, 0, 0, 0, 0, 0, 0, 0, 0, 0, 0] 
 0.4557291666666667 

Results
 0 
 [3, 11, 13, 14, 12] 
 [0, 0, 0, 0, 0, 0, 1, 0, 0, 0, 0, 0, 0, 0, 0, 0, 0, 0, 0, 0, 0, 0, 0, 0, 0] 
 0.5182291666666666 

Results
 0 
 [3, 11, 13, 14, 12] 
 [0, 0, 0, 0, 0, 1, 0, 0, 0, 0, 0, 0, 0, 0, 0, 0, 0, 0, 0, 0, 0, 0, 0, 0, 0] 
 0.4375 

Results
 0 
 [3, 11, 13, 14, 12] 
 [0, 0, 0, 0, 1, 0, 0, 0, 0, 0, 0, 0, 0, 0, 0, 0, 0, 0, 0, 0, 0, 0, 0, 0, 0] 
 0.4322916666666667 

Results
 0 
 [3, 11, 13, 14, 12] 
 [0, 0, 0, 1, 0, 0, 0, 0, 0, 0, 0, 0, 0, 0, 0, 0, 0, 0, 0, 0, 0, 0, 0, 0, 0] 
 0.4675 

Results
 0 
 [3, 11, 13, 14, 12] 
 [0, 0, 1, 0, 0, 0, 0, 0, 0, 0, 0, 0, 0, 0, 0, 0, 0, 0, 0, 0, 0, 0, 0, 0, 0] 
 0.470703125 

Results
 0 
 [3, 11, 13, 14, 12] 
 [0, 1, 0, 0, 0, 0, 0, 0, 0, 0, 0, 0, 0, 0, 0, 0, 0, 0, 0, 0, 0, 0, 0, 0, 0] 
 0.48828125 

Results
 0 
 [3, 11, 13, 14, 12] 
 [1, 0, 0, 0, 0, 0, 0, 0, 0, 0, 0, 0, 0, 0, 0, 0, 0, 0, 0, 0, 0, 0, 0, 0, 0] 
 0.484375 

Results
 0 
 [3, 11, 13, 14, 12] 
 [1, 1, 1, 1, 1, 1, 1, 1, 1, 1, 1, 1, 1, 1, 1, 1, 1, 1, 1, 1, 1, 1, 1, 1, 1] 
 0.4757 

Results
 0 
 [3, 11, 13, 14, 12, 20] 
 [0, 0, 0, 0, 0, 0, 0, 0, 0, 0, 0, 0, 0, 0, 0, 0, 0, 0, 0, 0, 0, 0, 0, 0, 1] 
 0.4921875 

Results
 0 
 [3, 11, 13, 14, 12, 20] 
 [0, 0, 0, 0, 0, 0, 0, 0, 0, 0, 0, 0, 0, 0, 0 
 0.685546875 

Results
 9 
 [ 
 0.4947916666666667 

Results
 0 
 [3, 11, 13, 14, 12, 20] 
 [0, 0, 0, 0, 0, 0, 0, 0, 0, 0, 0, 0, 0, 0, 0, 0, 0, 0, 0, 0, 0, 0, 1, 0, 0] 
 0.5104166666666666 

Results
 0 
 [3, 11, 13, 14, 12, 20] 
 [0, 0, 0, 0, 0, 0, 0, 0, 0, 0, 0, 0, 0, 0, 0, 0, 0, 0, 0, 0, 0, 1, 0, 0, 0] 
 0.5104166666666666 

Results
 0 
 [3, 11, 13, 14, 12, 20] 
 [0, 0, 0, 0, 0, 0, 0, 0, 0, 0, 0, 0, 0, 0, 0, 0, 0, 0, 0, 0, 1, 0, 0, 0, 0] 
 0.4947916666666667 

Results
 0 
 [3, 11, 13, 14, 12, 20] 
 [0, 0, 0, 0, 0, 0, 0, 0, 0, 0, 0, 0, 0, 0, 0, 0, 0, 0, 0, 1, 0, 0, 0, 0, 0] 
 0.453125 

Results
 0 
 [3, 11, 13, 14, 12, 20] 
 [0, 0, 0, 0, 0, 0, 0, 0, 0, 0, 0, 0, 0, 0, 0, 0, 0, 0, 1, 0, 0, 0, 0, 0, 0] 
 0.4973958333333333 

Results
 0 
 [3, 11, 13, 14, 12, 20] 
 [0, 0, 0, 0, 0, 0, 0, 0, 0, 0, 0, 0, 0, 0, 0, 0, 0, 1, 0, 0, 0, 0, 0, 0, 0] 
 0.46875 

Results
 0 
 [3, 11, 13, 14, 12, 20] 
 [0, 0, 0, 0, 0, 0, 0, 0, 0, 0, 0, 0, 0, 0, 0, 0, 1, 0, 0, 0, 0, 0, 0, 0, 0] 
 0.4921875 

Results
 0 
 [3, 11, 13, 14, 12, 20] 
 [0, 0, 0, 0, 0, 0, 0, 0, 0, 0, 0, 0, 0, 0, 0, 1, 0, 0, 0, 0, 0, 0, 0, 0, 0] 
 0.5078125 

Results
 0 
 [3, 11, 13, 14, 12, 20] 
 [0, 0, 0, 0, 0, 0, 0, 0, 0, 0, 0, 0, 0, 0, 1, 0, 0, 0, 0, 0, 0, 0, 0, 0, 0] 
 0.4921875 

Results
 0 
 [3, 11, 13, 14, 12, 20] 
 [0, 0, 0, 0, 0, 0, 0, 0, 0, 0, 0, 0, 0, 1, 0, 0, 0, 0, 0, 0, 0, 0, 0, 0, 0] 
 0.4557291666666667 

Results
 0 
 [3, 11, 13, 14, 12, 20] 
 [0, 0, 0, 0, 0, 0, 0, 0, 0, 0, 0, 0, 1, 0, 0, 0, 0, 0, 0, 0, 0, 0, 0, 0, 0] 
 0.4635416666666667 

Results
 0 
 [3, 11, 13, 14, 12, 20] 
 [0, 0, 0, 0, 0, 0, 0, 0, 0, 0, 0, 1, 0, 0, 0, 0, 0, 0, 0, 0, 0, 0, 0, 0, 0] 
 0.4583333333333333 

Results
 0 
 [3, 11, 13, 14, 12, 20] 
 [0, 0, 0, 0, 0, 0, 0, 0, 0, 0, 1, 0, 0, 0, 0, 0, 0, 0, 0, 0, 0, 0, 0, 0, 0] 
 0.4713541666666667 

Results
 0 
 [3, 11, 13, 14, 12, 20] 
 [0, 0, 0, 0, 0, 0, 0, 0, 0, 1, 0, 0, 0, 0, 0, 0, 0, 0, 0, 0, 0, 0, 0, 0, 0] 
 0.4114583333333333 

Results
 0 
 [3, 11, 13, 14, 12, 20] 
 [0, 0, 0, 0, 0, 0, 0, 0, 1, 0, 0, 0, 0, 0, 0, 0, 0, 0, 0, 0, 0, 0, 0, 0, 0] 
 0.4088541666666667 

Results
 0 
 [3, 11, 13, 14, 12, 20] 
 [0, 0, 0, 0, 0, 0, 0, 1, 0, 0, 0, 0, 0, 0, 0, 0, 0, 0, 0, 0, 0, 0, 0, 0, 0] 
 0.453125 

Results
 0 
 [3, 11, 13, 14, 12, 20] 
 [0, 0, 0, 0, 0, 0, 1, 0, 0, 0, 0, 0, 0, 0, 0, 0, 0, 0, 0, 0, 0, 0, 0, 0, 0] 
 0.5182291666666666 

Results
 0 
 [3, 11, 13, 14, 12, 20] 
 [0, 0, 0, 0, 0, 1, 0, 0, 0, 0, 0, 0, 0, 0, 0, 0, 0, 0, 0, 0, 0, 0, 0, 0, 0] 
 0.4322916666666667 

Results
 0 
 [3, 11, 13, 14, 12, 20] 
 [0, 0, 0, 0, 1, 0, 0, 0, 0, 0, 0, 0, 0, 0, 0, 0, 0, 0, 0, 0, 0, 0, 0, 0, 0] 
 0.4322916666666667 

Results
 0 
 [3, 11, 13, 14, 12, 20] 
 [0, 0, 0, 1, 0, 0, 0, 0, 0, 0, 0, 0, 0, 0, 0, 0, 0, 0, 0, 0, 0, 0, 0, 0, 0] 
 0.465 

Results
 0 
 [3, 11, 13, 14, 12, 20] 
 [0, 0, 1, 0, 0, 0, 0, 0, 0, 0, 0, 0, 0, 0, 0, 0, 0, 0, 0, 0, 0, 0, 0, 0, 0] 
 0.47265625 

Results
 0 
 [3, 11, 13, 14, 12, 20] 
 [0, 1, 0, 0, 0, 0, 0, 0, 0, 0, 0, 0, 0, 0, 0, 0, 0, 0, 0, 0, 0, 0, 0, 0, 0] 
 0.48828125 

Results
 0 
 [3, 11, 13, 14, 12, 20] 
 [1, 0, 0, 0, 0, 0, 0, 0, 0, 0, 0, 0, 0, 0, 0, 0, 0, 0, 0, 0, 0, 0, 0, 0, 0] 
 0.484375 

Results
 0 
 [3, 11, 13, 14, 12, 20] 
 [1, 1, 1, 1, 1, 1, 1, 1, 1, 1, 1, 1, 1, 1, 1, 1, 1, 1, 1, 1, 1, 1, 1, 1, 1] 
 0.4735 

Results
 0 
 [3, 11, 13, 14, 12, 20, 1] 
 [0, 0, 0, 0, 0, 0, 0, 0, 0, 0, 0, 0, 0, 0, 0, 0, 0, 0, 0, 0, 0, 0, 0, 0, 1] 
 0.4973958333333333 

Results
 0 
 [3, 11, 13, 14, 12, 20, 1] 
 [0, 0, 0, 0, 0, 0, 0, 0, 0, 0, 0, 0, 0, 0, 0, 0, 0, 0, 0, 0, 0, 0, 0, 1, 0] 
 0.4947916666666667 

Results
 0 
 [3, 11, 13, 14, 12, 20, 1] 
 [0, 0, 0, 0, 0, 0, 0, 0, 0, 0, 0, 0, 0, 0, 0, 0, 0, 0, 0, 0, 0, 0, 1, 0, 0] 
 0.5104166666666666 

Results
 0 
 [3, 11, 13, 14, 12, 20, 1] 
 [0, 0, 0, 0, 0, 0, 0, 0, 0, 0, 0, 0, 0, 0, 0, 0, 0, 0, 0, 0, 0, 1, 0, 0, 0] 
 0.5104166666666666 

Results
 0 
 [3, 11, 13, 14, 12, 20, 1] 
 [0, 0, 0, 0, 0, 0, 0, 0, 0, 0, 0, 0, 0, 0, 0, 0, 0, 0, 0, 0, 1, 0, 0, 0, 0] 
 0.4973958333333333 

Results
 0 
 [3, 11, 13, 14, 12, 20, 1] 
 [0, 0, 0, 0, 0, 0, 0, 0, 0, 0, 0, 0, 0, 0, 0, 0, 0, 0, 0, 1, 0, 0, 0, 0, 0] 
 0.4557291666666667 

Results
 0 
 [3, 11, 13, 14, 12, 20, 1] 
 [0, 0, 0, 0, 0, 0, 0, 0, 0, 0, 0, 0, 0, 0, 0, 0, 0, 0, 1, 0, 0, 0, 0, 0, 0] 
 0.5 

Results
 0 
 [3, 11, 13, 14, 12, 20, 1] 
 [0, 0, 0, 0, 0, 0, 0, 0, 0, 0, 0, 0, 0, 0, 0, 0, 0, 1, 0, 0, 0, 0, 0, 0, 0] 
 0.4713541666666667 

Results
 0 
 [3, 11, 13, 14, 12, 20, 1] 
 [0, 0, 0, 0, 0, 0, 0, 0, 0, 0, 0, 0, 0, 0, 0, 0, 1, 0, 0, 0, 0, 0, 0, 0, 0] 
 0.5 

Results
 0 
 [3, 11, 13, 14, 12, 20, 1] 
 [0, 0, 0, 0, 0, 0, 0, 0, 0, 0, 0, 0, 0, 0, 0, 1, 0, 0, 0, 0, 0, 0, 0, 0, 0] 
 0.5078125 

Results
 0 
 [3, 11, 13, 14, 12, 20, 1] 
 [0, 0, 0, 0, 0, 0, 0, 0, 0, 0, 0, 0, 0, 0, 1, 0, 0, 0, 0, 0, 0, 0, 0, 0, 0] 
 0.4973958333333333 

Results
 0 
 [3, 11, 13, 14, 12, 20, 1] 
 [0, 0, 0, 0, 0, 0, 0, 0, 0, 0, 0, 0, 0, 1, 0, 0, 0, 0, 0, 0, 0, 0, 0, 0, 0] 
 0.4557291666666667 

Results
 0 
 [3, 11, 13, 14, 12, 20, 1] 
 [0, 0, 0, 0, 0, 0, 0, 0, 0, 0, 0, 0, 1, 0, 0, 0, 0, 0, 0, 0, 0, 0, 0, 0, 0] 
 0.4635416666666667 

Results
 0 
 [3, 11, 13, 14, 12, 20, 1] 
 [0, 0, 0, 0, 0, 0, 0, 0, 0, 0, 0, 1, 0, 0, 0, 0, 0, 0, 0, 0, 0, 0, 0, 0, 0] 
 0.4583333333333333 

Results
 0 
 [3, 11, 13, 14, 12, 20, 1] 
 [0, 0, 0, 0, 0, 0, 0, 0, 0, 0, 1, 0, 0, 0, 0, 0, 0, 0, 0, 0, 0, 0, 0, 0, 0] 
 0.4713541666666667 

Results
 0 
 [3, 11, 13, 14, 12, 20, 1] 
 [0, 0, 0, 0, 0, 0, 0, 0, 0, 1, 0, 0, 0, 0, 0, 0, 0, 0, 0, 0, 0, 0, 0, 0, 0] 
 0.4114583333333333 

Results
 0 
 [3, 11, 13, 14, 12, 20, 1] 
 [0, 0, 0, 0, 0, 0, 0, 0, 1, 0, 0, 0, 0, 0, 0, 0, 0, 0, 0, 0, 0, 0, 0, 0, 0] 
 0.4114583333333333 

Results
 0 
 [3, 11, 13, 14, 12, 20, 1] 
 [0, 0, 0, 0, 0, 0, 0, 1, 0, 0, 0, 0, 0, 0, 0, 0, 0, 0, 0, 0, 0, 0, 0, 0, 0] 
 0.4505208333333333 

Results
 0 
 [3, 11, 13, 14, 12, 20, 1] 
 [0, 0, 0, 0, 0, 0, 1, 0, 0, 0, 0, 0, 0, 0, 0, 0, 0, 0, 0, 0, 0, 0, 0, 0, 0] 
 0.5182291666666666 

Results
 0 
 [3, 11, 13, 14, 12, 20, 1] 
 [0, 0, 0, 0, 0, 1, 0, 0, 0, 0, 0, 0, 0, 0, 0, 0, 0, 0, 0, 0, 0, 0, 0, 0, 0] 
 0.4348958333333333 

Results
 0 
 [3, 11, 13, 14, 12, 20, 1] 
 [0, 0, 0, 0, 1, 0, 0, 0, 0, 0, 0, 0, 0, 0, 0, 0, 0, 0, 0, 0, 0, 0, 0, 0, 0] 
 0.4296875 

Results
 0 
 [3, 11, 13, 14, 12, 20, 1] 
 [0, 0, 0, 1, 0, 0, 0, 0, 0, 0, 0, 0, 0, 0, 0, 0, 0, 0, 0, 0, 0, 0, 0, 0, 0] 
 0.4675 

Results
 0 
 [3, 11, 13, 14, 12, 20, 1] 
 [0, 0, 1, 0, 0, 0, 0, 0, 0, 0, 0, 0, 0, 0, 0, 0, 0, 0, 0, 0, 0, 0, 0, 0, 0] 
 0.47265625 

Results
 0 
 [3, 11, 13, 14, 12, 20, 1] 
 [0, 1, 0, 0, 0, 0, 0, 0, 0, 0, 0, 0, 0, 0, 0, 0, 0, 0, 0, 0, 0, 0, 0, 0, 0] 
 0.486328125 

Results
 0 
 [3, 11, 13, 14, 12, 20, 1] 
 [1, 0, 0, 0, 0, 0, 0, 0, 0, 0, 0, 0, 0, 0, 0, 0, 0, 0, 0, 0, 0, 0, 0, 0, 0] 
 0.484375 

Results
 0 
 [3, 11, 13, 14, 12, 20, 1] 
 [1, 1, 1, 1, 1, 1, 1, 1, 1, 1, 1, 1, 1, 1, 1, 1, 1, 1, 1, 1, 1, 1, 1, 1, 1] 
 0.4746 

Results
 0 
 [3, 11, 13, 14, 12, 20, 1, 9] 
 [0, 0, 0, 0, 0, 0, 0, 0, 0, 0, 0, 0, 0, 0, 0, 0, 0, 0, 0, 0, 0, 0, 0, 0, 1] 
 0.4947916666666667 

Results
 0 
 [3, 11, 13, 14, 12, 20, 1, 9] 
 [0, 0, 0, 0, 0, 0, 0, 0, 0, 0, 0, 0, 0, 0, 0, 0, 0, 0, 0, 0, 0, 0, 0, 1, 0] 
 0.4947916666666667 

Results
 0 
 [3, 11, 13, 14, 12, 20, 1, 9] 
 [0, 0, 0, 0, 0, 0, 0, 0, 0, 0, 0, 0, 0, 0, 0, 0, 0, 0, 0, 0, 0, 0, 1, 0, 0] 
 0.5104166666666666 

Results
 0 
 [3, 11, 13, 14, 12, 20, 1, 9] 
 [0, 0, 0, 0, 0, 0, 0, 0, 0, 0, 0, 0, 0, 0, 0, 0, 0, 0, 0, 0, 0, 1, 0, 0, 0] 
 0.5104166666666666 

Results
 0 
 [3, 11, 13, 14, 12, 20, 1, 9] 
 [0, 0, 0, 0, 0, 0, 0, 0, 0, 0, 0, 0, 0, 0, 0, 0, 0, 0, 0, 0, 1, 0, 0, 0, 0] 
 0.4973958333333333 

Results
 0 
 [3, 11, 13, 14, 12, 20, 1, 9] 
 [0, 0, 0, 0, 0, 0, 0, 0, 0, 0, 0, 0, 0, 0, 0, 0, 0, 0, 0, 1, 0, 0, 0, 0, 0] 
 0.453125 

Results
 0 
 [3, 11, 13, 14, 12, 20, 1, 9] 
 [0, 0, 0, 0, 0, 0, 0, 0, 0, 0, 0, 0, 0, 0, 0, 0, 0, 0, 1, 0, 0, 0, 0, 0, 0] 
 0.5 

Results
 0 
 [3, 11, 13, 14, 12, 20, 1, 9] 
 [0, 0, 0, 0, 0, 0, 0, 0, 0, 0, 0, 0, 0, 0, 0, 0, 0, 1, 0, 0, 0, 0, 0, 0, 0] 
 0.4739583333333333 

Results
 0 
 [3, 11, 13, 14, 12, 20, 1, 9] 
 [0, 0, 0, 0, 0, 0, 0, 0, 0, 0, 0, 0, 0, 0, 0, 0, 1, 0, 0, 0, 0, 0, 0, 0, 0] 
 0.4947916666666667 

Results
 0 
 [3, 11, 13, 14, 12, 20, 1, 9] 
 [0, 0, 0, 0, 0, 0, 0, 0, 0, 0, 0, 0, 0, 0, 0, 1, 0, 0, 0, 0, 0, 0, 0, 0, 0] 
 0.5078125 

Results
 0 
 [3, 11, 13, 14, 12, 20, 1, 9] 
 [0, 0, 0, 0, 0, 0, 0, 0, 0, 0, 0, 0, 0, 0, 1, 0, 0, 0, 0, 0, 0, 0, 0, 0, 0] 
 0.4973958333333333 

Results
 0 
 [3, 11, 13, 14, 12, 20, 1, 9] 
 [0, 0, 0, 0, 0, 0, 0, 0, 0, 0, 0, 0, 0, 1, 0, 0, 0, 0, 0, 0, 0, 0, 0, 0, 0] 
 0.4609375 

Results
 0 
 [3, 11, 13, 14, 12, 20, 1, 9] 
 [0, 0, 0, 0, 0, 0, 0, 0, 0, 0, 0, 0, 1, 0, 0, 0, 0, 0, 0, 0, 0, 0, 0, 0, 0] 
 0.4635416666666667 

Results
 0 
 [3, 11, 13, 14, 12, 20, 1, 9] 
 [0, 0, 0, 0, 0, 0, 0, 0, 0, 0, 0, 1, 0, 0, 0, 0, 0, 0, 0, 0, 0, 0, 0, 0, 0] 
 0.4635416666666667 

Results
 0 
 [3, 11, 13, 14, 12, 20, 1, 9] 
 [0, 0, 0, 0, 0, 0, 0, 0, 0, 0, 1, 0, 0, 0, 0, 0, 0, 0, 0, 0, 0, 0, 0, 0, 0] 
 0.4713541666666667 

Results
 0 
 [3, 11, 13, 14, 12, 20, 1, 9] 
 [0, 0, 0, 0, 0, 0, 0, 0, 0, 1, 0, 0, 0, 0, 0, 0, 0, 0, 0, 0, 0, 0, 0, 0, 0] 
 0.4114583333333333 

Results
 0 
 [3, 11, 13, 14, 12, 20, 1, 9] 
 [0, 0, 0, 0, 0, 0, 0, 0, 1, 0, 0, 0, 0, 0, 0, 0, 0, 0, 0, 0, 0, 0, 0, 0, 0] 
 0.4140625 

Results
 0 
 [3, 11, 13, 14, 12, 20, 1, 9] 
 [0, 0, 0, 0, 0, 0, 0, 1, 0, 0, 0, 0, 0, 0, 0, 0, 0, 0, 0, 0, 0, 0, 0, 0, 0] 
 0.4505208333333333 

Results
 0 
 [3, 11, 13, 14, 12, 20, 1, 9] 
 [0, 0, 0, 0, 0, 0, 1, 0, 0, 0, 0, 0, 0, 0, 0, 0, 0, 0, 0, 0, 0, 0, 0, 0, 0] 
 0.5182291666666666 

Results
 0 
 [3, 11, 13, 14, 12, 20, 1, 9] 
 [0, 0, 0, 0, 0, 1, 0, 0, 0, 0, 0, 0, 0, 0, 0, 0, 0, 0, 0, 0, 0, 0, 0, 0, 0] 
 0.4348958333333333 

Results
 0 
 [3, 11, 13, 14, 12, 20, 1, 9] 
 [0, 0, 0, 0, 1, 0, 0, 0, 0, 0, 0, 0, 0, 0, 0, 0, 0, 0, 0, 0, 0, 0, 0, 0, 0] 
 0.4348958333333333 

Results
 0 
 [3, 11, 13, 14, 12, 20, 1, 9] 
 [0, 0, 0, 1, 0, 0, 0, 0, 0, 0, 0, 0, 0, 0, 0, 0, 0, 0, 0, 0, 0, 0, 0, 0, 0] 
 0.4675 

Results
 0 
 [3, 11, 13, 14, 12, 20, 1, 9] 
 [0, 0, 1, 0, 0, 0, 0, 0, 0, 0, 0, 0, 0, 0, 0, 0, 0, 0, 0, 0, 0, 0, 0, 0, 0] 
 0.47265625 

Results
 0 
 [3, 11, 13, 14, 12, 20, 1, 9] 
 [0, 1, 0, 0, 0, 0, 0, 0, 0, 0, 0, 0, 0, 0, 0, 0, 0, 0, 0, 0, 0, 0, 0, 0, 0] 
 0.48828125 

Results
 0 
 [3, 11, 13, 14, 12, 20, 1, 9] 
 [1, 0, 0, 0, 0, 0, 0, 0, 0, 0, 0, 0, 0, 0, 0, 0, 0, 0, 0, 0, 0, 0, 0, 0, 0] 
 0.484375 

Results
 0 
 [3, 11, 13, 14, 12, 20, 1, 9] 
 [1, 1, 1, 1, 1, 1, 1, 1, 1, 1, 1, 1, 1, 1, 1, 1, 1, 1, 1, 1, 1, 1, 1, 1, 1] 
 0.4751 

Results
 0 
 [3, 11, 13, 14, 12, 20, 1, 9, 2] 
 [0, 0, 0, 0, 0, 0, 0, 0, 0, 0, 0, 0, 0, 0, 0, 0, 0, 0, 0, 0, 0, 0, 0, 0, 1] 
 0.4947916666666667 

Results
 0 
 [3, 11, 13, 14, 12, 20, 1, 9, 2] 
 [0, 0, 0, 0, 0, 0, 0, 0, 0, 0, 0, 0, 0, 0, 0, 0, 0, 0, 0, 0, 0, 0, 0, 1, 0] 
 0.4947916666666667 

Results
 0 
 [3, 11, 13, 14, 12, 20, 1, 9, 2] 
 [0, 0, 0, 0, 0, 0, 0, 0, 0, 0, 0, 0, 0, 0, 0, 0, 0, 0, 0, 0, 0, 0, 1, 0, 0] 
 0.5104166666666666 

Results
 0 
 [3, 11, 13, 14, 12, 20, 1, 9, 2] 
 [0, 0, 0, 0, 0, 0, 0, 0, 0, 0, 0, 0, 0, 0, 0, 0, 0, 0, 0, 0, 0, 1, 0, 0, 0] 
 0.5104166666666666 

Results
 0 
 [3, 11, 13, 14, 12, 20, 1, 9, 2] 
 [0, 0, 0, 0, 0, 0, 0, 0, 0, 0, 0, 0, 0, 0, 0, 0, 0, 0, 0, 0, 1, 0, 0, 0, 0] 
 0.4973958333333333 

Results
 0 
 [3, 11, 13, 14, 12, 20, 1, 9, 2] 
 [0, 0, 0, 0, 0, 0, 0, 0, 0, 0, 0, 0, 0, 0, 0, 0, 0, 0, 0, 1, 0, 0, 0, 0, 0] 
 0.4557291666666667 

Results
 0 
 [3, 11, 13, 14, 12, 20, 1, 9, 2] 
 [0, 0, 0, 0, 0, 0, 0, 0, 0, 0, 0, 0, 0, 0, 0, 0, 0, 0, 1, 0, 0, 0, 0, 0, 0] 
 0.5 

Results
 0 
 [3, 11, 13, 14, 12, 20, 1, 9, 2] 
 [0, 0, 0, 0, 0, 0, 0, 0, 0, 0, 0, 0, 0, 0, 0, 0, 0, 1, 0, 0, 0, 0, 0, 0, 0] 
 0.4739583333333333 

Results
 0 
 [3, 11, 13, 14, 12, 20, 1, 9, 2] 
 [0, 0, 0, 0, 0, 0, 0, 0, 0, 0, 0, 0, 0, 0, 0, 0, 1, 0, 0, 0, 0, 0, 0, 0, 0] 
 0.4973958333333333 

Results
 0 
 [3, 11, 13, 14, 12, 20, 1, 9, 2] 
 [0, 0, 0, 0, 0, 0, 0, 0, 0, 0, 0, 0, 0, 0, 0, 1, 0, 0, 0, 0, 0, 0, 0, 0, 0] 
 0.5078125 

Results
 0 
 [3, 11, 13, 14, 12, 20, 1, 9, 2] 
 [0, 0, 0, 0, 0, 0, 0, 0, 0, 0, 0, 0, 0, 0, 1, 0, 0, 0, 0, 0, 0, 0, 0, 0, 0] 
 0.4973958333333333 

Results
 0 
 [3, 11, 13, 14, 12, 20, 1, 9, 2] 
 [0, 0, 0, 0, 0, 0, 0, 0, 0, 0, 0, 0, 0, 1, 0, 0, 0, 0, 0, 0, 0, 0, 0, 0, 0] 
 0.4609375 

Results
 0 
 [3, 11, 13, 14, 12, 20, 1, 9, 2] 
 [0, 0, 0, 0, 0, 0, 0, 0, 0, 0, 0, 0, 1, 0, 0, 0, 0, 0, 0, 0, 0, 0, 0, 0, 0] 
 0.4661458333333333 

Results
 0 
 [3, 11, 13, 14, 12, 20, 1, 9, 2] 
 [0, 0, 0, 0, 0, 0, 0, 0, 0, 0, 0, 1, 0, 0, 0, 0, 0, 0, 0, 0, 0, 0, 0, 0, 0] 
 0.4661458333333333 

Results
 0 
 [3, 11, 13, 14, 12, 20, 1, 9, 2] 
 [0, 0, 0, 0, 0, 0, 0, 0, 0, 0, 1, 0, 0, 0, 0, 0, 0, 0, 0, 0, 0, 0, 0, 0, 0] 
 0.4713541666666667 

Results
 0 
 [3, 11, 13, 14, 12, 20, 1, 9, 2] 
 [0, 0, 0, 0, 0, 0, 0, 0, 0, 1, 0, 0, 0, 0, 0, 0, 0, 0, 0, 0, 0, 0, 0, 0, 0] 
 0.4114583333333333 

Results
 0 
 [3, 11, 13, 14, 12, 20, 1, 9, 2] 
 [0, 0, 0, 0, 0, 0, 0, 0, 1, 0, 0, 0, 0, 0, 0, 0, 0, 0, 0, 0, 0, 0, 0, 0, 0] 
 0.4140625 

Results
 0 
 [3, 11, 13, 14, 12, 20, 1, 9, 2] 
 [0, 0, 0, 0, 0, 0, 0, 1, 0, 0, 0, 0, 0, 0, 0, 0, 0, 0, 0, 0, 0, 0, 0, 0, 0] 
 0.4505208333333333 

Results
 0 
 [3, 11, 13, 14, 12, 20, 1, 9, 2] 
 [0, 0, 0, 0, 0, 0, 1, 0, 0, 0, 0, 0, 0, 0, 0, 0, 0, 0, 0, 0, 0, 0, 0, 0, 0] 
 0.5182291666666666 

Results
 0 
 [3, 11, 13, 14, 12, 20, 1, 9, 2] 
 [0, 0, 0, 0, 0, 1, 0, 0, 0, 0, 0, 0, 0, 0, 0, 0, 0, 0, 0, 0, 0, 0, 0, 0, 0] 
 0.4348958333333333 

Results
 0 
 [3, 11, 13, 14, 12, 20, 1, 9, 2] 
 [0, 0, 0, 0, 1, 0, 0, 0, 0, 0, 0, 0, 0, 0, 0, 0, 0, 0, 0, 0, 0, 0, 0, 0, 0] 
 0.4348958333333333 

Results
 0 
 [3, 11, 13, 14, 12, 20, 1, 9, 2] 
 [0, 0, 0, 1, 0, 0, 0, 0, 0, 0, 0, 0, 0, 0, 0, 0, 0, 0, 0, 0, 0, 0, 0, 0, 0] 
 0.4675 

Results
 0 
 [3, 11, 13, 14, 12, 20, 1, 9, 2] 
 [0, 0, 1, 0, 0, 0, 0, 0, 0, 0, 0, 0, 0, 0, 0, 0, 0, 0, 0, 0, 0, 0, 0, 0, 0] 
 0.470703125 

Results
 0 
 [3, 11, 13, 14, 12, 20, 1, 9, 2] 
 [0, 1, 0, 0, 0, 0, 0, 0, 0, 0, 0, 0, 0, 0, 0, 0, 0, 0, 0, 0, 0, 0, 0, 0, 0] 
 0.490234375 

Results
 0 
 [3, 11, 13, 14, 12, 20, 1, 9, 2] 
 [1, 0, 0, 0, 0, 0, 0, 0, 0, 0, 0, 0, 0, 0, 0, 0, 0, 0, 0, 0, 0, 0, 0, 0, 0] 
 0.482421875 

Results
 0 
 [3, 11, 13, 14, 12, 20, 1, 9, 2] 
 [1, 1, 1, 1, 1, 1, 1, 1, 1, 1, 1, 1, 1, 1, 1, 1, 1, 1, 1, 1, 1, 1, 1, 1, 1] 
 0.4754 

Results
 0 
 [3, 11, 13, 14, 12, 20, 1, 9, 2, 16] 
 [0, 0, 0, 0, 0, 0, 0, 0, 0, 0, 0, 0, 0, 0, 0, 0, 0, 0, 0, 0, 0, 0, 0, 0, 1] 
 0.4947916666666667 

Results
 0 
 [3, 11, 13, 14, 12, 20, 1, 9, 2, 16] 
 [0, 0, 0, 0, 0, 0, 0, 0, 0, 0, 0, 0, 0, 0, 0, 0, 0, 0, 0, 0, 0, 0, 0, 1, 0] 
 0.4973958333333333 

Results
 0 
 [3, 11, 13, 14, 12, 20, 1, 9, 2, 16] 
 [0, 0, 0, 0, 0, 0, 0, 0, 0, 0, 0, 0, 0, 0, 0, 0, 0, 0, 0, 0, 0, 0, 1, 0, 0] 
 0.5078125 

Results
 0 
 [3, 11, 13, 14, 12, 20, 1, 9, 2, 16] 
 [0, 0, 0, 0, 0, 0, 0, 0, 0, 0, 0, 0, 0, 0, 0, 0, 0, 0, 0, 0, 0, 1, 0, 0, 0] 
 0.5104166666666666 

Results
 0 
 [3, 11, 13, 14, 12, 20, 1, 9, 2, 16] 
 [0, 0, 0, 0, 0, 0, 0, 0, 0, 0, 0, 0, 0, 0, 0, 0, 0, 0, 0, 0, 1, 0, 0, 0, 0] 
 0.4973958333333333 

Results
 0 
 [3, 11, 13, 14, 12, 20, 1, 9, 2, 16] 
 [0, 0, 0, 0, 0, 0, 0, 0, 0, 0, 0, 0, 0, 0, 0, 0, 0, 0, 0, 1, 0, 0, 0, 0, 0] 
 0.4583333333333333 

Results
 0 
 [3, 11, 13, 14, 12, 20, 1, 9, 2, 16] 
 [0, 0, 0, 0, 0, 0, 0, 0, 0, 0, 0, 0, 0, 0, 0, 0, 0, 0, 1, 0, 0, 0, 0, 0, 0] 
 0.5026041666666666 

Results
 0 
 [3, 11, 13, 14, 12, 20, 1, 9, 2, 16] 
 [0, 0, 0, 0, 0, 0, 0, 0, 0, 0, 0, 0, 0, 0, 0, 0, 0, 1, 0, 0, 0, 0, 0, 0, 0] 
 0.4739583333333333 

Results
 0 
 [3, 11, 13, 14, 12, 20, 1, 9, 2, 16] 
 [0, 0, 0, 0, 0, 0, 0, 0, 0, 0, 0, 0, 0, 0, 0, 0, 1, 0, 0, 0, 0, 0, 0, 0, 0] 
 0.5 

Results
 0 
 [3, 11, 13, 14, 12, 20, 1, 9, 2, 16] 
 [0, 0, 0, 0, 0, 0, 0, 0, 0, 0, 0, 0, 0, 0, 0, 1, 0, 0, 0, 0, 0, 0, 0, 0, 0] 
 0.5104166666666666 

Results
 0 
 [3, 11, 13, 14, 12, 20, 1, 9, 2, 16] 
 [0, 0, 0, 0, 0, 0, 0, 0, 0, 0, 0, 0, 0, 0, 1, 0, 0, 0, 0, 0, 0, 0, 0, 0, 0] 
 0.4973958333333333 

Results
 0 
 [3, 11, 13, 14, 12, 20, 1, 9, 2, 16] 
 [0, 0, 0, 0, 0, 0, 0, 0, 0, 0, 0, 0, 0, 1, 0, 0, 0, 0, 0, 0, 0, 0, 0, 0, 0] 
 0.4635416666666667 

Results
 0 
 [3, 11, 13, 14, 12, 20, 1, 9, 2, 16] 
 [0, 0, 0, 0, 0, 0, 0, 0, 0, 0, 0, 0, 1, 0, 0, 0, 0, 0, 0, 0, 0, 0, 0, 0, 0] 
 0.4635416666666667 

Results
 0 
 [3, 11, 13, 14, 12, 20, 1, 9, 2, 16] 
 [0, 0, 0, 0, 0, 0, 0, 0, 0, 0, 0, 1, 0, 0, 0, 0, 0, 0, 0, 0, 0, 0, 0, 0, 0] 
 0.4661458333333333 

Results
 0 
 [3, 11, 13, 14, 12, 20, 1, 9, 2, 16] 
 [0, 0, 0, 0, 0, 0, 0, 0, 0, 0, 1, 0, 0, 0, 0, 0, 0, 0, 0, 0, 0, 0, 0, 0, 0] 
