
Experimental details:
    Model     : mlp
    Optimizer : sgd
    Learning  : 0.01
    Global Rounds   : 50

    Federated parameters:
    Non-IID
    Fraction of users  : 0.1
    Local Batch size   : 10
    Local Epochs       : 1


Experimental details:
    Model     : mlp
    Optimizer : sgd
    Learning  : 0.01
    Global Rounds   : 50

    Federated parameters:
    Non-IID
    Fraction of users  : 0.1
    Local Batch size   : 10
    Local Epochs       : 1

Results
 0 
 [3] 
 [0, 0, 0, 0, 1] 
 0.33507853403141363 

Results
 0 
 [3] 
 [0, 0, 0, 1, 0] 
 0.6501766784452296 

Results
 0 
 [3] 
 [0, 0, 1, 0, 0] 
 0.0 

Results
 0 
 [3] 
 [0, 1, 0, 0, 0] 
 0.0 

Results
 0 
 [3] 
 [1, 0, 0, 0, 0] 
 0.0 

Results
 0 
 [3] 
 [1, 1, 1, 1, 1] 
 0.188108834397044 

Results
 0 
 [3, 1] 
 [0, 0, 0, 0, 1] 
 0.31239092495637 

Results
 0 
 [3, 1] 
 [0, 0, 0, 1, 0] 
 0.607773851590106 

Results
 0 
 [3, 1] 
 [0, 0, 1, 0, 0] 
 0.0 

Results
 0 
 [3, 1] 
 [0, 1, 0, 0, 0] 
 0.680786686838124 

Results
 0 
 [3, 1] 
 [1, 0, 0, 0, 0] 
 0.34175084175084175 

Results
 0 
 [3, 1] 
 [1, 1, 1, 1, 1] 
 0.3950285522337924 

Results
 0 
 [3, 1, 0] 
 [0, 0, 0, 0, 1] 
 0.23734729493891799 

Results
 0 
 [3, 1, 0] 
 [0, 0, 0, 1, 0] 
 0.32685512367491165 

Results
 0 
 [3, 1, 0] 
 [0, 0, 1, 0, 0] 
 0.0 

Results
 0 
 [3, 1, 0] 
 [0, 1, 0, 0, 0] 
 0.5824508320726173 

Results
 0 
 [3, 1, 0] 
 [1, 0, 0, 0, 0] 
 0.4074074074074074 

Results
 0 
 [3, 1, 0] 
 [1, 1, 1, 1, 1] 
 0.31844138394356736 

Results
 0 
 [3, 1, 0, 4] 
 [0, 0, 0, 0, 1] 
 0.33507853403141363 

Results
 0 
 [3, 1, 0, 4] 
 [0, 0, 0, 1, 0] 
 0.3127208480565371 

Results
 0 
 [3, 1, 0, 4] 
 [0, 0, 1, 0, 0] 
 0.04288164665523156 

Results
 0 
 [3, 1, 0, 4] 
 [0, 1, 0, 0, 0] 
 0.5627836611195158 

Results
 0 
 [3, 1, 0, 4] 
 [1, 0, 0, 0, 0] 
 0.4057239057239057 

Results
 0 
 [3, 1, 0, 4] 
 [1, 1, 1, 1, 1] 
 0.3382599932818273 

Results
 0 
 [3, 1, 0, 4, 2] 
 [0, 0, 0, 0, 1] 
 0.39965095986038396 

Results
 0 
 [3, 1, 0, 4, 2] 
 [0, 0, 0, 1, 0] 
 0.10777385159010601 

Results
 0 
 [3, 1, 0, 4, 2] 
 [0, 0, 1, 0, 0] 
 0.26758147512864494 

Results
 0 
 [3, 1, 0, 4, 2] 
 [0, 1, 0, 0, 0] 
 0.3010590015128593 

Results
 0 
 [3, 1, 0, 4, 2] 
 [1, 0, 0, 0, 0] 
 0.3333333333333333 

Results
 0 
 [3, 1, 0, 4, 2] 
 [1, 1, 1, 1, 1] 
 0.2831709774941216 

Results
 1 
 [1] 
 [0, 0, 0, 0, 1] 
 0.0 

Results
 1 
 [1] 
 [0, 0, 0, 1, 0] 
 0.0 

Results
 1 
 [1] 
 [0, 0, 1, 0, 0] 
 0.0 

Results
 1 
 [1] 
 [0, 1, 0, 0, 0] 
 0.6913767019667171 

Results
 1 
 [1] 
 [1, 0, 0, 0, 0] 
 0.3434343434343434 

Results
 1 
 [1] 
 [1, 1, 1, 1, 1] 
 0.2220356063150823 

Results
 1 
 [1, 3] 
 [0, 0, 0, 0, 1] 
 0.3193717277486911 

Results
 1 
 [1, 3] 
 [0, 0, 0, 1, 0] 
 0.6183745583038869 

Results
 1 
 [1, 3] 
 [0, 0, 1, 0, 0] 
 0.0 

Results
 1 
 [1, 3] 
 [0, 1, 0, 0, 0] 
 0.6838124054462935 

Results
 1 
 [1, 3] 
 [1, 0, 0, 0, 0] 
 0.34175084175084175 

Results
 1 
 [1, 3] 
 [1, 1, 1, 1, 1] 
 0.3990594558280148 

Results
 1 
 [1, 3, 2] 
 [0, 0, 0, 0, 1] 
 0.5933682373472949 

Results
 1 
 [1, 3, 2] 
 [0, 0, 0, 1, 0] 
 0.4840989399293286 

Results
 1 
 [1, 3, 2] 
 [0, 0, 1, 0, 0] 
 0.40308747855917665 

Results
 1 
 [1, 3, 2] 
 [0, 1, 0, 0, 0] 
 0.6626323751891074 

Results
 1 
 [1, 3, 2] 
 [1, 0, 0, 0, 0] 
 0.3282828282828283 

Results
 1 
 [1, 3, 2] 
 [1, 1, 1, 1, 1] 
 0.4978165938864629 

Results
 1 
 [1, 3, 2, 0] 
 [0, 0, 0, 0, 1] 
 0.4973821989528796 

Results
 1 
 [1, 3, 2, 0] 
 [0, 0, 0, 1, 0] 
 0.3409893992932862 

Results
 1 
 [1, 3, 2, 0] 
 [0, 0, 1, 0, 0] 
 0.1680960548885077 

Results
 1 
 [1, 3, 2, 0] 
 [0, 1, 0, 0, 0] 
 0.5885022692889561 

Results
 1 
 [1, 3, 2, 0] 
 [1, 0, 0, 0, 0] 
 0.43097643097643096 

Results
 1 
 [1, 3, 2, 0] 
 [1, 1, 1, 1, 1] 
 0.4101444407121263 

Results
 1 
 [1, 3, 2, 0, 4] 
 [0, 0, 0, 0, 1] 
 0.6352530541012217 

Results
 1 
 [1, 3, 2, 0, 4] 
 [0, 0, 0, 1, 0] 
 0.303886925795053 

Results
 1 
 [1, 3, 2, 0, 4] 
 [0, 0, 1, 0, 0] 
 0.2692967409948542 

Results
 1 
 [1, 3, 2, 0, 4] 
 [0, 1, 0, 0, 0] 
 0.4750378214826021 

Results
 1 
 [1, 3, 2, 0, 4] 
 [1, 0, 0, 0, 0] 
 0.3451178451178451 

Results
 1 
 [1, 3, 2, 0, 4] 
 [1, 1, 1, 1, 1] 
 0.4071212630164595 

Results
 2 
 [4] 
 [0, 0, 0, 0, 1] 
 0.9650959860383944 

Results
 2 
 [4] 
 [0, 0, 0, 1, 0] 
 0.31625441696113077 

Results
 2 
 [4] 
 [0, 0, 1, 0, 0] 
 0.28987993138936535 

Results
 2 
 [4] 
 [0, 1, 0, 0, 0] 
 0.0 

Results
 2 
 [4] 
 [1, 0, 0, 0, 0] 
 0.0 

Results
 2 
 [4] 
 [1, 1, 1, 1, 1] 
 0.3026536781995297 

Results
 2 
 [4, 2] 
 [0, 0, 0, 0, 1] 
 0.7958115183246073 

Results
 2 
 [4, 2] 
 [0, 0, 0, 1, 0] 
 0.2703180212014134 

Results
 2 
 [4, 2] 
 [0, 0, 1, 0, 0] 
 0.5317324185248714 

Results
 2 
 [4, 2] 
 [0, 1, 0, 0, 0] 
 0.0 

Results
 2 
 [4, 2] 
 [1, 0, 0, 0, 0] 
 0.0 

Results
 2 
 [4, 2] 
 [1, 1, 1, 1, 1] 
 0.3087000335908633 

Results
 2 
 [4, 2, 1] 
 [0, 0, 0, 0, 1] 
 0.8150087260034904 

Results
 2 
 [4, 2, 1] 
 [0, 0, 0, 1, 0] 
 0.2826855123674912 

Results
 2 
 [4, 2, 1] 
 [0, 0, 1, 0, 0] 
 0.5077186963979416 

Results
 2 
 [4, 2, 1] 
 [0, 1, 0, 0, 0] 
 0.5068078668683812 

Results
 2 
 [4, 2, 1] 
 [1, 0, 0, 0, 0] 
 0.2441077441077441 

Results
 2 
 [4, 2, 1] 
 [1, 1, 1, 1, 1] 
 0.4712798118911656 

Results
 2 
 [4, 2, 1, 0] 
 [0, 0, 0, 0, 1] 
 0.7242582897033158 

Results
 2 
 [4, 2, 1, 0] 
 [0, 0, 0, 1, 0] 
 0.2826855123674912 

Results
 2 
 [4, 2, 1, 0] 
 [0, 0, 1, 0, 0] 
 0.27958833619210977 

Results
 2 
 [4, 2, 1, 0] 
 [0, 1, 0, 0, 0] 
 0.583963691376702 

Results
 2 
 [4, 2, 1, 0] 
 [1, 0, 0, 0, 0] 
 0.35858585858585856 

Results
 2 
 [4, 2, 1, 0] 
 [1, 1, 1, 1, 1] 
 0.4491098421229426 

Results
 2 
 [4, 2, 1, 0, 3] 
 [0, 0, 0, 0, 1] 
 0.6893542757417103 

Results
 2 
 [4, 2, 1, 0, 3] 
 [0, 0, 0, 1, 0] 
 0.32332155477031804 

Results
 2 
 [4, 2, 1, 0, 3] 
 [0, 0, 1, 0, 0] 
 0.274442538593482 

Results
 2 
 [4, 2, 1, 0, 3] 
 [0, 1, 0, 0, 0] 
 0.5930408472012103 

Results
 2 
 [4, 2, 1, 0, 3] 
 [1, 0, 0, 0, 0] 
 0.367003367003367 

Results
 2 
 [4, 2, 1, 0, 3] 
 [1, 1, 1, 1, 1] 
 0.45280483708431307 

Results
 3 
 [3] 
 [0, 0, 0, 0, 1] 
 0.33856893542757416 

Results
 3 
 [3] 
 [0, 0, 0, 1, 0] 
 0.6484098939929329 

Results
 3 
 [3] 
 [0, 0, 1, 0, 0] 
 0.0 

Results
 3 
 [3] 
 [0, 1, 0, 0, 0] 
 0.009077155824508321 

Results
 3 
 [3] 
 [1, 0, 0, 0, 0] 
 0.011784511784511785 

Results
 3 
 [3] 
 [1, 1, 1, 1, 1] 
 0.1928115552569701 

Results
 3 
 [3, 4] 
 [0, 0, 0, 0, 1] 
 0.8237347294938918 

Results
 3 
 [3, 4] 
 [0, 0, 0, 1, 0] 
 0.5830388692579506 

Results
 3 
 [3, 4] 
 [0, 0, 1, 0, 0] 
 0.24356775300171526 

Results
 3 
 [3, 4] 
 [0, 1, 0, 0, 0] 
 0.05597579425113464 

Results
 3 
 [3, 4] 
 [1, 0, 0, 0, 0] 
 0.10606060606060606 

Results
 3 
 [3, 4] 
 [1, 1, 1, 1, 1] 
 0.3506886126973463 

Results
 3 
 [3, 4, 1] 
 [0, 0, 0, 0, 1] 
 0.8150087260034904 

Results
 3 
 [3, 4, 1] 
 [0, 0, 0, 1, 0] 
 0.5318021201413428 

Results
 3 
 [3, 4, 1] 
 [0, 0, 1, 0, 0] 
 0.24356775300171526 

Results
 3 
 [3, 4, 1] 
 [0, 1, 0, 0, 0] 
 0.6611195158850227 

Results
 3 
 [3, 4, 1] 
 [1, 0, 0, 0, 0] 
 0.32491582491582494 

Results
 3 
 [3, 4, 1] 
 [1, 1, 1, 1, 1] 
 0.517299294591871 

Results
 3 
 [3, 4, 1, 0] 
 [0, 0, 0, 0, 1] 
 0.7294938917975567 

Results
 3 
 [3, 4, 1, 0] 
 [0, 0, 0, 1, 0] 
 0.49823321554770317 

Results
 3 
 [3, 4, 1, 0] 
 [0, 0, 1, 0, 0] 
 0.22469982847341338 

Results
 3 
 [3, 4, 1, 0] 
 [0, 1, 0, 0, 0] 
 0.6611195158850227 

Results
 3 
 [3, 4, 1, 0] 
 [1, 0, 0, 0, 0] 
 0.5 

Results
 3 
 [3, 4, 1, 0] 
 [1, 1, 1, 1, 1] 
 0.5256970104131676 

Results
 3 
 [3, 4, 1, 0, 2] 
 [0, 0, 0, 0, 1] 
 0.774869109947644 

Results
 3 
 [3, 4, 1, 0, 2] 
 [0, 0, 0, 1, 0] 
 0.35335689045936397 

Results
 3 
 [3, 4, 1, 0, 2] 
 [0, 0, 1, 0, 0] 
 0.3293310463121784 

Results
 3 
 [3, 4, 1, 0, 2] 
 [0, 1, 0, 0, 0] 
 0.6232980332829047 

Results
 3 
 [3, 4, 1, 0, 2] 
 [1, 0, 0, 0, 0] 
 0.38552188552188554 

Results
 3 
 [3, 4, 1, 0, 2] 
 [1, 1, 1, 1, 1] 
 0.49613705072220354 

Results
 4 
 [3] 
 [0, 0, 0, 0, 1] 
 0.34205933682373474 

Results
 4 
 [3] 
 [0, 0, 0, 1, 0] 
 0.6484098939929329 

Results
 4 
 [3] 
 [0, 0, 1, 0, 0] 
 0.0 

Results
 4 
 [3] 
 [0, 1, 0, 0, 0] 
 0.039334341906202726 

Results
 4 
 [3] 
 [1, 0, 0, 0, 0] 
 0.06228956228956229 

Results
 4 
 [3] 
 [1, 1, 1, 1, 1] 
 0.21027880416526704 

Results
 4 
 [3, 1] 
 [0, 0, 0, 0, 1] 
 0.35951134380453753 

Results
 4 
 [3, 1] 
 [0, 0, 0, 1, 0] 
 0.627208480565371 

Results
 4 
 [3, 1] 
 [0, 0, 1, 0, 0] 
 0.008576329331046312 

Results
 4 
 [3, 1] 
 [0, 1, 0, 0, 0] 
 0.686838124054463 

Results
 4 
 [3, 1] 
 [1, 0, 0, 0, 0] 
 0.3451178451178451 

Results
 4 
 [3, 1] 
 [1, 1, 1, 1, 1] 
 0.41148807524353376 

Results
 4 
 [3, 1, 2] 
 [0, 0, 0, 0, 1] 
 0.6300174520069808 

Results
 4 
 [3, 1, 2] 
 [0, 0, 0, 1, 0] 
 0.5759717314487632 

Results
 4 
 [3, 1, 2] 
 [0, 0, 1, 0, 0] 
 0.4922813036020583 

Results
 4 
 [3, 1, 2] 
 [0, 1, 0, 0, 0] 
 0.6565809379727685 

Results
 4 
 [3, 1, 2] 
 [1, 0, 0, 0, 0] 
 0.3367003367003367 

Results
 4 
 [3, 1, 2] 
 [1, 1, 1, 1, 1] 
 0.5401410816257978 

Results
 4 
 [3, 1, 2, 0] 
 [0, 0, 0, 0, 1] 
 0.6038394415357766 

Results
 4 
 [3, 1, 2, 0] 
 [0, 0, 0, 1, 0] 
 0.549469964664311 

Results
 4 
 [3, 1, 2, 0] 
 [0, 0, 1, 0, 0] 
 0.31732418524871353 

Results
 4 
 [3, 1, 2, 0] 
 [0, 1, 0, 0, 0] 
 0.6656580937972768 

Results
 4 
 [3, 1, 2, 0] 
 [1, 0, 0, 0, 0] 
 0.5370370370370371 

Results
 4 
 [3, 1, 2, 0] 
 [1, 1, 1, 1, 1] 
 0.5377897211958347 

Results
 4 
 [3, 1, 2, 0, 4] 
 [0, 0, 0, 0, 1] 
 0.8394415357766143 

Results
 4 
 [3, 1, 2, 0, 4] 
 [0, 0, 0, 1, 0] 
 0.41872791519434627 

Results
 4 
 [3, 1, 2, 0, 4] 
 [0, 0, 1, 0, 0] 
 0.37735849056603776 

Results
 4 
 [3, 1, 2, 0, 4] 
 [0, 1, 0, 0, 0] 
 0.6414523449319214 

Results
 4 
 [3, 1, 2, 0, 4] 
 [1, 0, 0, 0, 0] 
 0.43265993265993263 

Results
 4 
 [3, 1, 2, 0, 4] 
 [1, 1, 1, 1, 1] 
 0.5438360765871683 

Results
 5 
 [1] 
 [0, 0, 0, 0, 1] 
 0.225130890052356 

Results
 5 
 [1] 
 [0, 0, 0, 1, 0] 
 0.17491166077738515 

Results
 5 
 [1] 
 [0, 0, 1, 0, 0] 
 0.0548885077186964 

Results
 5 
 [1] 
 [0, 1, 0, 0, 0] 
 0.6928895612708018 

Results
 5 
 [1] 
 [1, 0, 0, 0, 0] 
 0.4006734006734007 

Results
 5 
 [1] 
 [1, 1, 1, 1, 1] 
 0.32112865300638227 

Results
 5 
 [1, 2] 
 [0, 0, 0, 0, 1] 
 0.6143106457242583 

Results
 5 
 [1, 2] 
 [0, 0, 0, 1, 0] 
 0.24558303886925795 

Results
 5 
 [1, 2] 
 [0, 0, 1, 0, 0] 
 0.5523156089193825 

Results
 5 
 [1, 2] 
 [0, 1, 0, 0, 0] 
 0.6520423600605144 

Results
 5 
 [1, 2] 
 [1, 0, 0, 0, 0] 
 0.3282828282828283 

Results
 5 
 [1, 2] 
 [1, 1, 1, 1, 1] 
 0.48337252267383274 

Results
 5 
 [1, 2, 4] 
 [0, 0, 0, 0, 1] 
 0.9057591623036649 

Results
 5 
 [1, 2, 4] 
 [0, 0, 0, 1, 0] 
 0.28975265017667845 

Results
 5 
 [1, 2, 4] 
 [0, 0, 1, 0, 0] 
 0.548885077186964 

Results
 5 
 [1, 2, 4] 
 [0, 1, 0, 0, 0] 
 0.583963691376702 

Results
 5 
 [1, 2, 4] 
 [1, 0, 0, 0, 0] 
 0.29124579124579125 

Results
 5 
 [1, 2, 4] 
 [1, 1, 1, 1, 1] 
 0.524689284514612 

Results
 5 
 [1, 2, 4, 3] 
 [0, 0, 0, 0, 1] 
 0.9144851657940664 

Results
 5 
 [1, 2, 4, 3] 
 [0, 0, 0, 1, 0] 
 0.4134275618374558 

Results
 5 
 [1, 2, 4, 3] 
 [0, 0, 1, 0, 0] 
 0.5214408233276158 

Results
 5 
 [1, 2, 4, 3] 
 [0, 1, 0, 0, 0] 
 0.6096822995461422 

Results
 5 
 [1, 2, 4, 3] 
 [1, 0, 0, 0, 0] 
 0.30976430976430974 

Results
 5 
 [1, 2, 4, 3] 
 [1, 1, 1, 1, 1] 
 0.5539133355727243 

Results
 5 
 [1, 2, 4, 3, 0] 
 [0, 0, 0, 0, 1] 
 0.8865619546247818 

Results
 5 
 [1, 2, 4, 3, 0] 
 [0, 0, 0, 1, 0] 
 0.4363957597173145 

Results
 5 
 [1, 2, 4, 3, 0] 
 [0, 0, 1, 0, 0] 
 0.4065180102915952 

Results
 5 
 [1, 2, 4, 3, 0] 
 [0, 1, 0, 0, 0] 
 0.649016641452345 

Results
 5 
 [1, 2, 4, 3, 0] 
 [1, 0, 0, 0, 0] 
 0.4663299663299663 

Results
 5 
 [1, 2, 4, 3, 0] 
 [1, 1, 1, 1, 1] 
 0.5703728585824656 

Results
 6 
 [2] 
 [0, 0, 0, 0, 1] 
 0.493891797556719 

Results
 6 
 [2] 
 [0, 0, 0, 1, 0] 
 0.20318021201413428 

Results
 6 
 [2] 
 [0, 0, 1, 0, 0] 
 0.6363636363636364 

Results
 6 
 [2] 
 [0, 1, 0, 0, 0] 
 0.0 

Results
 6 
 [2] 
 [1, 0, 0, 0, 0] 
 0.0 

Results
 6 
 [2] 
 [1, 1, 1, 1, 1] 
 0.25831373866308366 

Results
 6 
 [2, 4] 
 [0, 0, 0, 0, 1] 
 0.9284467713787086 

Results
 6 
 [2, 4] 
 [0, 0, 0, 1, 0] 
 0.2950530035335689 

Results
 6 
 [2, 4] 
 [0, 0, 1, 0, 0] 
 0.5780445969125214 

Results
 6 
 [2, 4] 
 [0, 1, 0, 0, 0] 
 0.0226928895612708 

Results
 6 
 [2, 4] 
 [1, 0, 0, 0, 0] 
 0.003367003367003367 

Results
 6 
 [2, 4] 
 [1, 1, 1, 1, 1] 
 0.3537117903930131 

Results
 6 
 [2, 4, 3] 
 [0, 0, 0, 0, 1] 
 0.9336823734729494 

Results
 6 
 [2, 4, 3] 
 [0, 0, 0, 1, 0] 
 0.41519434628975266 

Results
 6 
 [2, 4, 3] 
 [0, 0, 1, 0, 0] 
 0.58147512864494 

Results
 6 
 [2, 4, 3] 
 [0, 1, 0, 0, 0] 
 0.21482602118003025 

Results
 6 
 [2, 4, 3] 
 [1, 0, 0, 0, 0] 
 0.13804713804713806 

Results
 6 
 [2, 4, 3] 
 [1, 1, 1, 1, 1] 
 0.4477662075915351 

Results
 6 
 [2, 4, 3, 1] 
 [0, 0, 0, 0, 1] 
 0.9214659685863874 

Results
 6 
 [2, 4, 3, 1] 
 [0, 0, 0, 1, 0] 
 0.45229681978798586 

Results
 6 
 [2, 4, 3, 1] 
 [0, 0, 1, 0, 0] 
 0.5351629502572899 

Results
 6 
 [2, 4, 3, 1] 
 [0, 1, 0, 0, 0] 
 0.6172465960665658 

Results
 6 
 [2, 4, 3, 1] 
 [1, 0, 0, 0, 0] 
 0.3181818181818182 

Results
 6 
 [2, 4, 3, 1] 
 [1, 1, 1, 1, 1] 
 0.5686933154182062 

Results
 6 
 [2, 4, 3, 1, 0] 
 [0, 0, 0, 0, 1] 
 0.9022687609075044 

Results
 6 
 [2, 4, 3, 1, 0] 
 [0, 0, 0, 1, 0] 
 0.4752650176678445 

Results
 6 
 [2, 4, 3, 1, 0] 
 [0, 0, 1, 0, 0] 
 0.44939965694682676 

Results
 6 
 [2, 4, 3, 1, 0] 
 [0, 1, 0, 0, 0] 
 0.653555219364599 

Results
 6 
 [2, 4, 3, 1, 0] 
 [1, 0, 0, 0, 0] 
 0.48653198653198654 

Results
 6 
 [2, 4, 3, 1, 0] 
 [1, 1, 1, 1, 1] 
 0.594222371514948 

Results
 7 
 [1] 
 [0, 0, 0, 0, 1] 
 0.3263525305410122 

Results
 7 
 [1] 
 [0, 0, 0, 1, 0] 
 0.23498233215547704 

Results
 7 
 [1] 
 [0, 0, 1, 0, 0] 
 0.09605488850771869 

Results
 7 
 [1] 
 [0, 1, 0, 0, 0] 
 0.6898638426626323 

Results
 7 
 [1] 
 [1, 0, 0, 0, 0] 
 0.44612794612794615 

Results
 7 
 [1] 
 [1, 1, 1, 1, 1] 
 0.3684917702384951 

Results
 7 
 [1, 2] 
 [0, 0, 0, 0, 1] 
 0.7207678883071553 

Results
 7 
 [1, 2] 
 [0, 0, 0, 1, 0] 
 0.26325088339222613 

Results
 7 
 [1, 2] 
 [0, 0, 1, 0, 0] 
 0.5849056603773585 

Results
 7 
 [1, 2] 
 [0, 1, 0, 0, 0] 
 0.6414523449319214 

Results
 7 
 [1, 2] 
 [1, 0, 0, 0, 0] 
 0.34175084175084175 

Results
 7 
 [1, 2] 
 [1, 1, 1, 1, 1] 
 0.5139402082633524 

Results
 7 
 [1, 2, 4] 
 [0, 0, 0, 0, 1] 
 0.9214659685863874 

Results
 7 
 [1, 2, 4] 
 [0, 0, 0, 1, 0] 
 0.2968197879858657 

Results
 7 
 [1, 2, 4] 
 [0, 0, 1, 0, 0] 
 0.5711835334476844 

Results
 7 
 [1, 2, 4] 
 [0, 1, 0, 0, 0] 
 0.5885022692889561 

Results
 7 
 [1, 2, 4] 
 [1, 0, 0, 0, 0] 
 0.2895622895622896 

Results
 7 
 [1, 2, 4] 
 [1, 1, 1, 1, 1] 
 0.5340947262344642 

Results
 7 
 [1, 2, 4, 3] 
 [0, 0, 0, 0, 1] 
 0.9214659685863874 

Results
 7 
 [1, 2, 4, 3] 
 [0, 0, 0, 1, 0] 
 0.4575971731448763 

Results
 7 
 [1, 2, 4, 3] 
 [0, 0, 1, 0, 0] 
 0.5454545454545454 

Results
 7 
 [1, 2, 4, 3] 
 [0, 1, 0, 0, 0] 
 0.6142208774583964 

Results
 7 
 [1, 2, 4, 3] 
 [1, 0, 0, 0, 0] 
 0.3333333333333333 

Results
 7 
 [1, 2, 4, 3] 
 [1, 1, 1, 1, 1] 
 0.574067853543836 

Results
 7 
 [1, 2, 4, 3, 0] 
 [0, 0, 0, 0, 1] 
 0.9057591623036649 

Results
 7 
 [1, 2, 4, 3, 0] 
 [0, 0, 0, 1, 0] 
 0.4787985865724382 

Results
 7 
 [1, 2, 4, 3, 0] 
 [0, 0, 1, 0, 0] 
 0.4665523156089194 

Results
 7 
 [1, 2, 4, 3, 0] 
 [0, 1, 0, 0, 0] 
 0.649016641452345 

Results
 7 
 [1, 2, 4, 3, 0] 
 [1, 0, 0, 0, 0] 
 0.49158249158249157 

Results
 7 
 [1, 2, 4, 3, 0] 
 [1, 1, 1, 1, 1] 
 0.598925092374874 

Results
 8 
 [3] 
 [0, 0, 0, 0, 1] 
 0.3647469458987784 

Results
 8 
 [3] 
 [0, 0, 0, 1, 0] 
 0.6484098939929329 

Results
 8 
 [3] 
 [0, 0, 1, 0, 0] 
 0.008576329331046312 

Results
 8 
 [3] 
 [0, 1, 0, 0, 0] 
 0.13161875945537066 

Results
 8 
 [3] 
 [1, 0, 0, 0, 0] 
 0.18181818181818182 

Results
 8 
 [3] 
 [1, 1, 1, 1, 1] 
 0.2606650990930467 

Results
 8 
 [3, 2] 
 [0, 0, 0, 0, 1] 
 0.7591623036649214 

Results
 8 
 [3, 2] 
 [0, 0, 0, 1, 0] 
 0.6219081272084805 

Results
 8 
 [3, 2] 
 [0, 0, 1, 0, 0] 
 0.5626072041166381 

Results
 8 
 [3, 2] 
 [0, 1, 0, 0, 0] 
 0.2556732223903177 

Results
 8 
 [3, 2] 
 [1, 0, 0, 0, 0] 
 0.12794612794612795 

Results
 8 
 [3, 2] 
 [1, 1, 1, 1, 1] 
 0.45683574067853544 

Results
 8 
 [3, 2, 1] 
 [0, 0, 0, 0, 1] 
 0.8219895287958116 

Results
 8 
 [3, 2, 1] 
 [0, 0, 0, 1, 0] 
 0.5971731448763251 

Results
 8 
 [3, 2, 1] 
 [0, 0, 1, 0, 0] 
 0.5300171526586621 

Results
 8 
 [3, 2, 1] 
 [0, 1, 0, 0, 0] 
 0.649016641452345 

Results
 8 
 [3, 2, 1] 
 [1, 0, 0, 0, 0] 
 0.40235690235690236 

Results
 8 
 [3, 2, 1] 
 [1, 1, 1, 1, 1] 
 0.5999328182734296 

Results
 8 
 [3, 2, 1, 4] 
 [0, 0, 0, 0, 1] 
 0.9267015706806283 

Results
 8 
 [3, 2, 1, 4] 
 [0, 0, 0, 1, 0] 
 0.47703180212014135 

Results
 8 
 [3, 2, 1, 4] 
 [0, 0, 1, 0, 0] 
 0.5540308747855918 

Results
 8 
 [3, 2, 1, 4] 
 [0, 1, 0, 0, 0] 
 0.6248108925869894 

Results
 8 
 [3, 2, 1, 4] 
 [1, 0, 0, 0, 0] 
 0.34175084175084175 

Results
 8 
 [3, 2, 1, 4] 
 [1, 1, 1, 1, 1] 
 0.5844810211622439 

Results
 8 
 [3, 2, 1, 4, 0] 
 [0, 0, 0, 0, 1] 
 0.912739965095986 

Results
 8 
 [3, 2, 1, 4, 0] 
 [0, 0, 0, 1, 0] 
 0.5035335689045937 

Results
 8 
 [3, 2, 1, 4, 0] 
 [0, 0, 1, 0, 0] 
 0.48713550600343053 

Results
 8 
 [3, 2, 1, 4, 0] 
 [0, 1, 0, 0, 0] 
 0.6505295007564297 

Results
 8 
 [3, 2, 1, 4, 0] 
 [1, 0, 0, 0, 0] 
 0.51010101010101 

Results
 8 
 [3, 2, 1, 4, 0] 
 [1, 1, 1, 1, 1] 
 0.6130332549546523 

Results
 9 
 [0] 
 [0, 0, 0, 0, 1] 
 0.37521815008726006 

Results
 9 
 [0] 
 [0, 0, 0, 1, 0] 
 0.28091872791519434 

Results
 9 
 [0] 
 [0, 0, 1, 0, 0] 
 0.003430531732418525 

Results
 9 
 [0] 
 [0, 1, 0, 0, 0] 
 0.6006051437216339 

Results
 9 
 [0] 
 [1, 0, 0, 0, 0] 
 0.6632996632996633 

Results
 9 
 [0] 
 [1, 1, 1, 1, 1] 
 0.3920053745381256 

Results
 9 
 [0, 3] 
 [0, 0, 0, 0, 1] 
 0.4851657940663176 

Results
 9 
 [0, 3] 
 [0, 0, 0, 1, 0] 
 0.6395759717314488 

Results
 9 
 [0, 3] 
 [0, 0, 1, 0, 0] 
 0.032590051457975985 

Results
 9 
 [0, 3] 
 [0, 1, 0, 0, 0] 
 0.5885022692889561 

Results
 9 
 [0, 3] 
 [1, 0, 0, 0, 0] 
 0.6447811447811448 

Results
 9 
 [0, 3] 
 [1, 1, 1, 1, 1] 
 0.4806852536110178 

Results
 9 
 [0, 3, 2] 
 [0, 0, 0, 0, 1] 
 0.8167539267015707 

Results
 9 
 [0, 3, 2] 
 [0, 0, 0, 1, 0] 
 0.6042402826855123 

Results
 9 
 [0, 3, 2] 
 [0, 0, 1, 0, 0] 
 0.5283018867924528 

Results
 9 
 [0, 3, 2] 
 [0, 1, 0, 0, 0] 
 0.583963691376702 

Results
 9 
 [0, 3, 2] 
 [1, 0, 0, 0, 0] 
 0.6077441077441077 

Results
 9 
 [0, 3, 2] 
 [1, 1, 1, 1, 1] 
 0.6264696002687269 

Results
 9 
 [0, 3, 2, 1] 
 [0, 0, 0, 0, 1] 
 0.7993019197207679 

Results
 9 
 [0, 3, 2, 1] 
 [0, 0, 0, 1, 0] 
 0.5936395759717314 

Results
 9 
 [0, 3, 2, 1] 
 [0, 0, 1, 0, 0] 
 0.4322469982847341 

Results
 9 
 [0, 3, 2, 1] 
 [0, 1, 0, 0, 0] 
 0.6717095310136157 

Results
 9 
 [0, 3, 2, 1] 
 [1, 0, 0, 0, 0] 
 0.6178451178451179 

Results
 9 
 [0, 3, 2, 1] 
 [1, 1, 1, 1, 1] 
 0.623782331205912 

Results
 9 
 [0, 3, 2, 1, 4] 
 [0, 0, 0, 0, 1] 
 0.9162303664921466 

Results
 9 
 [0, 3, 2, 1, 4] 
 [0, 0, 0, 1, 0] 
 0.5123674911660777 

Results
 9 
 [0, 3, 2, 1, 4] 
 [0, 0, 1, 0, 0] 
 0.48713550600343053 

Results
 9 
 [0, 3, 2, 1, 4] 
 [0, 1, 0, 0, 0] 
 0.6580937972768532 

Results
 9 
 [0, 3, 2, 1, 4] 
 [1, 0, 0, 0, 0] 
 0.5235690235690236 

Results
 9 
 [0, 3, 2, 1, 4] 
 [1, 1, 1, 1, 1] 
 0.6197514276116897 

Results
 10 
 [4] 
 [0, 0, 0, 0, 1] 
 0.9598603839441536 

Results
 10 
 [4] 
 [0, 0, 0, 1, 0] 
 0.30918727915194344 

Results
 10 
 [4] 
 [0, 0, 1, 0, 0] 
 0.38421955403087477 

Results
 10 
 [4] 
 [0, 1, 0, 0, 0] 
 0.11346444780635401 

Results
 10 
 [4] 
 [1, 0, 0, 0, 0] 
 0.03535353535353535 

Results
 10 
 [4] 
 [1, 1, 1, 1, 1] 
 0.3510245213301982 

Results
 10 
 [4, 1] 
 [0, 0, 0, 0, 1] 
 0.9301919720767888 

Results
 10 
 [4, 1] 
 [0, 0, 0, 1, 0] 
 0.3286219081272085 

Results
 10 
 [4, 1] 
 [0, 0, 1, 0, 0] 
 0.3379073756432247 

Results
 10 
 [4, 1] 
 [0, 1, 0, 0, 0] 
 0.6762481089258698 

Results
 10 
 [4, 1] 
 [1, 0, 0, 0, 0] 
 0.37542087542087543 

Results
 10 
 [4, 1] 
 [1, 1, 1, 1, 1] 
 0.5327510917030568 

Results
 10 
 [4, 1, 2] 
 [0, 0, 0, 0, 1] 
 0.924956369982548 

Results
 10 
 [4, 1, 2] 
 [0, 0, 0, 1, 0] 
 0.2968197879858657 

Results
 10 
 [4, 1, 2] 
 [0, 0, 1, 0, 0] 
 0.5746140651801029 

Results
 10 
 [4, 1, 2] 
 [0, 1, 0, 0, 0] 
 0.6157337367624811 

Results
 10 
 [4, 1, 2] 
 [1, 0, 0, 0, 0] 
 0.3164983164983165 

Results
 10 
 [4, 1, 2] 
 [1, 1, 1, 1, 1] 
 0.5468592542828351 

Results
 10 
 [4, 1, 2, 0] 
 [0, 0, 0, 0, 1] 
 0.9162303664921466 

Results
 10 
 [4, 1, 2, 0] 
 [0, 0, 0, 1, 0] 
 0.3303886925795053 

Results
 10 
 [4, 1, 2, 0] 
 [0, 0, 1, 0, 0] 
 0.5128644939965694 

Results
 10 
 [4, 1, 2, 0] 
 [0, 1, 0, 0, 0] 
 0.6565809379727685 

Results
 10 
 [4, 1, 2, 0] 
 [1, 0, 0, 0, 0] 
 0.49663299663299665 

Results
 10 
 [4, 1, 2, 0] 
 [1, 1, 1, 1, 1] 
 0.5844810211622439 

Results
 10 
 [4, 1, 2, 0, 3] 
 [0, 0, 0, 0, 1] 
 0.9179755671902269 

Results
 10 
 [4, 1, 2, 0, 3] 
 [0, 0, 0, 1, 0] 
 0.5247349823321554 

Results
 10 
 [4, 1, 2, 0, 3] 
 [0, 0, 1, 0, 0] 
 0.4888507718696398 

Results
 10 
 [4, 1, 2, 0, 3] 
 [0, 1, 0, 0, 0] 
 0.659606656580938 

Results
 10 
 [4, 1, 2, 0, 3] 
 [1, 0, 0, 0, 0] 
 0.5235690235690236 

Results
 10 
 [4, 1, 2, 0, 3] 
 [1, 1, 1, 1, 1] 
 0.6231105139402082 

Results
 11 
 [4] 
 [0, 0, 0, 0, 1] 
 0.9633507853403142 

Results
 11 
 [4] 
 [0, 0, 0, 1, 0] 
 0.31448763250883394 

Results
 11 
 [4] 
 [0, 0, 1, 0, 0] 
 0.38250428816466553 

Results
 11 
 [4] 
 [0, 1, 0, 0, 0] 
 0.15279878971255673 

Results
 11 
 [4] 
 [1, 0, 0, 0, 0] 
 0.030303030303030304 

Results
 11 
 [4] 
 [1, 1, 1, 1, 1] 
 0.3600940544171985 

Results
 11 
 [4, 0] 
 [0, 0, 0, 0, 1] 
 0.9476439790575916 

Results
 11 
 [4, 0] 
 [0, 0, 0, 1, 0] 
 0.35159010600706714 

Results
 11 
 [4, 0] 
 [0, 0, 1, 0, 0] 
 0.39451114922813035 

Results
 11 
 [4, 0] 
 [0, 1, 0, 0, 0] 
 0.6278366111951589 

Results
 11 
 [4, 0] 
 [1, 0, 0, 0, 0] 
 0.6161616161616161 

Results
 11 
 [4, 0] 
 [1, 1, 1, 1, 1] 
 0.5888478333893181 

Results
 11 
 [4, 0, 2] 
 [0, 0, 0, 0, 1] 
 0.9301919720767888 

Results
 11 
 [4, 0, 2] 
 [0, 0, 0, 1, 0] 
 0.31095406360424027 

Results
 11 
 [4, 0, 2] 
 [0, 0, 1, 0, 0] 
 0.5917667238421955 

Results
 11 
 [4, 0, 2] 
 [0, 1, 0, 0, 0] 
 0.5128593040847201 

Results
 11 
 [4, 0, 2] 
 [1, 0, 0, 0, 0] 
 0.45454545454545453 

Results
 11 
 [4, 0, 2] 
 [1, 1, 1, 1, 1] 
 0.5586160564326503 

Results
 11 
 [4, 0, 2, 3] 
 [0, 0, 0, 0, 1] 
 0.9336823734729494 

Results
 11 
 [4, 0, 2, 3] 
 [0, 0, 0, 1, 0] 
 0.5335689045936396 

Results
 11 
 [4, 0, 2, 3] 
 [0, 0, 1, 0, 0] 
 0.5626072041166381 

Results
 11 
 [4, 0, 2, 3] 
 [0, 1, 0, 0, 0] 
 0.5930408472012103 

Results
 11 
 [4, 0, 2, 3] 
 [1, 0, 0, 0, 0] 
 0.5067340067340067 

Results
 11 
 [4, 0, 2, 3] 
 [1, 1, 1, 1, 1] 
 0.6241182398387639 

Results
 11 
 [4, 0, 2, 3, 1] 
 [0, 0, 0, 0, 1] 
 0.924956369982548 

Results
 11 
 [4, 0, 2, 3, 1] 
 [0, 0, 0, 1, 0] 
 0.5335689045936396 

Results
 11 
 [4, 0, 2, 3, 1] 
 [0, 0, 1, 0, 0] 
 0.5180102915951973 

Results
 11 
 [4, 0, 2, 3, 1] 
 [0, 1, 0, 0, 0] 
 0.6580937972768532 

Results
 11 
 [4, 0, 2, 3, 1] 
 [1, 0, 0, 0, 0] 
 0.5269360269360269 

Results
 11 
 [4, 0, 2, 3, 1] 
 [1, 1, 1, 1, 1] 
 0.6321800470272086 

Results
 12 
 [0] 
 [0, 0, 0, 0, 1] 
 0.4537521815008726 

Results
 12 
 [0] 
 [0, 0, 0, 1, 0] 
 0.3286219081272085 

Results
 12 
 [0] 
 [0, 0, 1, 0, 0] 
 0.012006861063464836 

Results
 12 
 [0] 
 [0, 1, 0, 0, 0] 
 0.6354009077155824 

Results
 12 
 [0] 
 [1, 0, 0, 0, 0] 
 0.6599326599326599 

Results
 12 
 [0] 
 [1, 1, 1, 1, 1] 
 0.4249244205576083 

Results
 12 
 [0, 2] 
 [0, 0, 0, 0, 1] 
 0.8307155322862129 

Results
 12 
 [0, 2] 
 [0, 0, 0, 1, 0] 
 0.3215547703180212 

Results
 12 
 [0, 2] 
 [0, 0, 1, 0, 0] 
 0.5986277873070326 

Results
 12 
 [0, 2] 
 [0, 1, 0, 0, 0] 
 0.5370650529500757 

Results
 12 
 [0, 2] 
 [1, 0, 0, 0, 0] 
 0.6127946127946128 

Results
 12 
 [0, 2] 
 [1, 1, 1, 1, 1] 
 0.5797783003023178 

Results
 12 
 [0, 2, 3] 
 [0, 0, 0, 0, 1] 
 0.8568935427574171 

Results
 12 
 [0, 2, 3] 
 [0, 0, 0, 1, 0] 
 0.6113074204946997 

Results
 12 
 [0, 2, 3] 
 [0, 0, 1, 0, 0] 
 0.5283018867924528 

Results
 12 
 [0, 2, 3] 
 [0, 1, 0, 0, 0] 
 0.6096822995461422 

Results
 12 
 [0, 2, 3] 
 [1, 0, 0, 0, 0] 
 0.6094276094276094 

Results
 12 
 [0, 2, 3] 
 [1, 1, 1, 1, 1] 
 0.6415854887470608 

Results
 12 
 [0, 2, 3, 1] 
 [0, 0, 0, 0, 1] 
 0.8324607329842932 

Results
 12 
 [0, 2, 3, 1] 
 [0, 0, 0, 1, 0] 
 0.6042402826855123 

Results
 12 
 [0, 2, 3, 1] 
 [0, 0, 1, 0, 0] 
 0.47855917667238423 

Results
 12 
 [0, 2, 3, 1] 
 [0, 1, 0, 0, 0] 
 0.6732223903177005 

Results
 12 
 [0, 2, 3, 1] 
 [1, 0, 0, 0, 0] 
 0.6178451178451179 

Results
 12 
 [0, 2, 3, 1] 
 [1, 1, 1, 1, 1] 
 0.6415854887470608 

Results
 12 
 [0, 2, 3, 1, 4] 
 [0, 0, 0, 0, 1] 
 0.924956369982548 

Results
 12 
 [0, 2, 3, 1, 4] 
 [0, 0, 0, 1, 0] 
 0.5512367491166078 

Results
 12 
 [0, 2, 3, 1, 4] 
 [0, 0, 1, 0, 0] 
 0.5283018867924528 

Results
 12 
 [0, 2, 3, 1, 4] 
 [0, 1, 0, 0, 0] 
 0.659606656580938 

Results
 12 
 [0, 2, 3, 1, 4] 
 [1, 0, 0, 0, 0] 
 0.5437710437710438 

Results
 12 
 [0, 2, 3, 1, 4] 
 [1, 1, 1, 1, 1] 
 0.641249580114209 

Results
 13 
 [0] 
 [0, 0, 0, 0, 1] 
 0.4363001745200698 

Results
 13 
 [0] 
 [0, 0, 0, 1, 0] 
 0.35159010600706714 

Results
 13 
 [0] 
 [0, 0, 1, 0, 0] 
 0.015437392795883362 

Results
 13 
 [0] 
 [0, 1, 0, 0, 0] 
 0.6354009077155824 

Results
 13 
 [0] 
 [1, 0, 0, 0, 0] 
 0.6599326599326599 

Results
 13 
 [0] 
 [1, 1, 1, 1, 1] 
 0.42660396372186765 

Results
 13 
 [0, 4] 
 [0, 0, 0, 0, 1] 
 0.9389179755671903 

Results
 13 
 [0, 4] 
 [0, 0, 0, 1, 0] 
 0.4028268551236749 

Results
 13 
 [0, 4] 
 [0, 0, 1, 0, 0] 
 0.41852487135506006 

Results
 13 
 [0, 4] 
 [0, 1, 0, 0, 0] 
 0.6444780635400907 

Results
 13 
 [0, 4] 
 [1, 0, 0, 0, 0] 
 0.6195286195286195 

Results
 13 
 [0, 4] 
 [1, 1, 1, 1, 1] 
 0.6059791736647632 

Results
 13 
 [0, 4, 2] 
 [0, 0, 0, 0, 1] 
 0.9336823734729494 

Results
 13 
 [0, 4, 2] 
 [0, 0, 0, 1, 0] 
 0.3197879858657244 

Results
 13 
 [0, 4, 2] 
 [0, 0, 1, 0, 0] 
 0.5969125214408233 

Results
 13 
 [0, 4, 2] 
 [0, 1, 0, 0, 0] 
 0.5582450832072617 

Results
 13 
 [0, 4, 2] 
 [1, 0, 0, 0, 0] 
 0.5033670033670034 

Results
 13 
 [0, 4, 2] 
 [1, 1, 1, 1, 1] 
 0.581793752099429 

Results
 13 
 [0, 4, 2, 1] 
 [0, 0, 0, 0, 1] 
 0.9214659685863874 

Results
 13 
 [0, 4, 2, 1] 
 [0, 0, 0, 1, 0] 
 0.3745583038869258 

Results
 13 
 [0, 4, 2, 1] 
 [0, 0, 1, 0, 0] 
 0.5454545454545454 

Results
 13 
 [0, 4, 2, 1] 
 [0, 1, 0, 0, 0] 
 0.659606656580938 

Results
 13 
 [0, 4, 2, 1] 
 [1, 0, 0, 0, 0] 
 0.5387205387205387 

Results
 13 
 [0, 4, 2, 1] 
 [1, 1, 1, 1, 1] 
 0.6093382599932818 

Results
 13 
 [0, 4, 2, 1, 3] 
 [0, 0, 0, 0, 1] 
 0.9179755671902269 

Results
 13 
 [0, 4, 2, 1, 3] 
 [0, 0, 0, 1, 0] 
 0.5530035335689046 

Results
 13 
 [0, 4, 2, 1, 3] 
 [0, 0, 1, 0, 0] 
 0.5265866209262435 

Results
 13 
 [0, 4, 2, 1, 3] 
 [0, 1, 0, 0, 0] 
 0.6611195158850227 

Results
 13 
 [0, 4, 2, 1, 3] 
 [1, 0, 0, 0, 0] 
 0.5673400673400674 

Results
 13 
 [0, 4, 2, 1, 3] 
 [1, 1, 1, 1, 1] 
 0.6449445750755795 

Results
 14 
 [3] 
 [0, 0, 0, 0, 1] 
 0.43804537521815007 

Results
 14 
 [3] 
 [0, 0, 0, 1, 0] 
 0.6501766784452296 

Results
 14 
 [3] 
 [0, 0, 1, 0, 0] 
 0.044596912521440824 

Results
 14 
 [3] 
 [0, 1, 0, 0, 0] 
 0.23903177004538578 

Results
 14 
 [3] 
 [1, 0, 0, 0, 0] 
 0.2777777777777778 

Results
 14 
 [3] 
 [1, 1, 1, 1, 1] 
 0.32515955660060464 

Results
 14 
 [3, 0] 
 [0, 0, 0, 0, 1] 
 0.612565445026178 

Results
 14 
 [3, 0] 
 [0, 0, 0, 1, 0] 
 0.6378091872791519 

Results
 14 
 [3, 0] 
 [0, 0, 1, 0, 0] 
 0.1183533447684391 

Results
 14 
 [3, 0] 
 [0, 1, 0, 0, 0] 
 0.6111951588502269 

Results
 14 
 [3, 0] 
 [1, 0, 0, 0, 0] 
 0.6498316498316499 

Results
 14 
 [3, 0] 
 [1, 1, 1, 1, 1] 
 0.5277124622102788 

Results
 14 
 [3, 0, 2] 
 [0, 0, 0, 0, 1] 
 0.8603839441535777 

Results
 14 
 [3, 0, 2] 
 [0, 0, 0, 1, 0] 
 0.6148409893992933 

Results
 14 
 [3, 0, 2] 
 [0, 0, 1, 0, 0] 
 0.5385934819897084 

Results
 14 
 [3, 0, 2] 
 [0, 1, 0, 0, 0] 
 0.6127080181543116 

Results
 14 
 [3, 0, 2] 
 [1, 0, 0, 0, 0] 
 0.6178451178451179 

Results
 14 
 [3, 0, 2] 
 [1, 1, 1, 1, 1] 
 0.6472959355055425 

Results
 14 
 [3, 0, 2, 1] 
 [0, 0, 0, 0, 1] 
 0.8342059336823735 

Results
 14 
 [3, 0, 2, 1] 
 [0, 0, 0, 1, 0] 
 0.607773851590106 

Results
 14 
 [3, 0, 2, 1] 
 [0, 0, 1, 0, 0] 
 0.49056603773584906 

Results
 14 
 [3, 0, 2, 1] 
 [0, 1, 0, 0, 0] 
 0.6717095310136157 

Results
 14 
 [3, 0, 2, 1] 
 [1, 0, 0, 0, 0] 
 0.622895622895623 

Results
 14 
 [3, 0, 2, 1] 
 [1, 1, 1, 1, 1] 
 0.6456163923412832 

Results
 14 
 [3, 0, 2, 1, 4] 
 [0, 0, 0, 0, 1] 
 0.9214659685863874 

Results
 14 
 [3, 0, 2, 1, 4] 
 [0, 0, 0, 1, 0] 
 0.5618374558303887 

Results
 14 
 [3, 0, 2, 1, 4] 
 [0, 0, 1, 0, 0] 
 0.5300171526586621 

Results
 14 
 [3, 0, 2, 1, 4] 
 [0, 1, 0, 0, 0] 
 0.6641452344931922 

Results
 14 
 [3, 0, 2, 1, 4] 
 [1, 0, 0, 0, 0] 
 0.5774410774410774 

Results
 14 
 [3, 0, 2, 1, 4] 
 [1, 1, 1, 1, 1] 
 0.6506550218340611 

Results
 15 
 [0] 
 [0, 0, 0, 0, 1] 
 0.4956369982547993 

Results
 15 
 [0] 
 [0, 0, 0, 1, 0] 
 0.39752650176678445 

Results
 15 
 [0] 
 [0, 0, 1, 0, 0] 
 0.032590051457975985 

Results
 15 
 [0] 
 [0, 1, 0, 0, 0] 
 0.649016641452345 

Results
 15 
 [0] 
 [1, 0, 0, 0, 0] 
 0.6599326599326599 

Results
 15 
 [0] 
 [1, 1, 1, 1, 1] 
 0.45314074571716495 

Results
 15 
 [0, 2] 
 [0, 0, 0, 0, 1] 
 0.8411867364746946 

Results
 15 
 [0, 2] 
 [0, 0, 0, 1, 0] 
 0.36925795053003535 

Results
 15 
 [0, 2] 
 [0, 0, 1, 0, 0] 
 0.6003430531732419 

Results
 15 
 [0, 2] 
 [0, 1, 0, 0, 0] 
 0.5688350983358548 

Results
 15 
 [0, 2] 
 [1, 0, 0, 0, 0] 
 0.6279461279461279 

Results
 15 
 [0, 2] 
 [1, 1, 1, 1, 1] 
 0.6012764528048371 

Results
 15 
 [0, 2, 1] 
 [0, 0, 0, 0, 1] 
 0.7853403141361257 

Results
 15 
 [0, 2, 1] 
 [0, 0, 0, 1, 0] 
 0.4558303886925795 

Results
 15 
 [0, 2, 1] 
 [0, 0, 1, 0, 0] 
 0.7684391080617495 

Results
 15 
 [0, 2, 1] 
 [0, 1, 0, 0, 0] 
 0.8532526475037822 

Results
 15 
 [0, 2, 1] 
 [1, 0, 0, 0, 0] 
 0.6296296296296297 

Results
 15 
 [0, 2, 1] 
 [1, 1, 1, 1, 1] 
 0.7033926771918039 

Results
 15 
 [0, 2, 1, 4] 
 [0, 0, 0, 0, 1] 
 0.924956369982548 

Results
 15 
 [0, 2, 1, 4] 
 [0, 0, 0, 1, 0] 
 0.4081272084805654 

Results
 15 
 [0, 2, 1, 4] 
 [0, 0, 1, 0, 0] 
 0.5780445969125214 

Results
 15 
 [0, 2, 1, 4] 
 [0, 1, 0, 0, 0] 
 0.6671709531013615 

Results
 15 
 [0, 2, 1, 4] 
 [1, 0, 0, 0, 0] 
 0.5622895622895623 

Results
 15 
 [0, 2, 1, 4] 
 [1, 1, 1, 1, 1] 
 0.6291568693315418 

Results
 15 
 [0, 2, 1, 4, 3] 
 [0, 0, 0, 0, 1] 
 0.9284467713787086 

Results
 15 
 [0, 2, 1, 4, 3] 
 [0, 0, 0, 1, 0] 
 0.5724381625441696 

Results
 15 
 [0, 2, 1, 4, 3] 
 [0, 0, 1, 0, 0] 
 0.5300171526586621 

Results
 15 
 [0, 2, 1, 4, 3] 
 [0, 1, 0, 0, 0] 
 0.6626323751891074 

Results
 15 
 [0, 2, 1, 4, 3] 
 [1, 0, 0, 0, 0] 
 0.5841750841750841 

Results
 15 
 [0, 2, 1, 4, 3] 
 [1, 1, 1, 1, 1] 
 0.6550218340611353 

Results
 16 
 [4] 
 [0, 0, 0, 0, 1] 
 0.9633507853403142 

Results
 16 
 [4] 
 [0, 0, 0, 1, 0] 
 0.31802120141342755 

Results
 16 
 [4] 
 [0, 0, 1, 0, 0] 
 0.4236706689536878 

Results
 16 
 [4] 
 [0, 1, 0, 0, 0] 
 0.21633888048411498 

Results
 16 
 [4] 
 [1, 0, 0, 0, 0] 
 0.08754208754208755 

Results
 16 
 [4] 
 [1, 1, 1, 1, 1] 
 0.3943567349680887 

Results
 16 
 [4, 3] 
 [0, 0, 0, 0, 1] 
 0.9458987783595113 

Results
 16 
 [4, 3] 
 [0, 0, 0, 1, 0] 
 0.6307420494699647 

Results
 16 
 [4, 3] 
 [0, 0, 1, 0, 0] 
 0.4013722126929674 

Results
 16 
 [4, 3] 
 [0, 1, 0, 0, 0] 
 0.5128593040847201 

Results
 16 
 [4, 3] 
 [1, 0, 0, 0, 0] 
 0.3653198653198653 

Results
 16 
 [4, 3] 
 [1, 1, 1, 1, 1] 
 0.5673496808867988 

Results
 16 
 [4, 3, 2] 
 [0, 0, 0, 0, 1] 
 0.944153577661431 

Results
 16 
 [4, 3, 2] 
 [0, 0, 0, 1, 0] 
 0.5141342756183745 

Results
 16 
 [4, 3, 2] 
 [0, 0, 1, 0, 0] 
 0.6123499142367067 

Results
 16 
 [4, 3, 2] 
 [0, 1, 0, 0, 0] 
 0.5264750378214826 

Results
 16 
 [4, 3, 2] 
 [1, 0, 0, 0, 0] 
 0.3047138047138047 

Results
 16 
 [4, 3, 2] 
 [1, 1, 1, 1, 1] 
 0.5770910312395029 

Results
 16 
 [4, 3, 2, 1] 
 [0, 0, 0, 0, 1] 
 0.9162303664921466 

Results
 16 
 [4, 3, 2, 1] 
 [0, 0, 0, 1, 0] 
 0.5388692579505301 

Results
 16 
 [4, 3, 2, 1] 
 [0, 0, 1, 0, 0] 
 0.8078902229845626 

Results
 16 
 [4, 3, 2, 1] 
 [0, 1, 0, 0, 0] 
 0.848714069591528 

Results
 16 
 [4, 3, 2, 1] 
 [1, 0, 0, 0, 0] 
 0.43097643097643096 

Results
 16 
 [4, 3, 2, 1] 
 [1, 1, 1, 1, 1] 
 0.7114544843802486 

Results
 16 
 [4, 3, 2, 1, 0] 
 [0, 0, 0, 0, 1] 
 0.9092495636998255 

Results
 16 
 [4, 3, 2, 1, 0] 
 [0, 0, 0, 1, 0] 
 0.5636042402826855 

Results
 16 
 [4, 3, 2, 1, 0] 
 [0, 0, 1, 0, 0] 
 0.7289879931389366 

Results
 16 
 [4, 3, 2, 1, 0] 
 [0, 1, 0, 0, 0] 
 0.8229954614220878 

Results
 16 
 [4, 3, 2, 1, 0] 
 [1, 0, 0, 0, 0] 
 0.5791245791245792 

Results
 16 
 [4, 3, 2, 1, 0] 
 [1, 1, 1, 1, 1] 
 0.7232112865300638 

Results
 17 
 [1] 
 [0, 0, 0, 0, 1] 
 0.08726003490401396 

Results
 17 
 [1] 
 [0, 0, 0, 1, 0] 
 0.08833922261484099 

Results
 17 
 [1] 
 [0, 0, 1, 0, 0] 
 0.41509433962264153 

Results
 17 
 [1] 
 [0, 1, 0, 0, 0] 
 0.9909228441754917 

Results
 17 
 [1] 
 [1, 0, 0, 0, 0] 
 0.46464646464646464 

Results
 17 
 [1] 
 [1, 1, 1, 1, 1] 
 0.42761168962042323 

Results
 17 
 [1, 0] 
 [0, 0, 0, 0, 1] 
 0.38394415357766143 

Results
 17 
 [1, 0] 
 [0, 0, 0, 1, 0] 
 0.411660777385159 

Results
 17 
 [1, 0] 
 [0, 0, 1, 0, 0] 
 0.4322469982847341 

Results
 17 
 [1, 0] 
 [0, 1, 0, 0, 0] 
 0.9742813918305597 

Results
 17 
 [1, 0] 
 [1, 0, 0, 0, 0] 
 0.6447811447811448 

Results
 17 
 [1, 0] 
 [1, 1, 1, 1, 1] 
 0.581793752099429 

Results
 17 
 [1, 0, 3] 
 [0, 0, 0, 0, 1] 
 0.5671902268760908 

Results
 17 
 [1, 0, 3] 
 [0, 0, 0, 1, 0] 
 0.6219081272084805 

Results
 17 
 [1, 0, 3] 
 [0, 0, 1, 0, 0] 
 0.4219554030874786 

Results
 17 
 [1, 0, 3] 
 [0, 1, 0, 0, 0] 
 0.9152798789712556 

Results
 17 
 [1, 0, 3] 
 [1, 0, 0, 0, 0] 
 0.6430976430976431 

Results
 17 
 [1, 0, 3] 
 [1, 1, 1, 1, 1] 
 0.6415854887470608 

Results
 17 
 [1, 0, 3, 2] 
 [0, 0, 0, 0, 1] 
 0.5881326352530541 

Results
 17 
 [1, 0, 3, 2] 
 [0, 0, 0, 1, 0] 
 0.5954063604240283 

Results
 17 
 [1, 0, 3, 2] 
 [0, 0, 1, 0, 0] 
 0.8113207547169812 

Results
 17 
 [1, 0, 3, 2] 
 [0, 1, 0, 0, 0] 
 0.9531013615733737 

Results
 17 
 [1, 0, 3, 2] 
 [1, 0, 0, 0, 0] 
 0.6161616161616161 

Results
 17 
 [1, 0, 3, 2] 
 [1, 1, 1, 1, 1] 
 0.7198522002015452 

Results
 17 
 [1, 0, 3, 2, 4] 
 [0, 0, 0, 0, 1] 
 0.8883071553228621 

Results
 17 
 [1, 0, 3, 2, 4] 
 [0, 0, 0, 1, 0] 
 0.5671378091872792 

Results
 17 
 [1, 0, 3, 2, 4] 
 [0, 0, 1, 0, 0] 
 0.8096054888507719 

Results
 17 
 [1, 0, 3, 2, 4] 
 [0, 1, 0, 0, 0] 
 0.8956127080181543 

Results
 17 
 [1, 0, 3, 2, 4] 
 [1, 0, 0, 0, 0] 
 0.5723905723905723 

Results
 17 
 [1, 0, 3, 2, 4] 
 [1, 1, 1, 1, 1] 
 0.7504198857910648 

Results
 18 
 [3] 
 [0, 0, 0, 0, 1] 
 0.48342059336823734 

Results
 18 
 [3] 
 [0, 0, 0, 1, 0] 
 0.6484098939929329 

Results
 18 
 [3] 
 [0, 0, 1, 0, 0] 
 0.05317324185248713 

Results
 18 
 [3] 
 [0, 1, 0, 0, 0] 
 0.291981845688351 

Results
 18 
 [3] 
 [1, 0, 0, 0, 0] 
 0.29797979797979796 

Results
 18 
 [3] 
 [1, 1, 1, 1, 1] 
 0.3510245213301982 

Results
 18 
 [3, 0] 
 [0, 0, 0, 0, 1] 
 0.6719022687609075 

Results
 18 
 [3, 0] 
 [0, 0, 0, 1, 0] 
 0.6378091872791519 

Results
 18 
 [3, 0] 
 [0, 0, 1, 0, 0] 
 0.2006861063464837 

Results
 18 
 [3, 0] 
 [0, 1, 0, 0, 0] 
 0.6550680786686838 

Results
 18 
 [3, 0] 
 [1, 0, 0, 0, 0] 
 0.6464646464646465 

Results
 18 
 [3, 0] 
 [1, 1, 1, 1, 1] 
 0.564326503191132 

Results
 18 
 [3, 0, 4] 
 [0, 0, 0, 0, 1] 
 0.9267015706806283 

Results
 18 
 [3, 0, 4] 
 [0, 0, 0, 1, 0] 
 0.627208480565371 

Results
 18 
 [3, 0, 4] 
 [0, 0, 1, 0, 0] 
 0.41680960548885077 

Results
 18 
 [3, 0, 4] 
 [0, 1, 0, 0, 0] 
 0.642965204236006 

Results
 18 
 [3, 0, 4] 
 [1, 0, 0, 0, 0] 
 0.6077441077441077 

Results
 18 
 [3, 0, 4] 
 [1, 1, 1, 1, 1] 
 0.6432650319113201 

Results
 18 
 [3, 0, 4, 2] 
 [0, 0, 0, 0, 1] 
 0.9406631762652705 

Results
 18 
 [3, 0, 4, 2] 
 [0, 0, 0, 1, 0] 
 0.5512367491166078 

Results
 18 
 [3, 0, 4, 2] 
 [0, 0, 1, 0, 0] 
 0.7341337907375644 

Results
 18 
 [3, 0, 4, 2] 
 [0, 1, 0, 0, 0] 
 0.7503782148260212 

Results
 18 
 [3, 0, 4, 2] 
 [1, 0, 0, 0, 0] 
 0.5117845117845118 

Results
 18 
 [3, 0, 4, 2] 
 [1, 1, 1, 1, 1] 
 0.6983540476990259 

Results
 18 
 [3, 0, 4, 2, 1] 
 [0, 0, 0, 0, 1] 
 0.8883071553228621 

Results
 18 
 [3, 0, 4, 2, 1] 
 [0, 0, 0, 1, 0] 
 0.5618374558303887 

Results
 18 
 [3, 0, 4, 2, 1] 
 [0, 0, 1, 0, 0] 
 0.8370497427101201 

Results
 18 
 [3, 0, 4, 2, 1] 
 [0, 1, 0, 0, 0] 
 0.9046898638426626 

Results
 18 
 [3, 0, 4, 2, 1] 
 [1, 0, 0, 0, 0] 
 0.5538720538720538 

Results
 18 
 [3, 0, 4, 2, 1] 
 [1, 1, 1, 1, 1] 
 0.7531071548538797 

Results
 19 
 [2] 
 [0, 0, 0, 0, 1] 
 0.32809773123909247 

Results
 19 
 [2] 
 [0, 0, 0, 1, 0] 
 0.015901060070671377 

Results
 19 
 [2] 
 [0, 0, 1, 0, 0] 
 0.9416809605488851 

Results
 19 
 [2] 
 [0, 1, 0, 0, 0] 
 0.3661119515885023 

Results
 19 
 [2] 
 [1, 0, 0, 0, 0] 
 0.013468013468013467 

Results
 19 
 [2] 
 [1, 1, 1, 1, 1] 
 0.33456499832045683 

Results
 19 
 [2, 0] 
 [0, 0, 0, 0, 1] 
 0.5671902268760908 

Results
 19 
 [2, 0] 
 [0, 0, 0, 1, 0] 
 0.31802120141342755 

Results
 19 
 [2, 0] 
 [0, 0, 1, 0, 0] 
 0.9090909090909091 

Results
 19 
 [2, 0] 
 [0, 1, 0, 0, 0] 
 0.8744326777609682 

Results
 19 
 [2, 0] 
 [1, 0, 0, 0, 0] 
 0.6094276094276094 

Results
 19 
 [2, 0] 
 [1, 1, 1, 1, 1] 
 0.663419549882432 

Results
 19 
 [2, 0, 1] 
 [0, 0, 0, 0, 1] 
 0.462478184991274 

Results
 19 
 [2, 0, 1] 
 [0, 0, 0, 1, 0] 
 0.3197879858657244 

Results
 19 
 [2, 0, 1] 
 [0, 0, 1, 0, 0] 
 0.8593481989708405 

Results
 19 
 [2, 0, 1] 
 [0, 1, 0, 0, 0] 
 0.9712556732223904 

Results
 19 
 [2, 0, 1] 
 [1, 0, 0, 0, 0] 
 0.6161616161616161 

Results
 19 
 [2, 0, 1] 
 [1, 1, 1, 1, 1] 
 0.6567013772253947 

Results
 19 
 [2, 0, 1, 4] 
 [0, 0, 0, 0, 1] 
 0.8446771378708552 

Results
 19 
 [2, 0, 1, 4] 
 [0, 0, 0, 1, 0] 
 0.3745583038869258 

Results
 19 
 [2, 0, 1, 4] 
 [0, 0, 1, 0, 0] 
 0.8730703259005146 

Results
 19 
 [2, 0, 1, 4] 
 [0, 1, 0, 0, 0] 
 0.9349470499243571 

Results
 19 
 [2, 0, 1, 4] 
 [1, 0, 0, 0, 0] 
 0.5387205387205387 

Results
 19 
 [2, 0, 1, 4] 
 [1, 1, 1, 1, 1] 
 0.7198522002015452 

Results
 19 
 [2, 0, 1, 4, 3] 
 [0, 0, 0, 0, 1] 
 0.8830715532286213 

Results
 19 
 [2, 0, 1, 4, 3] 
 [0, 0, 0, 1, 0] 
 0.5653710247349824 

Results
 19 
 [2, 0, 1, 4, 3] 
 [0, 0, 1, 0, 0] 
 0.8387650085763293 

Results
 19 
 [2, 0, 1, 4, 3] 
 [0, 1, 0, 0, 0] 
 0.9167927382753404 

Results
 19 
 [2, 0, 1, 4, 3] 
 [1, 0, 0, 0, 0] 
 0.563973063973064 

Results
 19 
 [2, 0, 1, 4, 3] 
 [1, 1, 1, 1, 1] 
 0.7578098757138059 

Results
 20 
 [0] 
 [0, 0, 0, 0, 1] 
 0.5619546247818499 

Results
 20 
 [0] 
 [0, 0, 0, 1, 0] 
 0.4416961130742049 

Results
 20 
 [0] 
 [0, 0, 1, 0, 0] 
 0.34476843910806176 

Results
 20 
 [0] 
 [0, 1, 0, 0, 0] 
 0.8744326777609682 

Results
 20 
 [0] 
 [1, 0, 0, 0, 0] 
 0.6599326599326599 

Results
 20 
 [0] 
 [1, 1, 1, 1, 1] 
 0.5854887470607995 

Results
 20 
 [0, 2] 
 [0, 0, 0, 0, 1] 
 0.5724258289703316 

Results
 20 
 [0, 2] 
 [0, 0, 0, 1, 0] 
 0.3197879858657244 

Results
 20 
 [0, 2] 
 [0, 0, 1, 0, 0] 
 0.9193825042881647 

Results
 20 
 [0, 2] 
 [0, 1, 0, 0, 0] 
 0.8895612708018155 

Results
 20 
 [0, 2] 
 [1, 0, 0, 0, 0] 
 0.6127946127946128 

Results
 20 
 [0, 2] 
 [1, 1, 1, 1, 1] 
 0.670809539805173 

Results
 20 
 [0, 2, 3] 
 [0, 0, 0, 0, 1] 
 0.7294938917975567 

Results
 20 
 [0, 2, 3] 
 [0, 0, 0, 1, 0] 
 0.6201413427561837 

Results
 20 
 [0, 2, 3] 
 [0, 0, 1, 0, 0] 
 0.8319039451114922 

Results
 20 
 [0, 2, 3] 
 [0, 1, 0, 0, 0] 
 0.8835098335854765 

Results
 20 
 [0, 2, 3] 
 [1, 0, 0, 0, 0] 
 0.6094276094276094 

Results
 20 
 [0, 2, 3] 
 [1, 1, 1, 1, 1] 
 0.7389989922741015 

Results
 20 
 [0, 2, 3, 1] 
 [0, 0, 0, 0, 1] 
 0.5881326352530541 

Results
 20 
 [0, 2, 3, 1] 
 [0, 0, 0, 1, 0] 
 0.598939929328622 

Results
 20 
 [0, 2, 3, 1] 
 [0, 0, 1, 0, 0] 
 0.8284734133790738 

Results
 20 
 [0, 2, 3, 1] 
 [0, 1, 0, 0, 0] 
 0.9667170953101362 

Results
 20 
 [0, 2, 3, 1] 
 [1, 0, 0, 0, 0] 
 0.6178451178451179 

Results
 20 
 [0, 2, 3, 1] 
 [1, 1, 1, 1, 1] 
 0.7272421901242861 

Results
 20 
 [0, 2, 3, 1, 4] 
 [0, 0, 0, 0, 1] 
 0.8917975567190227 

Results
 20 
 [0, 2, 3, 1, 4] 
 [0, 0, 0, 1, 0] 
 0.5742049469964664 

Results
 20 
 [0, 2, 3, 1, 4] 
 [0, 0, 1, 0, 0] 
 0.8490566037735849 

Results
 20 
 [0, 2, 3, 1, 4] 
 [0, 1, 0, 0, 0] 
 0.9213313161875946 

Results
 20 
 [0, 2, 3, 1, 4] 
 [1, 0, 0, 0, 0] 
 0.5656565656565656 

Results
 20 
 [0, 2, 3, 1, 4] 
 [1, 1, 1, 1, 1] 
 0.7645280483708431 

Results
 21 
 [0] 
 [0, 0, 0, 0, 1] 
 0.6160558464223386 

Results
 21 
 [0] 
 [0, 0, 0, 1, 0] 
 0.5795053003533569 

Results
 21 
 [0] 
 [0, 0, 1, 0, 0] 
 0.37735849056603776 

Results
 21 
 [0] 
 [0, 1, 0, 0, 0] 
 0.8366111951588502 

Results
 21 
 [0] 
 [1, 0, 0, 0, 0] 
 0.9158249158249159 

Results
 21 
 [0] 
 [1, 1, 1, 1, 1] 
 0.6711454484380248 

Results
 21 
 [0, 1] 
 [0, 0, 0, 0, 1] 
 0.41535776614310643 

Results
 21 
 [0, 1] 
 [0, 0, 0, 1, 0] 
 0.47703180212014135 

Results
 21 
 [0, 1] 
 [0, 0, 1, 0, 0] 
 0.5094339622641509 

Results
 21 
 [0, 1] 
 [0, 1, 0, 0, 0] 
 0.989409984871407 

Results
 21 
 [0, 1] 
 [1, 0, 0, 0, 0] 
 0.6801346801346801 

Results
 21 
 [0, 1] 
 [1, 1, 1, 1, 1] 
 0.6257977830030231 

Results
 21 
 [0, 1, 4] 
 [0, 0, 0, 0, 1] 
 0.9022687609075044 

Results
 21 
 [0, 1, 4] 
 [0, 0, 0, 1, 0] 
 0.48939929328621906 

Results
 21 
 [0, 1, 4] 
 [0, 0, 1, 0, 0] 
 0.7032590051457976 

Results
 21 
 [0, 1, 4] 
 [0, 1, 0, 0, 0] 
 0.9213313161875946 

Results
 21 
 [0, 1, 4] 
 [1, 0, 0, 0, 0] 
 0.6262626262626263 

Results
 21 
 [0, 1, 4] 
 [1, 1, 1, 1, 1] 
 0.7339603627813235 

Results
 21 
 [0, 1, 4, 3] 
 [0, 0, 0, 0, 1] 
 0.8987783595113438 

Results
 21 
 [0, 1, 4, 3] 
 [0, 0, 0, 1, 0] 
 0.6148409893992933 

Results
 21 
 [0, 1, 4, 3] 
 [0, 0, 1, 0, 0] 
 0.6312178387650086 

Results
 21 
 [0, 1, 4, 3] 
 [0, 1, 0, 0, 0] 
 0.8547655068078669 

Results
 21 
 [0, 1, 4, 3] 
 [1, 0, 0, 0, 0] 
 0.6161616161616161 

Results
 21 
 [0, 1, 4, 3] 
 [1, 1, 1, 1, 1] 
 0.7262344642257306 

Results
 21 
 [0, 1, 4, 3, 2] 
 [0, 0, 0, 0, 1] 
 0.8883071553228621 

Results
 21 
 [0, 1, 4, 3, 2] 
 [0, 0, 0, 1, 0] 
 0.5865724381625441 

Results
 21 
 [0, 1, 4, 3, 2] 
 [0, 0, 1, 0, 0] 
 0.8524871355060034 

Results
 21 
 [0, 1, 4, 3, 2] 
 [0, 1, 0, 0, 0] 
 0.9228441754916793 

Results
 21 
 [0, 1, 4, 3, 2] 
 [1, 0, 0, 0, 0] 
 0.5673400673400674 

Results
 21 
 [0, 1, 4, 3, 2] 
 [1, 1, 1, 1, 1] 
 0.7675512260665099 

Results
 22 
 [3] 
 [0, 0, 0, 0, 1] 
 0.5130890052356021 

Results
 22 
 [3] 
 [0, 0, 0, 1, 0] 
 0.6484098939929329 

Results
 22 
 [3] 
 [0, 0, 1, 0, 0] 
 0.06689536878216124 

Results
 22 
 [3] 
 [0, 1, 0, 0, 0] 
 0.3615733736762481 

Results
 22 
 [3] 
 [1, 0, 0, 0, 0] 
 0.31986531986531985 

Results
 22 
 [3] 
 [1, 1, 1, 1, 1] 
 0.3792408464897548 

Results
 22 
 [3, 4] 
 [0, 0, 0, 0, 1] 
 0.944153577661431 

Results
 22 
 [3, 4] 
 [0, 0, 0, 1, 0] 
 0.6360424028268551 

Results
 22 
 [3, 4] 
 [0, 0, 1, 0, 0] 
 0.44939965694682676 

Results
 22 
 [3, 4] 
 [0, 1, 0, 0, 0] 
 0.5476550680786687 

Results
 22 
 [3, 4] 
 [1, 0, 0, 0, 0] 
 0.4006734006734007 

Results
 22 
 [3, 4] 
 [1, 1, 1, 1, 1] 
 0.5922069197178368 

Results
 22 
 [3, 4, 1] 
 [0, 0, 0, 0, 1] 
 0.9179755671902269 

Results
 22 
 [3, 4, 1] 
 [0, 0, 0, 1, 0] 
 0.6201413427561837 

Results
 22 
 [3, 4, 1] 
 [0, 0, 1, 0, 0] 
 0.6226415094339622 

Results
 22 
 [3, 4, 1] 
 [0, 1, 0, 0, 0] 
 0.8396369137670197 

Results
 22 
 [3, 4, 1] 
 [1, 0, 0, 0, 0] 
 0.5084175084175084 

Results
 22 
 [3, 4, 1] 
 [1, 1, 1, 1, 1] 
 0.7044004030903595 

Results
 22 
 [3, 4, 1, 2] 
 [0, 0, 0, 0, 1] 
 0.900523560209424 

Results
 22 
 [3, 4, 1, 2] 
 [0, 0, 0, 1, 0] 
 0.5759717314487632 

Results
 22 
 [3, 4, 1, 2] 
 [0, 0, 1, 0, 0] 
 0.8799313893653516 

Results
 22 
 [3, 4, 1, 2] 
 [0, 1, 0, 0, 0] 
 0.9122541603630863 

Results
 22 
 [3, 4, 1, 2] 
 [1, 0, 0, 0, 0] 
 0.4444444444444444 

Results
 22 
 [3, 4, 1, 2] 
 [1, 1, 1, 1, 1] 
 0.7463889821968425 

Results
 22 
 [3, 4, 1, 2, 0] 
 [0, 0, 0, 0, 1] 
 0.8917975567190227 

Results
 22 
 [3, 4, 1, 2, 0] 
 [0, 0, 0, 1, 0] 
 0.5954063604240283 

Results
 22 
 [3, 4, 1, 2, 0] 
 [0, 0, 1, 0, 0] 
 0.8576329331046312 

Results
 22 
 [3, 4, 1, 2, 0] 
 [0, 1, 0, 0, 0] 
 0.924357034795764 

Results
 22 
 [3, 4, 1, 2, 0] 
 [1, 0, 0, 0, 0] 
 0.6077441077441077 

Results
 22 
 [3, 4, 1, 2, 0] 
 [1, 1, 1, 1, 1] 
 0.7793080282163252 

Results
 23 
 [2] 
 [0, 0, 0, 0, 1] 
 0.3193717277486911 

Results
 23 
 [2] 
 [0, 0, 0, 1, 0] 
 0.0088339222614841 

Results
 23 
 [2] 
 [0, 0, 1, 0, 0] 
 0.9502572898799314 

Results
 23 
 [2] 
 [0, 1, 0, 0, 0] 
 0.4039334341906203 

Results
 23 
 [2] 
 [1, 0, 0, 0, 0] 
 0.03198653198653199 

Results
 23 
 [2] 
 [1, 1, 1, 1, 1] 
 0.3453140745717165 

Results
 23 
 [2, 4] 
 [0, 0, 0, 0, 1] 
 0.9284467713787086 

Results
 23 
 [2, 4] 
 [0, 0, 0, 1, 0] 
 0.2915194346289753 

Results
 23 
 [2, 4] 
 [0, 0, 1, 0, 0] 
 0.8782161234991424 

Results
 23 
 [2, 4] 
 [0, 1, 0, 0, 0] 
 0.573373676248109 

Results
 23 
 [2, 4] 
 [1, 0, 0, 0, 0] 
 0.2037037037037037 

Results
 23 
 [2, 4] 
 [1, 1, 1, 1, 1] 
 0.574067853543836 

Results
 23 
 [2, 4, 0] 
 [0, 0, 0, 0, 1] 
 0.9197207678883071 

Results
 23 
 [2, 4, 0] 
 [0, 0, 0, 1, 0] 
 0.3833922261484099 

Results
 23 
 [2, 4, 0] 
 [0, 0, 1, 0, 0] 
 0.8902229845626072 

Results
 23 
 [2, 4, 0] 
 [0, 1, 0, 0, 0] 
 0.8290468986384266 

Results
 23 
 [2, 4, 0] 
 [1, 0, 0, 0, 0] 
 0.601010101010101 

Results
 23 
 [2, 4, 0] 
 [1, 1, 1, 1, 1] 
 0.7282499160228418 

Results
 23 
 [2, 4, 0, 3] 
 [0, 0, 0, 0, 1] 
 0.9389179755671903 

Results
 23 
 [2, 4, 0, 3] 
 [0, 0, 0, 1, 0] 
 0.7243816254416962 

Results
 23 
 [2, 4, 0, 3] 
 [0, 0, 1, 0, 0] 
 0.8284734133790738 

Results
 23 
 [2, 4, 0, 3] 
 [0, 1, 0, 0, 0] 
 0.8033282904689864 

Results
 23 
 [2, 4, 0, 3] 
 [1, 0, 0, 0, 0] 
 0.7861952861952862 

Results
 23 
 [2, 4, 0, 3] 
 [1, 1, 1, 1, 1] 
 0.8159220691971784 

Results
 23 
 [2, 4, 0, 3, 1] 
 [0, 0, 0, 0, 1] 
 0.8865619546247818 

Results
 23 
 [2, 4, 0, 3, 1] 
 [0, 0, 0, 1, 0] 
 0.7173144876325088 

Results
 23 
 [2, 4, 0, 3, 1] 
 [0, 0, 1, 0, 0] 
 0.8644939965694682 

Results
 23 
 [2, 4, 0, 3, 1] 
 [0, 1, 0, 0, 0] 
 0.9273827534039334 

Results
 23 
 [2, 4, 0, 3, 1] 
 [1, 0, 0, 0, 0] 
 0.7710437710437711 

Results
 23 
 [2, 4, 0, 3, 1] 
 [1, 1, 1, 1, 1] 
 0.8360765871682903 

Results
 24 
 [3] 
 [0, 0, 0, 0, 1] 
 0.5549738219895288 

Results
 24 
 [3] 
 [0, 0, 0, 1, 0] 
 0.9063604240282686 

Results
 24 
 [3] 
 [0, 0, 1, 0, 0] 
 0.10806174957118353 

Results
 24 
 [3] 
 [0, 1, 0, 0, 0] 
 0.3691376701966717 

Results
 24 
 [3] 
 [1, 0, 0, 0, 0] 
 0.6767676767676768 

Results
 24 
 [3] 
 [1, 1, 1, 1, 1] 
 0.517299294591871 

Results
 24 
 [3, 4] 
 [0, 0, 0, 0, 1] 
 0.9458987783595113 

Results
 24 
 [3, 4] 
 [0, 0, 0, 1, 0] 
 0.8197879858657244 

Results
 24 
 [3, 4] 
 [0, 0, 1, 0, 0] 
 0.48027444253859347 

Results
 24 
 [3, 4] 
 [0, 1, 0, 0, 0] 
 0.5219364599092284 

Results
 24 
 [3, 4] 
 [1, 0, 0, 0, 0] 
 0.6245791245791246 

Results
 24 
 [3, 4] 
 [1, 1, 1, 1, 1] 
 0.6724890829694323 

Results
 24 
 [3, 4, 1] 
 [0, 0, 0, 0, 1] 
 0.9197207678883071 

Results
 24 
 [3, 4, 1] 
 [0, 0, 0, 1, 0] 
 0.784452296819788 

Results
 24 
 [3, 4, 1] 
 [0, 0, 1, 0, 0] 
 0.6878216123499142 

Results
 24 
 [3, 4, 1] 
 [0, 1, 0, 0, 0] 
 0.8608169440242057 

Results
 24 
 [3, 4, 1] 
 [1, 0, 0, 0, 0] 
 0.7171717171717171 

Results
 24 
 [3, 4, 1] 
 [1, 1, 1, 1, 1] 
 0.7950957339603628 

Results
 24 
 [3, 4, 1, 0] 
 [0, 0, 0, 0, 1] 
 0.8865619546247818 

Results
 24 
 [3, 4, 1, 0] 
 [0, 0, 0, 1, 0] 
 0.8445229681978799 

Results
 24 
 [3, 4, 1, 0] 
 [0, 0, 1, 0, 0] 
 0.6500857632933105 

Results
 24 
 [3, 4, 1, 0] 
 [0, 1, 0, 0, 0] 
 0.8562783661119516 

Results
 24 
 [3, 4, 1, 0] 
 [1, 0, 0, 0, 0] 
 0.8821548821548821 

Results
 24 
 [3, 4, 1, 0] 
 [1, 1, 1, 1, 1] 
 0.8246556936513268 

Results
 24 
 [3, 4, 1, 0, 2] 
 [0, 0, 0, 0, 1] 
 0.8883071553228621 

Results
 24 
 [3, 4, 1, 0, 2] 
 [0, 0, 0, 1, 0] 
 0.7703180212014135 

Results
 24 
 [3, 4, 1, 0, 2] 
 [0, 0, 1, 0, 0] 
 0.8542024013722127 

Results
 24 
 [3, 4, 1, 0, 2] 
 [0, 1, 0, 0, 0] 
 0.9198184568835098 

Results
 24 
 [3, 4, 1, 0, 2] 
 [1, 0, 0, 0, 0] 
 0.8097643097643098 

Results
 24 
 [3, 4, 1, 0, 2] 
 [1, 1, 1, 1, 1] 
 0.8505206583809204 

Results
 25 
 [3] 
 [0, 0, 0, 0, 1] 
 0.5427574171029669 

Results
 25 
 [3] 
 [0, 0, 0, 1, 0] 
 0.9045936395759717 

Results
 25 
 [3] 
 [0, 0, 1, 0, 0] 
 0.0823327615780446 

Results
 25 
 [3] 
 [0, 1, 0, 0, 0] 
 0.33434190620272314 

Results
 25 
 [3] 
 [1, 0, 0, 0, 0] 
 0.6515151515151515 

Results
 25 
 [3] 
 [1, 1, 1, 1, 1] 
 0.4968088679879073 

Results
 25 
 [3, 2] 
 [0, 0, 0, 0, 1] 
 0.6649214659685864 

Results
 25 
 [3, 2] 
 [0, 0, 0, 1, 0] 
 0.8180212014134276 

Results
 25 
 [3, 2] 
 [0, 0, 1, 0, 0] 
 0.8867924528301887 

Results
 25 
 [3, 2] 
 [0, 1, 0, 0, 0] 
 0.7428139183055976 

Results
 25 
 [3, 2] 
 [1, 0, 0, 0, 0] 
 0.6262626262626263 

Results
 25 
 [3, 2] 
 [1, 1, 1, 1, 1] 
 0.7470607994625462 

Results
 25 
 [3, 2, 0] 
 [0, 0, 0, 0, 1] 
 0.731239092495637 

Results
 25 
 [3, 2, 0] 
 [0, 0, 0, 1, 0] 
 0.8692579505300353 

Results
 25 
 [3, 2, 0] 
 [0, 0, 1, 0, 0] 
 0.8130360205831904 

Results
 25 
 [3, 2, 0] 
 [0, 1, 0, 0, 0] 
 0.7760968229954615 

Results
 25 
 [3, 2, 0] 
 [1, 0, 0, 0, 0] 
 0.898989898989899 

Results
 25 
 [3, 2, 0] 
 [1, 1, 1, 1, 1] 
 0.8169297950957339 

Results
 25 
 [3, 2, 0, 4] 
 [0, 0, 0, 0, 1] 
 0.9336823734729494 

Results
 25 
 [3, 2, 0, 4] 
 [0, 0, 0, 1, 0] 
 0.7985865724381626 

Results
 25 
 [3, 2, 0, 4] 
 [0, 0, 1, 0, 0] 
 0.7890222984562607 

Results
 25 
 [3, 2, 0, 4] 
 [0, 1, 0, 0, 0] 
 0.773071104387292 

Results
 25 
 [3, 2, 0, 4] 
 [1, 0, 0, 0, 0] 
 0.8148148148148148 

Results
 25 
 [3, 2, 0, 4] 
 [1, 1, 1, 1, 1] 
 0.8202888814242526 

Results
 25 
 [3, 2, 0, 4, 1] 
 [0, 0, 0, 0, 1] 
 0.8900523560209425 

Results
 25 
 [3, 2, 0, 4, 1] 
 [0, 0, 0, 1, 0] 
 0.8003533568904594 

Results
 25 
 [3, 2, 0, 4, 1] 
 [0, 0, 1, 0, 0] 
 0.8439108061749572 

Results
 25 
 [3, 2, 0, 4, 1] 
 [0, 1, 0, 0, 0] 
 0.9198184568835098 

Results
 25 
 [3, 2, 0, 4, 1] 
 [1, 0, 0, 0, 0] 
 0.8198653198653199 

Results
 25 
 [3, 2, 0, 4, 1] 
 [1, 1, 1, 1, 1] 
 0.856567013772254 

Results
 26 
 [3] 
 [0, 0, 0, 0, 1] 
 0.5776614310645725 

Results
 26 
 [3] 
 [0, 0, 0, 1, 0] 
 0.9081272084805654 

Results
 26 
 [3] 
 [0, 0, 1, 0, 0] 
 0.09777015437392796 

Results
 26 
 [3] 
 [0, 1, 0, 0, 0] 
 0.4069591527987897 

Results
 26 
 [3] 
 [1, 0, 0, 0, 0] 
 0.696969696969697 

Results
 26 
 [3] 
 [1, 1, 1, 1, 1] 
 0.5324151830702049 

Results
 26 
 [3, 1] 
 [0, 0, 0, 0, 1] 
 0.5148342059336823 

Results
 26 
 [3, 1] 
 [0, 0, 0, 1, 0] 
 0.8498233215547704 

Results
 26 
 [3, 1] 
 [0, 0, 1, 0, 0] 
 0.5831903945111492 

Results
 26 
 [3, 1] 
 [0, 1, 0, 0, 0] 
 0.9531013615733737 

Results
 26 
 [3, 1] 
 [1, 0, 0, 0, 0] 
 0.8232323232323232 

Results
 26 
 [3, 1] 
 [1, 1, 1, 1, 1] 
 0.7507557944239167 

Results
 26 
 [3, 1, 4] 
 [0, 0, 0, 0, 1] 
 0.9179755671902269 

Results
 26 
 [3, 1, 4] 
 [0, 0, 0, 1, 0] 
 0.8197879858657244 

Results
 26 
 [3, 1, 4] 
 [0, 0, 1, 0, 0] 
 0.6620926243567753 

Results
 26 
 [3, 1, 4] 
 [0, 1, 0, 0, 0] 
 0.8547655068078669 

Results
 26 
 [3, 1, 4] 
 [1, 0, 0, 0, 0] 
 0.7558922558922558 

Results
 26 
 [3, 1, 4] 
 [1, 1, 1, 1, 1] 
 0.8028216325159556 

Results
 26 
 [3, 1, 4, 0] 
 [0, 0, 0, 0, 1] 
 0.8848167539267016 

Results
 26 
 [3, 1, 4, 0] 
 [0, 0, 0, 1, 0] 
 0.8551236749116607 

Results
 26 
 [3, 1, 4, 0] 
 [0, 0, 1, 0, 0] 
 0.6432246998284734 

Results
 26 
 [3, 1, 4, 0] 
 [0, 1, 0, 0, 0] 
 0.859304084720121 

Results
 26 
 [3, 1, 4, 0] 
 [1, 0, 0, 0, 0] 
 0.8872053872053872 

Results
 26 
 [3, 1, 4, 0] 
 [1, 1, 1, 1, 1] 
 0.826671145448438 

Results
 26 
 [3, 1, 4, 0, 2] 
 [0, 0, 0, 0, 1] 
 0.881326352530541 

Results
 26 
 [3, 1, 4, 0, 2] 
 [0, 0, 0, 1, 0] 
 0.7985865724381626 

Results
 26 
 [3, 1, 4, 0, 2] 
 [0, 0, 1, 0, 0] 
 0.8439108061749572 

Results
 26 
 [3, 1, 4, 0, 2] 
 [0, 1, 0, 0, 0] 
 0.9198184568835098 

Results
 26 
 [3, 1, 4, 0, 2] 
 [1, 0, 0, 0, 0] 
 0.8232323232323232 

Results
 26 
 [3, 1, 4, 0, 2] 
 [1, 1, 1, 1, 1] 
 0.8552233792408465 

Results
 27 
 [1] 
 [0, 0, 0, 0, 1] 
 0.23909249563699825 

Results
 27 
 [1] 
 [0, 0, 0, 1, 0] 
 0.22791519434628976 

Results
 27 
 [1] 
 [0, 0, 1, 0, 0] 
 0.5265866209262435 

Results
 27 
 [1] 
 [0, 1, 0, 0, 0] 
 0.9909228441754917 

Results
 27 
 [1] 
 [1, 0, 0, 0, 0] 
 0.5572390572390572 

Results
 27 
 [1] 
 [1, 1, 1, 1, 1] 
 0.5236815586160565 

Results
 27 
 [1, 4] 
 [0, 0, 0, 0, 1] 
 0.9092495636998255 

Results
 27 
 [1, 4] 
 [0, 0, 0, 1, 0] 
 0.4558303886925795 

Results
 27 
 [1, 4] 
 [0, 0, 1, 0, 0] 
 0.7512864493996569 

Results
 27 
 [1, 4] 
 [0, 1, 0, 0, 0] 
 0.9183055975794251 

Results
 27 
 [1, 4] 
 [1, 0, 0, 0, 0] 
 0.5218855218855218 

Results
 27 
 [1, 4] 
 [1, 1, 1, 1, 1] 
 0.7168290225058784 

Results
 27 
 [1, 4, 2] 
 [0, 0, 0, 0, 1] 
 0.8324607329842932 

Results
 27 
 [1, 4, 2] 
 [0, 0, 0, 1, 0] 
 0.3339222614840989 

Results
 27 
 [1, 4, 2] 
 [0, 0, 1, 0, 0] 
 0.9142367066895368 

Results
 27 
 [1, 4, 2] 
 [0, 1, 0, 0, 0] 
 0.9319213313161876 

Results
 27 
 [1, 4, 2] 
 [1, 0, 0, 0, 0] 
 0.4225589225589226 

Results
 27 
 [1, 4, 2] 
 [1, 1, 1, 1, 1] 
 0.6939872354719516 

Results
 27 
 [1, 4, 2, 0] 
 [0, 0, 0, 0, 1] 
 0.8342059336823735 

Results
 27 
 [1, 4, 2, 0] 
 [0, 0, 0, 1, 0] 
 0.5706713780918727 

Results
 27 
 [1, 4, 2, 0] 
 [0, 0, 1, 0, 0] 
 0.8953687821612349 

Results
 27 
 [1, 4, 2, 0] 
 [0, 1, 0, 0, 0] 
 0.9440242057488654 

Results
 27 
 [1, 4, 2, 0] 
 [1, 0, 0, 0, 0] 
 0.7794612794612794 

Results
 27 
 [1, 4, 2, 0] 
 [1, 1, 1, 1, 1] 
 0.809539805172993 

Results
 27 
 [1, 4, 2, 0, 3] 
 [0, 0, 0, 0, 1] 
 0.881326352530541 

Results
 27 
 [1, 4, 2, 0, 3] 
 [0, 0, 0, 1, 0] 
 0.8109540636042403 

Results
 27 
 [1, 4, 2, 0, 3] 
 [0, 0, 1, 0, 0] 
 0.8370497427101201 

Results
 27 
 [1, 4, 2, 0, 3] 
 [0, 1, 0, 0, 0] 
 0.9183055975794251 

Results
 27 
 [1, 4, 2, 0, 3] 
 [1, 0, 0, 0, 0] 
 0.8417508417508418 

Results
 27 
 [1, 4, 2, 0, 3] 
 [1, 1, 1, 1, 1] 
 0.8595901914679207 

Results
 28 
 [1] 
 [0, 0, 0, 0, 1] 
 0.23211169284467714 

Results
 28 
 [1] 
 [0, 0, 0, 1, 0] 
 0.2332155477031802 

Results
 28 
 [1] 
 [0, 0, 1, 0, 0] 
 0.5677530017152659 

Results
 28 
 [1] 
 [0, 1, 0, 0, 0] 
 0.9909228441754917 

Results
 28 
 [1] 
 [1, 0, 0, 0, 0] 
 0.5622895622895623 

Results
 28 
 [1] 
 [1, 1, 1, 1, 1] 
 0.5324151830702049 

Results
 28 
 [1, 0] 
 [0, 0, 0, 0, 1] 
 0.4432809773123909 

Results
 28 
 [1, 0] 
 [0, 0, 0, 1, 0] 
 0.7031802120141343 

Results
 28 
 [1, 0] 
 [0, 0, 1, 0, 0] 
 0.5711835334476844 

Results
 28 
 [1, 0] 
 [0, 1, 0, 0, 0] 
 0.9697428139183056 

Results
 28 
 [1, 0] 
 [1, 0, 0, 0, 0] 
 0.8872053872053872 

Results
 28 
 [1, 0] 
 [1, 1, 1, 1, 1] 
 0.7232112865300638 

Results
 28 
 [1, 0, 3] 
 [0, 0, 0, 0, 1] 
 0.5916230366492147 

Results
 28 
 [1, 0, 3] 
 [0, 0, 0, 1, 0] 
 0.8833922261484098 

Results
 28 
 [1, 0, 3] 
 [0, 0, 1, 0, 0] 
 0.5900514579759862 

Results
 28 
 [1, 0, 3] 
 [0, 1, 0, 0, 0] 
 0.9077155824508321 

Results
 28 
 [1, 0, 3] 
 [1, 0, 0, 0, 0] 
 0.9343434343434344 

Results
 28 
 [1, 0, 3] 
 [1, 1, 1, 1, 1] 
 0.7853543836076587 

Results
 28 
 [1, 0, 3, 4] 
 [0, 0, 0, 0, 1] 
 0.881326352530541 

Results
 28 
 [1, 0, 3, 4] 
 [0, 0, 0, 1, 0] 
 0.8586572438162544 

Results
 28 
 [1, 0, 3, 4] 
 [0, 0, 1, 0, 0] 
 0.6723842195540308 

Results
 28 
 [1, 0, 3, 4] 
 [0, 1, 0, 0, 0] 
 0.8638426626323752 

Results
 28 
 [1, 0, 3, 4] 
 [1, 0, 0, 0, 0] 
 0.8956228956228957 

Results
 28 
 [1, 0, 3, 4] 
 [1, 1, 1, 1, 1] 
 0.8350688612697347 

Results
 28 
 [1, 0, 3, 4, 2] 
 [0, 0, 0, 0, 1] 
 0.8883071553228621 

Results
 28 
 [1, 0, 3, 4, 2] 
 [0, 0, 0, 1, 0] 
 0.8127208480565371 

Results
 28 
 [1, 0, 3, 4, 2] 
 [0, 0, 1, 0, 0] 
 0.8421955403087479 

Results
 28 
 [1, 0, 3, 4, 2] 
 [0, 1, 0, 0, 0] 
 0.9152798789712556 

Results
 28 
 [1, 0, 3, 4, 2] 
 [1, 0, 0, 0, 0] 
 0.8417508417508418 

Results
 28 
 [1, 0, 3, 4, 2] 
 [1, 1, 1, 1, 1] 
 0.8616056432650319 

Results
 29 
 [0] 
 [0, 0, 0, 0, 1] 
 0.44851657940663175 

Results
 29 
 [0] 
 [0, 0, 0, 1, 0] 
 0.6254416961130742 

Results
 29 
 [0] 
 [0, 0, 1, 0, 0] 
 0.23842195540308747 

Results
 29 
 [0] 
 [0, 1, 0, 0, 0] 
 0.5763993948562783 

Results
 29 
 [0] 
 [1, 0, 0, 0, 0] 
 0.9612794612794613 

Results
 29 
 [0] 
 [1, 1, 1, 1, 1] 
 0.5717164931138731 

Results
 29 
 [0, 4] 
 [0, 0, 0, 0, 1] 
 0.9424083769633508 

Results
 29 
 [0, 4] 
 [0, 0, 0, 1, 0] 
 0.6943462897526502 

Results
 29 
 [0, 4] 
 [0, 0, 1, 0, 0] 
 0.5128644939965694 

Results
 29 
 [0, 4] 
 [0, 1, 0, 0, 0] 
 0.6217851739788199 

Results
 29 
 [0, 4] 
 [1, 0, 0, 0, 0] 
 0.8939393939393939 

Results
 29 
 [0, 4] 
 [1, 1, 1, 1, 1] 
 0.730265367819953 

Results
 29 
 [0, 4, 3] 
 [0, 0, 0, 0, 1] 
 0.9057591623036649 

Results
 29 
 [0, 4, 3] 
 [0, 0, 0, 1, 0] 
 0.8869257950530035 

Results
 29 
 [0, 4, 3] 
 [0, 0, 1, 0, 0] 
 0.48027444253859347 

Results
 29 
 [0, 4, 3] 
 [0, 1, 0, 0, 0] 
 0.5869894099848714 

Results
 29 
 [0, 4, 3] 
 [1, 0, 0, 0, 0] 
 0.9124579124579124 

Results
 29 
 [0, 4, 3] 
 [1, 1, 1, 1, 1] 
 0.7494121598925092 

Results
 29 
 [0, 4, 3, 2] 
 [0, 0, 0, 0, 1] 
 0.9284467713787086 

Results
 29 
 [0, 4, 3, 2] 
 [0, 0, 0, 1, 0] 
 0.8215547703180212 

Results
 29 
 [0, 4, 3, 2] 
 [0, 0, 1, 0, 0] 
 0.8078902229845626 

Results
 29 
 [0, 4, 3, 2] 
 [0, 1, 0, 0, 0] 
 0.7987897125567323 

Results
 29 
 [0, 4, 3, 2] 
 [1, 0, 0, 0, 0] 
 0.8417508417508418 

Results
 29 
 [0, 4, 3, 2] 
 [1, 1, 1, 1, 1] 
 0.8384279475982532 

Results
 29 
 [0, 4, 3, 2, 1] 
 [0, 0, 0, 0, 1] 
 0.8656195462478184 

Results
 29 
 [0, 4, 3, 2, 1] 
 [0, 0, 0, 1, 0] 
 0.8392226148409894 

Results
 29 
 [0, 4, 3, 2, 1] 
 [0, 0, 1, 0, 0] 
 0.8439108061749572 

Results
 29 
 [0, 4, 3, 2, 1] 
 [0, 1, 0, 0, 0] 
 0.9198184568835098 

Results
 29 
 [0, 4, 3, 2, 1] 
 [1, 0, 0, 0, 0] 
 0.8552188552188552 

Results
 29 
 [0, 4, 3, 2, 1] 
 [1, 1, 1, 1, 1] 
 0.866308364124958 

Results
 30 
 [4] 
 [0, 0, 0, 0, 1] 
 0.9703315881326352 

Results
 30 
 [4] 
 [0, 0, 0, 1, 0] 
 0.3321554770318021 

Results
 30 
 [4] 
 [0, 0, 1, 0, 0] 
 0.5077186963979416 

Results
 30 
 [4] 
 [0, 1, 0, 0, 0] 
 0.4341906202723147 

Results
 30 
 [4] 
 [1, 0, 0, 0, 0] 
 0.21885521885521886 

Results
 30 
 [4] 
 [1, 1, 1, 1, 1] 
 0.48941887806516626 

Results
 30 
 [4, 0] 
 [0, 0, 0, 0, 1] 
 0.9424083769633508 

Results
 30 
 [4, 0] 
 [0, 0, 0, 1, 0] 
 0.6890459363957597 

Results
 30 
 [4, 0] 
 [0, 0, 1, 0, 0] 
 0.5180102915951973 

Results
 30 
 [4, 0] 
 [0, 1, 0, 0, 0] 
 0.6384266263237519 

Results
 30 
 [4, 0] 
 [1, 0, 0, 0, 0] 
 0.8939393939393939 

Results
 30 
 [4, 0] 
 [1, 1, 1, 1, 1] 
 0.7339603627813235 

Results
 30 
 [4, 0, 1] 
 [0, 0, 0, 0, 1] 
 0.8848167539267016 

Results
 30 
 [4, 0, 1] 
 [0, 0, 0, 1, 0] 
 0.7420494699646644 

Results
 30 
 [4, 0, 1] 
 [0, 0, 1, 0, 0] 
 0.7204116638078902 

Results
 30 
 [4, 0, 1] 
 [0, 1, 0, 0, 0] 
 0.9152798789712556 

Results
 30 
 [4, 0, 1] 
 [1, 0, 0, 0, 0] 
 0.8754208754208754 

Results
 30 
 [4, 0, 1] 
 [1, 1, 1, 1, 1] 
 0.8303661404098085 

Results
 30 
 [4, 0, 1, 3] 
 [0, 0, 0, 0, 1] 
 0.8848167539267016 

Results
 30 
 [4, 0, 1, 3] 
 [0, 0, 0, 1, 0] 
 0.8621908127208481 

Results
 30 
 [4, 0, 1, 3] 
 [0, 0, 1, 0, 0] 
 0.6740994854202401 

Results
 30 
 [4, 0, 1, 3] 
 [0, 1, 0, 0, 0] 
 0.8683812405446294 

Results
 30 
 [4, 0, 1, 3] 
 [1, 0, 0, 0, 0] 
 0.9023569023569024 

Results
 30 
 [4, 0, 1, 3] 
 [1, 1, 1, 1, 1] 
 0.839099764863957 

Results
 30 
 [4, 0, 1, 3, 2] 
 [0, 0, 0, 0, 1] 
 0.8830715532286213 

Results
 30 
 [4, 0, 1, 3, 2] 
 [0, 0, 0, 1, 0] 
 0.8197879858657244 

Results
 30 
 [4, 0, 1, 3, 2] 
 [0, 0, 1, 0, 0] 
 0.8421955403087479 

Results
 30 
 [4, 0, 1, 3, 2] 
 [0, 1, 0, 0, 0] 
 0.9152798789712556 

Results
 30 
 [4, 0, 1, 3, 2] 
 [1, 0, 0, 0, 0] 
 0.8602693602693603 

Results
 30 
 [4, 0, 1, 3, 2] 
 [1, 1, 1, 1, 1] 
 0.8656365468592543 

Results
 31 
 [1] 
 [0, 0, 0, 0, 1] 
 0.24781849912739964 

Results
 31 
 [1] 
 [0, 0, 0, 1, 0] 
 0.27385159010600707 

Results
 31 
 [1] 
 [0, 0, 1, 0, 0] 
 0.5677530017152659 

Results
 31 
 [1] 
 [0, 1, 0, 0, 0] 
 0.989409984871407 

Results
 31 
 [1] 
 [1, 0, 0, 0, 0] 
 0.6060606060606061 

Results
 31 
 [1] 
 [1, 1, 1, 1, 1] 
 0.5515619751427612 

Results
 31 
 [1, 0] 
 [0, 0, 0, 0, 1] 
 0.450261780104712 

Results
 31 
 [1, 0] 
 [0, 0, 0, 1, 0] 
 0.7190812720848057 

Results
 31 
 [1, 0] 
 [0, 0, 1, 0, 0] 
 0.5780445969125214 

Results
 31 
 [1, 0] 
 [0, 1, 0, 0, 0] 
 0.9697428139183056 

Results
 31 
 [1, 0] 
 [1, 0, 0, 0, 0] 
 0.9023569023569024 

Results
 31 
 [1, 0] 
 [1, 1, 1, 1, 1] 
 0.7319449109842123 

Results
 31 
 [1, 0, 4] 
 [0, 0, 0, 0, 1] 
 0.881326352530541 

Results
 31 
 [1, 0, 4] 
 [0, 0, 0, 1, 0] 
 0.7632508833922261 

Results
 31 
 [1, 0, 4] 
 [0, 0, 1, 0, 0] 
 0.7221269296740995 

Results
 31 
 [1, 0, 4] 
 [0, 1, 0, 0, 0] 
 0.9167927382753404 

Results
 31 
 [1, 0, 4] 
 [1, 0, 0, 0, 0] 
 0.8821548821548821 

Results
 31 
 [1, 0, 4] 
 [1, 1, 1, 1, 1] 
 0.8357406785354383 

Results
 31 
 [1, 0, 4, 2] 
 [0, 0, 0, 0, 1] 
 0.8621291448516579 

Results
 31 
 [1, 0, 4, 2] 
 [0, 0, 0, 1, 0] 
 0.627208480565371 

Results
 31 
 [1, 0, 4, 2] 
 [0, 0, 1, 0, 0] 
 0.8936535162950258 

Results
 31 
 [1, 0, 4, 2] 
 [0, 1, 0, 0, 0] 
 0.9455370650529501 

Results
 31 
 [1, 0, 4, 2] 
 [1, 0, 0, 0, 0] 
 0.8148148148148148 

Results
 31 
 [1, 0, 4, 2] 
 [1, 1, 1, 1, 1] 
 0.8327175008397716 

Results
 31 
 [1, 0, 4, 2, 3] 
 [0, 0, 0, 0, 1] 
 0.8778359511343804 

Results
 31 
 [1, 0, 4, 2, 3] 
 [0, 0, 0, 1, 0] 
 0.8445229681978799 

Results
 31 
 [1, 0, 4, 2, 3] 
 [0, 0, 1, 0, 0] 
 0.8421955403087479 

Results
 31 
 [1, 0, 4, 2, 3] 
 [0, 1, 0, 0, 0] 
 0.924357034795764 

Results
 31 
 [1, 0, 4, 2, 3] 
 [1, 0, 0, 0, 0] 
 0.8653198653198653 

Results
 31 
 [1, 0, 4, 2, 3] 
 [1, 1, 1, 1, 1] 
 0.8723547195162916 

Results
 32 
 [0] 
 [0, 0, 0, 0, 1] 
 0.4467713787085515 

Results
 32 
 [0] 
 [0, 0, 0, 1, 0] 
 0.6696113074204947 

Results
 32 
 [0] 
 [0, 0, 1, 0, 0] 
 0.2692967409948542 

Results
 32 
 [0] 
 [0, 1, 0, 0, 0] 
 0.5416036308623298 

Results
 32 
 [0] 
 [1, 0, 0, 0, 0] 
 0.9663299663299664 

Results
 32 
 [0] 
 [1, 1, 1, 1, 1] 
 0.579106483036614 

Results
 32 
 [0, 3] 
 [0, 0, 0, 0, 1] 
 0.5986038394415357 

Results
 32 
 [0, 3] 
 [0, 0, 0, 1, 0] 
 0.9134275618374559 

Results
 32 
 [0, 3] 
 [0, 0, 1, 0, 0] 
 0.25900514579759865 

Results
 32 
 [0, 3] 
 [0, 1, 0, 0, 0] 
 0.5340393343419062 

Results
 32 
 [0, 3] 
 [1, 0, 0, 0, 0] 
 0.9562289562289562 

Results
 32 
 [0, 3] 
 [1, 1, 1, 1, 1] 
 0.6489754786698018 

Results
 32 
 [0, 3, 1] 
 [0, 0, 0, 0, 1] 
 0.6108202443280978 

Results
 32 
 [0, 3, 1] 
 [0, 0, 0, 1, 0] 
 0.901060070671378 

Results
 32 
 [0, 3, 1] 
 [0, 0, 1, 0, 0] 
 0.6072041166380789 

Results
 32 
 [0, 3, 1] 
 [0, 1, 0, 0, 0] 
 0.9152798789712556 

Results
 32 
 [0, 3, 1] 
 [1, 0, 0, 0, 0] 
 0.9410774410774411 

Results
 32 
 [0, 3, 1] 
 [1, 1, 1, 1, 1] 
 0.7987907289217333 

Results
 32 
 [0, 3, 1, 2] 
 [0, 0, 0, 0, 1] 
 0.643979057591623 

Results
 32 
 [0, 3, 1, 2] 
 [0, 0, 0, 1, 0] 
 0.8710247349823321 

Results
 32 
 [0, 3, 1, 2] 
 [0, 0, 1, 0, 0] 
 0.8284734133790738 

Results
 32 
 [0, 3, 1, 2] 
 [0, 1, 0, 0, 0] 
 0.9440242057488654 

Results
 32 
 [0, 3, 1, 2] 
 [1, 0, 0, 0, 0] 
 0.9006734006734006 

Results
 32 
 [0, 3, 1, 2] 
 [1, 1, 1, 1, 1] 
 0.8411152166610681 

Results
 32 
 [0, 3, 1, 2, 4] 
 [0, 0, 0, 0, 1] 
 0.8865619546247818 

Results
 32 
 [0, 3, 1, 2, 4] 
 [0, 0, 0, 1, 0] 
 0.8321554770318021 

Results
 32 
 [0, 3, 1, 2, 4] 
 [0, 0, 1, 0, 0] 
 0.8490566037735849 

Results
 32 
 [0, 3, 1, 2, 4] 
 [0, 1, 0, 0, 0] 
 0.9198184568835098 

Results
 32 
 [0, 3, 1, 2, 4] 
 [1, 0, 0, 0, 0] 
 0.8535353535353535 

Results
 32 
 [0, 3, 1, 2, 4] 
 [1, 1, 1, 1, 1] 
 0.8696674504534767 

Results
 33 
 [4] 
 [0, 0, 0, 0, 1] 
 0.9738219895287958 

Results
 33 
 [4] 
 [0, 0, 0, 1, 0] 
 0.34452296819787986 

Results
 33 
 [4] 
 [0, 0, 1, 0, 0] 
 0.5145797598627787 

Results
 33 
 [4] 
 [0, 1, 0, 0, 0] 
 0.4266263237518911 

Results
 33 
 [4] 
 [1, 0, 0, 0, 0] 
 0.234006734006734 

Results
 33 
 [4] 
 [1, 1, 1, 1, 1] 
 0.49512932482364796 

Results
 33 
 [4, 2] 
 [0, 0, 0, 0, 1] 
 0.9267015706806283 

Results
 33 
 [4, 2] 
 [0, 0, 0, 1, 0] 
 0.34275618374558303 

Results
 33 
 [4, 2] 
 [0, 0, 1, 0, 0] 
 0.8867924528301887 

Results
 33 
 [4, 2] 
 [0, 1, 0, 0, 0] 
 0.6792738275340393 

Results
 33 
 [4, 2] 
 [1, 0, 0, 0, 0] 
 0.2895622895622896 

Results
 33 
 [4, 2] 
 [1, 1, 1, 1, 1] 
 0.6257977830030231 

Results
 33 
 [4, 2, 3] 
 [0, 0, 0, 0, 1] 
 0.9476439790575916 

Results
 33 
 [4, 2, 3] 
 [0, 0, 0, 1, 0] 
 0.7826855123674912 

Results
 33 
 [4, 2, 3] 
 [0, 0, 1, 0, 0] 
 0.8267581475128645 

Results
 33 
 [4, 2, 3] 
 [0, 1, 0, 0, 0] 
 0.7806354009077155 

Results
 33 
 [4, 2, 3] 
 [1, 0, 0, 0, 0] 
 0.6548821548821548 

Results
 33 
 [4, 2, 3] 
 [1, 1, 1, 1, 1] 
 0.797111185757474 

Results
 33 
 [4, 2, 3, 0] 
 [0, 0, 0, 0, 1] 
 0.9162303664921466 

Results
 33 
 [4, 2, 3, 0] 
 [0, 0, 0, 1, 0] 
 0.8604240282685512 

Results
 33 
 [4, 2, 3, 0] 
 [0, 0, 1, 0, 0] 
 0.8267581475128645 

Results
 33 
 [4, 2, 3, 0] 
 [0, 1, 0, 0, 0] 
 0.8184568835098336 

Results
 33 
 [4, 2, 3, 0] 
 [1, 0, 0, 0, 0] 
 0.8703703703703703 

Results
 33 
 [4, 2, 3, 0] 
 [1, 1, 1, 1, 1] 
 0.8572388310379577 

Results
 33 
 [4, 2, 3, 0, 1] 
 [0, 0, 0, 0, 1] 
 0.8638743455497382 

Results
 33 
 [4, 2, 3, 0, 1] 
 [0, 0, 0, 1, 0] 
 0.8568904593639576 

Results
 33 
 [4, 2, 3, 0, 1] 
 [0, 0, 1, 0, 0] 
 0.8421955403087479 

Results
 33 
 [4, 2, 3, 0, 1] 
 [0, 1, 0, 0, 0] 
 0.9304084720121029 

Results
 33 
 [4, 2, 3, 0, 1] 
 [1, 0, 0, 0, 0] 
 0.877104377104377 

Results
 33 
 [4, 2, 3, 0, 1] 
 [1, 1, 1, 1, 1] 
 0.8757138058448102 

Results
 34 
 [2] 
 [0, 0, 0, 0, 1] 
 0.40663176265270506 

Results
 34 
 [2] 
 [0, 0, 0, 1, 0] 
 0.06007067137809187 

Results
 34 
 [2] 
 [0, 0, 1, 0, 0] 
 0.9536878216123499 

Results
 34 
 [2] 
 [0, 1, 0, 0, 0] 
 0.443267776096823 

Results
 34 
 [2] 
 [1, 0, 0, 0, 0] 
 0.08754208754208755 

Results
 34 
 [2] 
 [1, 1, 1, 1, 1] 
 0.3923412831709775 

Results
 34 
 [2, 0] 
 [0, 0, 0, 0, 1] 
 0.6055846422338569 

Results
 34 
 [2, 0] 
 [0, 0, 0, 1, 0] 
 0.6643109540636042 

Results
 34 
 [2, 0] 
 [0, 0, 1, 0, 0] 
 0.9159519725557461 

Results
 34 
 [2, 0] 
 [0, 1, 0, 0, 0] 
 0.8714069591527988 

Results
 34 
 [2, 0] 
 [1, 0, 0, 0, 0] 
 0.8905723905723906 

Results
 34 
 [2, 0] 
 [1, 1, 1, 1, 1] 
 0.7934161907961035 

Results
 34 
 [2, 0, 3] 
 [0, 0, 0, 0, 1] 
 0.7294938917975567 

Results
 34 
 [2, 0, 3] 
 [0, 0, 0, 1, 0] 
 0.892226148409894 

Results
 34 
 [2, 0, 3] 
 [0, 0, 1, 0, 0] 
 0.8164665523156089 

Results
 34 
 [2, 0, 3] 
 [0, 1, 0, 0, 0] 
 0.8229954614220878 

Results
 34 
 [2, 0, 3] 
 [1, 0, 0, 0, 0] 
 0.9225589225589226 

Results
 34 
 [2, 0, 3] 
 [1, 1, 1, 1, 1] 
 0.836748404433994 

Results
 34 
 [2, 0, 3, 4] 
 [0, 0, 0, 0, 1] 
 0.9179755671902269 

Results
 34 
 [2, 0, 3, 4] 
 [0, 0, 0, 1, 0] 
 0.8392226148409894 

Results
 34 
 [2, 0, 3, 4] 
 [0, 0, 1, 0, 0] 
 0.823327615780446 

Results
 34 
 [2, 0, 3, 4] 
 [0, 1, 0, 0, 0] 
 0.8093797276853253 

Results
 34 
 [2, 0, 3, 4] 
 [1, 0, 0, 0, 0] 
 0.8619528619528619 

Results
 34 
 [2, 0, 3, 4] 
 [1, 1, 1, 1, 1] 
 0.8491770238495129 

Results
 34 
 [2, 0, 3, 4, 1] 
 [0, 0, 0, 0, 1] 
 0.8708551483420593 

Results
 34 
 [2, 0, 3, 4, 1] 
 [0, 0, 0, 1, 0] 
 0.8568904593639576 

Results
 34 
 [2, 0, 3, 4, 1] 
 [0, 0, 1, 0, 0] 
 0.8473413379073756 

Results
 34 
 [2, 0, 3, 4, 1] 
 [0, 1, 0, 0, 0] 
 0.9228441754916793 

Results
 34 
 [2, 0, 3, 4, 1] 
 [1, 0, 0, 0, 0] 
 0.8754208754208754 

Results
 34 
 [2, 0, 3, 4, 1] 
 [1, 1, 1, 1, 1] 
 0.8760497144776621 

Results
 35 
 [2] 
 [0, 0, 0, 0, 1] 
 0.38219895287958117 

Results
 35 
 [2] 
 [0, 0, 0, 1, 0] 
 0.05123674911660778 

Results
 35 
 [2] 
 [0, 0, 1, 0, 0] 
 0.9536878216123499 

Results
 35 
 [2] 
 [0, 1, 0, 0, 0] 
 0.4462934947049924 

Results
 35 
 [2] 
 [1, 0, 0, 0, 0] 
 0.08585858585858586 

Results
 35 
 [2] 
 [1, 1, 1, 1, 1] 
 0.3862949277796439 

Results
 35 
 [2, 0] 
 [0, 0, 0, 0, 1] 
 0.6335078534031413 

Results
 35 
 [2, 0] 
 [0, 0, 0, 1, 0] 
 0.6625441696113075 

Results
 35 
 [2, 0] 
 [0, 0, 1, 0, 0] 
 0.9090909090909091 

Results
 35 
 [2, 0] 
 [0, 1, 0, 0, 0] 
 0.8819969742813918 

Results
 35 
 [2, 0] 
 [1, 0, 0, 0, 0] 
 0.8922558922558923 

Results
 35 
 [2, 0] 
 [1, 1, 1, 1, 1] 
 0.7997984548202889 

Results
 35 
 [2, 0, 3] 
 [0, 0, 0, 0, 1] 
 0.7591623036649214 

Results
 35 
 [2, 0, 3] 
 [0, 0, 0, 1, 0] 
 0.8992932862190812 

Results
 35 
 [2, 0, 3] 
 [0, 0, 1, 0, 0] 
 0.8284734133790738 

Results
 35 
 [2, 0, 3] 
 [0, 1, 0, 0, 0] 
 0.8426626323751891 

Results
 35 
 [2, 0, 3] 
 [1, 0, 0, 0, 0] 
 0.9175084175084175 

Results
 35 
 [2, 0, 3] 
 [1, 1, 1, 1, 1] 
 0.8495129324823648 

Results
 35 
 [2, 0, 3, 1] 
 [0, 0, 0, 0, 1] 
 0.6544502617801047 

Results
 35 
 [2, 0, 3, 1] 
 [0, 0, 0, 1, 0] 
 0.8780918727915195 

Results
 35 
 [2, 0, 3, 1] 
 [0, 0, 1, 0, 0] 
 0.8370497427101201 

Results
 35 
 [2, 0, 3, 1] 
 [0, 1, 0, 0, 0] 
 0.9455370650529501 

Results
 35 
 [2, 0, 3, 1] 
 [1, 0, 0, 0, 0] 
 0.9074074074074074 

Results
 35 
 [2, 0, 3, 1] 
 [1, 1, 1, 1, 1] 
 0.8478333893181055 

Results
 35 
 [2, 0, 3, 1, 4] 
 [0, 0, 0, 0, 1] 
 0.8883071553228621 

Results
 35 
 [2, 0, 3, 1, 4] 
 [0, 0, 0, 1, 0] 
 0.8515901060070671 

Results
 35 
 [2, 0, 3, 1, 4] 
 [0, 0, 1, 0, 0] 
 0.8490566037735849 

Results
 35 
 [2, 0, 3, 1, 4] 
 [0, 1, 0, 0, 0] 
 0.9258698940998488 

Results
 35 
 [2, 0, 3, 1, 4] 
 [1, 0, 0, 0, 0] 
 0.8653198653198653 

Results
 35 
 [2, 0, 3, 1, 4] 
 [1, 1, 1, 1, 1] 
 0.8773933490090695 

Results
 36 
 [0] 
 [0, 0, 0, 0, 1] 
 0.5532286212914486 

Results
 36 
 [0] 
 [0, 0, 0, 1, 0] 
 0.734982332155477 

Results
 36 
 [0] 
 [0, 0, 1, 0, 0] 
 0.3670668953687822 

Results
 36 
 [0] 
 [0, 1, 0, 0, 0] 
 0.6928895612708018 

Results
 36 
 [0] 
 [1, 0, 0, 0, 0] 
 0.9562289562289562 

Results
 36 
 [0] 
 [1, 1, 1, 1, 1] 
 0.6627477326167283 

Results
 36 
 [0, 3] 
 [0, 0, 0, 0, 1] 
 0.6387434554973822 

Results
 36 
 [0, 3] 
 [0, 0, 0, 1, 0] 
 0.9328621908127208 

Results
 36 
 [0, 3] 
 [0, 0, 1, 0, 0] 
 0.3516295025728988 

Results
 36 
 [0, 3] 
 [0, 1, 0, 0, 0] 
 0.6127080181543116 

Results
 36 
 [0, 3] 
 [1, 0, 0, 0, 0] 
 0.9579124579124579 

Results
 36 
 [0, 3] 
 [1, 1, 1, 1, 1] 
 0.6963385959019147 

Results
 36 
 [0, 3, 1] 
 [0, 0, 0, 0, 1] 
 0.6422338568935427 

Results
 36 
 [0, 3, 1] 
 [0, 0, 0, 1, 0] 
 0.9045936395759717 

Results
 36 
 [0, 3, 1] 
 [0, 0, 1, 0, 0] 
 0.6174957118353345 

Results
 36 
 [0, 3, 1] 
 [0, 1, 0, 0, 0] 
 0.9258698940998488 

Results
 36 
 [0, 3, 1] 
 [1, 0, 0, 0, 0] 
 0.9410774410774411 

Results
 36 
 [0, 3, 1] 
 [1, 1, 1, 1, 1] 
 0.8098757138058448 

Results
 36 
 [0, 3, 1, 2] 
 [0, 0, 0, 0, 1] 
 0.6457242582897034 

Results
 36 
 [0, 3, 1, 2] 
 [0, 0, 0, 1, 0] 
 0.8745583038869258 

Results
 36 
 [0, 3, 1, 2] 
 [0, 0, 1, 0, 0] 
 0.8387650085763293 

Results
 36 
 [0, 3, 1, 2] 
 [0, 1, 0, 0, 0] 
 0.9440242057488654 

Results
 36 
 [0, 3, 1, 2] 
 [1, 0, 0, 0, 0] 
 0.9074074074074074 

Results
 36 
 [0, 3, 1, 2] 
 [1, 1, 1, 1, 1] 
 0.8454820288881424 

Results
 36 
 [0, 3, 1, 2, 4] 
 [0, 0, 0, 0, 1] 
 0.8883071553228621 

Results
 36 
 [0, 3, 1, 2, 4] 
 [0, 0, 0, 1, 0] 
 0.842756183745583 

Results
 36 
 [0, 3, 1, 2, 4] 
 [0, 0, 1, 0, 0] 
 0.855917667238422 

Results
 36 
 [0, 3, 1, 2, 4] 
 [0, 1, 0, 0, 0] 
 0.9273827534039334 

Results
 36 
 [0, 3, 1, 2, 4] 
 [1, 0, 0, 0, 0] 
 0.8703703703703703 

Results
 36 
 [0, 3, 1, 2, 4] 
 [1, 1, 1, 1, 1] 
 0.8784010749076251 

Results
 37 
 [1] 
 [0, 0, 0, 0, 1] 
 0.3682373472949389 

Results
 37 
 [1] 
 [0, 0, 0, 1, 0] 
 0.4540636042402827 

Results
 37 
 [1] 
 [0, 0, 1, 0, 0] 
 0.6260720411663808 

Results
 37 
 [1] 
 [0, 1, 0, 0, 0] 
 0.989409984871407 

Results
 37 
 [1] 
 [1, 0, 0, 0, 0] 
 0.7003367003367004 

Results
 37 
 [1] 
 [1, 1, 1, 1, 1] 
 0.6392341283170977 

Results
 37 
 [1, 2] 
 [0, 0, 0, 0, 1] 
 0.43804537521815007 

Results
 37 
 [1, 2] 
 [0, 0, 0, 1, 0] 
 0.32685512367491165 

Results
 37 
 [1, 2] 
 [0, 0, 1, 0, 0] 
 0.9296740994854202 

Results
 37 
 [1, 2] 
 [0, 1, 0, 0, 0] 
 0.9652042360060514 

Results
 37 
 [1, 2] 
 [1, 0, 0, 0, 0] 
 0.6262626262626263 

Results
 37 
 [1, 2] 
 [1, 1, 1, 1, 1] 
 0.6677863621095063 

Results
 37 
 [1, 2, 4] 
 [0, 0, 0, 0, 1] 
 0.8656195462478184 

Results
 37 
 [1, 2, 4] 
 [0, 0, 0, 1, 0] 
 0.43286219081272087 

Results
 37 
 [1, 2, 4] 
 [0, 0, 1, 0, 0] 
 0.9176672384219554 

Results
 37 
 [1, 2, 4] 
 [0, 1, 0, 0, 0] 
 0.9228441754916793 

Results
 37 
 [1, 2, 4] 
 [1, 0, 0, 0, 0] 
 0.5353535353535354 

Results
 37 
 [1, 2, 4] 
 [1, 1, 1, 1, 1] 
 0.7403426268055089 

Results
 37 
 [1, 2, 4, 3] 
 [0, 0, 0, 0, 1] 
 0.8987783595113438 

Results
 37 
 [1, 2, 4, 3] 
 [0, 0, 0, 1, 0] 
 0.7950530035335689 

Results
 37 
 [1, 2, 4, 3] 
 [0, 0, 1, 0, 0] 
 0.8850771869639794 

Results
 37 
 [1, 2, 4, 3] 
 [0, 1, 0, 0, 0] 
 0.9183055975794251 

Results
 37 
 [1, 2, 4, 3] 
 [1, 0, 0, 0, 0] 
 0.7575757575757576 

Results
 37 
 [1, 2, 4, 3] 
 [1, 1, 1, 1, 1] 
 0.8525361101780315 

Results
 37 
 [1, 2, 4, 3, 0] 
 [0, 0, 0, 0, 1] 
 0.8830715532286213 

Results
 37 
 [1, 2, 4, 3, 0] 
 [0, 0, 0, 1, 0] 
 0.842756183745583 

Results
 37 
 [1, 2, 4, 3, 0] 
 [0, 0, 1, 0, 0] 
 0.8473413379073756 

Results
 37 
 [1, 2, 4, 3, 0] 
 [0, 1, 0, 0, 0] 
 0.9167927382753404 

Results
 37 
 [1, 2, 4, 3, 0] 
 [1, 0, 0, 0, 0] 
 0.877104377104377 

Results
 37 
 [1, 2, 4, 3, 0] 
 [1, 1, 1, 1, 1] 
 0.8747060799462546 

Results
 38 
 [4] 
 [0, 0, 0, 0, 1] 
 0.9703315881326352 

Results
 38 
 [4] 
 [0, 0, 0, 1, 0] 
 0.33568904593639576 

Results
 38 
 [4] 
 [0, 0, 1, 0, 0] 
 0.5060034305317325 

Results
 38 
 [4] 
 [0, 1, 0, 0, 0] 
 0.3978819969742814 

Results
 38 
 [4] 
 [1, 0, 0, 0, 0] 
 0.2239057239057239 

Results
 38 
 [4] 
 [1, 1, 1, 1, 1] 
 0.482700705408129 

Results
 38 
 [4, 2] 
 [0, 0, 0, 0, 1] 
 0.9267015706806283 

Results
 38 
 [4, 2] 
 [0, 0, 0, 1, 0] 
 0.3303886925795053 

Results
 38 
 [4, 2] 
 [0, 0, 1, 0, 0] 
 0.8987993138936535 

Results
 38 
 [4, 2] 
 [0, 1, 0, 0, 0] 
 0.6838124054462935 

Results
 38 
 [4, 2] 
 [1, 0, 0, 0, 0] 
 0.27441077441077444 

Results
 38 
 [4, 2] 
 [1, 1, 1, 1, 1] 
 0.623782331205912 

Results
 38 
 [4, 2, 0] 
 [0, 0, 0, 0, 1] 
 0.9214659685863874 

Results
 38 
 [4, 2, 0] 
 [0, 0, 0, 1, 0] 
 0.6289752650176679 

Results
 38 
 [4, 2, 0] 
 [0, 0, 1, 0, 0] 
 0.9056603773584906 

Results
 38 
 [4, 2, 0] 
 [0, 1, 0, 0, 0] 
 0.8562783661119516 

Results
 38 
 [4, 2, 0] 
 [1, 0, 0, 0, 0] 
 0.8164983164983165 

Results
 38 
 [4, 2, 0] 
 [1, 1, 1, 1, 1] 
 0.8273429627141418 

Results
 38 
 [4, 2, 0, 1] 
 [0, 0, 0, 0, 1] 
 0.8342059336823735 

Results
 38 
 [4, 2, 0, 1] 
 [0, 0, 0, 1, 0] 
 0.6855123674911661 

Results
 38 
 [4, 2, 0, 1] 
 [0, 0, 1, 0, 0] 
 0.8970840480274442 

Results
 38 
 [4, 2, 0, 1] 
 [0, 1, 0, 0, 0] 
 0.9546142208774584 

Results
 38 
 [4, 2, 0, 1] 
 [1, 0, 0, 0, 0] 
 0.8400673400673401 

Results
 38 
 [4, 2, 0, 1] 
 [1, 1, 1, 1, 1] 
 0.8461538461538461 

Results
 38 
 [4, 2, 0, 1, 3] 
 [0, 0, 0, 0, 1] 
 0.8568935427574171 

Results
 38 
 [4, 2, 0, 1, 3] 
 [0, 0, 0, 1, 0] 
 0.8445229681978799 

Results
 38 
 [4, 2, 0, 1, 3] 
 [0, 0, 1, 0, 0] 
 0.8524871355060034 

Results
 38 
 [4, 2, 0, 1, 3] 
 [0, 1, 0, 0, 0] 
 0.9349470499243571 

Results
 38 
 [4, 2, 0, 1, 3] 
 [1, 0, 0, 0, 0] 
 0.8872053872053872 

Results
 38 
 [4, 2, 0, 1, 3] 
 [1, 1, 1, 1, 1] 
 0.8770574403762177 

Results
 39 
 [4] 
 [0, 0, 0, 0, 1] 
 0.9703315881326352 

Results
 39 
 [4] 
 [0, 0, 0, 1, 0] 
 0.3551236749116608 

Results
 39 
 [4] 
 [0, 0, 1, 0, 0] 
 0.516295025728988 

Results
 39 
 [4] 
 [0, 1, 0, 0, 0] 
 0.4145234493192133 

Results
 39 
 [4] 
 [1, 0, 0, 0, 0] 
 0.21885521885521886 

Results
 39 
 [4] 
 [1, 1, 1, 1, 1] 
 0.4910984212294256 

Results
 39 
 [4, 0] 
 [0, 0, 0, 0, 1] 
 0.944153577661431 

Results
 39 
 [4, 0] 
 [0, 0, 0, 1, 0] 
 0.7402826855123675 

Results
 39 
 [4, 0] 
 [0, 0, 1, 0, 0] 
 0.5523156089193825 

Results
 39 
 [4, 0] 
 [0, 1, 0, 0, 0] 
 0.6671709531013615 

Results
 39 
 [4, 0] 
 [1, 0, 0, 0, 0] 
 0.9090909090909091 

Results
 39 
 [4, 0] 
 [1, 1, 1, 1, 1] 
 0.7601612361437688 

Results
 39 
 [4, 0, 2] 
 [0, 0, 0, 0, 1] 
 0.9197207678883071 

Results
 39 
 [4, 0, 2] 
 [0, 0, 0, 1, 0] 
 0.6448763250883393 

Results
 39 
 [4, 0, 2] 
 [0, 0, 1, 0, 0] 
 0.9056603773584906 

Results
 39 
 [4, 0, 2] 
 [0, 1, 0, 0, 0] 
 0.8547655068078669 

Results
 39 
 [4, 0, 2] 
 [1, 0, 0, 0, 0] 
 0.8249158249158249 

Results
 39 
 [4, 0, 2] 
 [1, 1, 1, 1, 1] 
 0.8313738663083641 

Results
 39 
 [4, 0, 2, 3] 
 [0, 0, 0, 0, 1] 
 0.9232111692844677 

Results
 39 
 [4, 0, 2, 3] 
 [0, 0, 0, 1, 0] 
 0.8445229681978799 

Results
 39 
 [4, 0, 2, 3] 
 [0, 0, 1, 0, 0] 
 0.8301886792452831 

Results
 39 
 [4, 0, 2, 3] 
 [0, 1, 0, 0, 0] 
 0.8441754916792739 

Results
 39 
 [4, 0, 2, 3] 
 [1, 0, 0, 0, 0] 
 0.8737373737373737 

Results
 39 
 [4, 0, 2, 3] 
 [1, 1, 1, 1, 1] 
 0.8626133691635876 

Results
 39 
 [4, 0, 2, 3, 1] 
 [0, 0, 0, 0, 1] 
 0.8760907504363001 

Results
 39 
 [4, 0, 2, 3, 1] 
 [0, 0, 0, 1, 0] 
 0.8480565371024735 

Results
 39 
 [4, 0, 2, 3, 1] 
 [0, 0, 1, 0, 0] 
 0.8490566037735849 

Results
 39 
 [4, 0, 2, 3, 1] 
 [0, 1, 0, 0, 0] 
 0.9288956127080181 

Results
 39 
 [4, 0, 2, 3, 1] 
 [1, 0, 0, 0, 0] 
 0.8787878787878788 

Results
 39 
 [4, 0, 2, 3, 1] 
 [1, 1, 1, 1, 1] 
 0.8777292576419214 

Results
 40 
 [1] 
 [0, 0, 0, 0, 1] 
 0.3525305410122164 

Results
 40 
 [1] 
 [0, 0, 0, 1, 0] 
 0.42226148409893993 

Results
 40 
 [1] 
 [0, 0, 1, 0, 0] 
 0.6295025728987993 

Results
 40 
 [1] 
 [0, 1, 0, 0, 0] 
 0.989409984871407 

Results
 40 
 [1] 
 [1, 0, 0, 0, 0] 
 0.6902356902356902 

Results
 40 
 [1] 
 [1, 1, 1, 1, 1] 
 0.62882096069869 

Results
 40 
 [1, 4] 
 [0, 0, 0, 0, 1] 
 0.9197207678883071 

Results
 40 
 [1, 4] 
 [0, 0, 0, 1, 0] 
 0.6095406360424028 

Results
 40 
 [1, 4] 
 [0, 0, 1, 0, 0] 
 0.7804459691252144 

Results
 40 
 [1, 4] 
 [0, 1, 0, 0, 0] 
 0.9152798789712556 

Results
 40 
 [1, 4] 
 [1, 0, 0, 0, 0] 
 0.6885521885521886 

Results
 40 
 [1, 4] 
 [1, 1, 1, 1, 1] 
 0.7863621095062143 

Results
 40 
 [1, 4, 3] 
 [0, 0, 0, 0, 1] 
 0.9057591623036649 

Results
 40 
 [1, 4, 3] 
 [0, 0, 0, 1, 0] 
 0.8851590106007067 

Results
 40 
 [1, 4, 3] 
 [0, 0, 1, 0, 0] 
 0.7066895368782161 

Results
 40 
 [1, 4, 3] 
 [0, 1, 0, 0, 0] 
 0.8714069591527988 

Results
 40 
 [1, 4, 3] 
 [1, 0, 0, 0, 0] 
 0.8518518518518519 

Results
 40 
 [1, 4, 3] 
 [1, 1, 1, 1, 1] 
 0.8444743029895868 

Results
 40 
 [1, 4, 3, 0] 
 [0, 0, 0, 0, 1] 
 0.8778359511343804 

Results
 40 
 [1, 4, 3, 0] 
 [0, 0, 0, 1, 0] 
 0.8939929328621908 

Results
 40 
 [1, 4, 3, 0] 
 [0, 0, 1, 0, 0] 
 0.7049742710120068 

Results
 40 
 [1, 4, 3, 0] 
 [0, 1, 0, 0, 0] 
 0.8835098335854765 

Results
 40 
 [1, 4, 3, 0] 
 [1, 0, 0, 0, 0] 
 0.9225589225589226 

Results
 40 
 [1, 4, 3, 0] 
 [1, 1, 1, 1, 1] 
 0.8572388310379577 

Results
 40 
 [1, 4, 3, 0, 2] 
 [0, 0, 0, 0, 1] 
 0.8848167539267016 

Results
 40 
 [1, 4, 3, 0, 2] 
 [0, 0, 0, 1, 0] 
 0.8498233215547704 

Results
 40 
 [1, 4, 3, 0, 2] 
 [0, 0, 1, 0, 0] 
 0.8473413379073756 

Results
 40 
 [1, 4, 3, 0, 2] 
 [0, 1, 0, 0, 0] 
 0.9258698940998488 

Results
 40 
 [1, 4, 3, 0, 2] 
 [1, 0, 0, 0, 0] 
 0.8804713804713805 

Results
 40 
 [1, 4, 3, 0, 2] 
 [1, 1, 1, 1, 1] 
 0.8790728921733288 

Results
 41 
 [1] 
 [0, 0, 0, 0, 1] 
 0.3787085514834206 

Results
 41 
 [1] 
 [0, 0, 0, 1, 0] 
 0.4752650176678445 

Results
 41 
 [1] 
 [0, 0, 1, 0, 0] 
 0.6295025728987993 

Results
 41 
 [1] 
 [0, 1, 0, 0, 0] 
 0.989409984871407 

Results
 41 
 [1] 
 [1, 0, 0, 0, 0] 
 0.7104377104377104 

Results
 41 
 [1] 
 [1, 1, 1, 1, 1] 
 0.6479677527712462 

Results
 41 
 [1, 4] 
 [0, 0, 0, 0, 1] 
 0.924956369982548 

Results
 41 
 [1, 4] 
 [0, 0, 0, 1, 0] 
 0.6307420494699647 

Results
 41 
 [1, 4] 
 [0, 0, 1, 0, 0] 
 0.7701543739279588 

Results
 41 
 [1, 4] 
 [0, 1, 0, 0, 0] 
 0.9092284417549168 

Results
 41 
 [1, 4] 
 [1, 0, 0, 0, 0] 
 0.6885521885521886 

Results
 41 
 [1, 4] 
 [1, 1, 1, 1, 1] 
 0.7880416526704737 

Results
 41 
 [1, 4, 0] 
 [0, 0, 0, 0, 1] 
 0.8952879581151832 

Results
 41 
 [1, 4, 0] 
 [0, 0, 0, 1, 0] 
 0.8109540636042403 

Results
 41 
 [1, 4, 0] 
 [0, 0, 1, 0, 0] 
 0.758147512864494 

Results
 41 
 [1, 4, 0] 
 [0, 1, 0, 0, 0] 
 0.9198184568835098 

Results
 41 
 [1, 4, 0] 
 [1, 0, 0, 0, 0] 
 0.9074074074074074 

Results
 41 
 [1, 4, 0] 
 [1, 1, 1, 1, 1] 
 0.8602620087336245 

Results
 41 
 [1, 4, 0, 2] 
 [0, 0, 0, 0, 1] 
 0.881326352530541 

Results
 41 
 [1, 4, 0, 2] 
 [0, 0, 0, 1, 0] 
 0.7208480565371025 

Results
 41 
 [1, 4, 0, 2] 
 [0, 0, 1, 0, 0] 
 0.8919382504288165 

Results
 41 
 [1, 4, 0, 2] 
 [0, 1, 0, 0, 0] 
 0.9470499243570348 

Results
 41 
 [1, 4, 0, 2] 
 [1, 0, 0, 0, 0] 
 0.8451178451178452 

Results
 41 
 [1, 4, 0, 2] 
 [1, 1, 1, 1, 1] 
 0.8602620087336245 

Results
 41 
 [1, 4, 0, 2, 3] 
 [0, 0, 0, 0, 1] 
 0.8900523560209425 

Results
 41 
 [1, 4, 0, 2, 3] 
 [0, 0, 0, 1, 0] 
 0.8586572438162544 

Results
 41 
 [1, 4, 0, 2, 3] 
 [0, 0, 1, 0, 0] 
 0.855917667238422 

Results
 41 
 [1, 4, 0, 2, 3] 
 [0, 1, 0, 0, 0] 
 0.9288956127080181 

Results
 41 
 [1, 4, 0, 2, 3] 
 [1, 0, 0, 0, 0] 
 0.8804713804713805 

Results
 41 
 [1, 4, 0, 2, 3] 
 [1, 1, 1, 1, 1] 
 0.8841115216661068 

Results
 42 
 [3] 
 [0, 0, 0, 0, 1] 
 0.581151832460733 

Results
 42 
 [3] 
 [0, 0, 0, 1, 0] 
 0.931095406360424 

Results
 42 
 [3] 
 [0, 0, 1, 0, 0] 
 0.12864493996569468 

Results
 42 
 [3] 
 [0, 1, 0, 0, 0] 
 0.4039334341906203 

Results
 42 
 [3] 
 [1, 0, 0, 0, 0] 
 0.803030303030303 

Results
 42 
 [3] 
 [1, 1, 1, 1, 1] 
 0.5639905945582802 

Results
 42 
 [3, 0] 
 [0, 0, 0, 0, 1] 
 0.6509598603839442 

Results
 42 
 [3, 0] 
 [0, 0, 0, 1, 0] 
 0.9293286219081273 

Results
 42 
 [3, 0] 
 [0, 0, 1, 0, 0] 
 0.37392795883361923 

Results
 42 
 [3, 0] 
 [0, 1, 0, 0, 0] 
 0.6278366111951589 

Results
 42 
 [3, 0] 
 [1, 0, 0, 0, 0] 
 0.9595959595959596 

Results
 42 
 [3, 0] 
 [1, 1, 1, 1, 1] 
 0.7060799462546188 

Results
 42 
 [3, 0, 1] 
 [0, 0, 0, 0, 1] 
 0.6649214659685864 

Results
 42 
 [3, 0, 1] 
 [0, 0, 0, 1, 0] 
 0.911660777385159 

Results
 42 
 [3, 0, 1] 
 [0, 0, 1, 0, 0] 
 0.6123499142367067 

Results
 42 
 [3, 0, 1] 
 [0, 1, 0, 0, 0] 
 0.9258698940998488 

Results
 42 
 [3, 0, 1] 
 [1, 0, 0, 0, 0] 
 0.9478114478114478 

Results
 42 
 [3, 0, 1] 
 [1, 1, 1, 1, 1] 
 0.8159220691971784 

Results
 42 
 [3, 0, 1, 2] 
 [0, 0, 0, 0, 1] 
 0.68760907504363 

Results
 42 
 [3, 0, 1, 2] 
 [0, 0, 0, 1, 0] 
 0.8833922261484098 

Results
 42 
 [3, 0, 1, 2] 
 [0, 0, 1, 0, 0] 
 0.8421955403087479 

Results
 42 
 [3, 0, 1, 2] 
 [0, 1, 0, 0, 0] 
 0.9440242057488654 

Results
 42 
 [3, 0, 1, 2] 
 [1, 0, 0, 0, 0] 
 0.9191919191919192 

Results
 42 
 [3, 0, 1, 2] 
 [1, 1, 1, 1, 1] 
 0.8582465569365133 

Results
 42 
 [3, 0, 1, 2, 4] 
 [0, 0, 0, 0, 1] 
 0.8795811518324608 

Results
 42 
 [3, 0, 1, 2, 4] 
 [0, 0, 0, 1, 0] 
 0.8621908127208481 

Results
 42 
 [3, 0, 1, 2, 4] 
 [0, 0, 1, 0, 0] 
 0.8627787307032591 

Results
 42 
 [3, 0, 1, 2, 4] 
 [0, 1, 0, 0, 0] 
 0.9304084720121029 

Results
 42 
 [3, 0, 1, 2, 4] 
 [1, 0, 0, 0, 0] 
 0.8888888888888888 

Results
 42 
 [3, 0, 1, 2, 4] 
 [1, 1, 1, 1, 1] 
 0.886126973463218 

Results
 43 
 [3] 
 [0, 0, 0, 0, 1] 
 0.6352530541012217 

Results
 43 
 [3] 
 [0, 0, 0, 1, 0] 
 0.9399293286219081 

Results
 43 
 [3] 
 [0, 0, 1, 0, 0] 
 0.1646655231560892 

Results
 43 
 [3] 
 [0, 1, 0, 0, 0] 
 0.4629349470499244 

Results
 43 
 [3] 
 [1, 0, 0, 0, 0] 
 0.8468013468013468 

Results
 43 
 [3] 
 [1, 1, 1, 1, 1] 
 0.6049714477662076 

Results
 43 
 [3, 1] 
 [0, 0, 0, 0, 1] 
 0.6160558464223386 

Results
 43 
 [3, 1] 
 [0, 0, 0, 1, 0] 
 0.9045936395759717 

Results
 43 
 [3, 1] 
 [0, 0, 1, 0, 0] 
 0.6535162950257289 

Results
 43 
 [3, 1] 
 [0, 1, 0, 0, 0] 
 0.9500756429652042 

Results
 43 
 [3, 1] 
 [1, 0, 0, 0, 0] 
 0.9023569023569024 

Results
 43 
 [3, 1] 
 [1, 1, 1, 1, 1] 
 0.809539805172993 

Results
 43 
 [3, 1, 0] 
 [0, 0, 0, 0, 1] 
 0.6474694589877836 

Results
 43 
 [3, 1, 0] 
 [0, 0, 0, 1, 0] 
 0.9081272084805654 

Results
 43 
 [3, 1, 0] 
 [0, 0, 1, 0, 0] 
 0.62778730703259 

Results
 43 
 [3, 1, 0] 
 [0, 1, 0, 0, 0] 
 0.9379727685325264 

Results
 43 
 [3, 1, 0] 
 [1, 0, 0, 0, 0] 
 0.9478114478114478 

Results
 43 
 [3, 1, 0] 
 [1, 1, 1, 1, 1] 
 0.8176016123614377 

Results
 43 
 [3, 1, 0, 2] 
 [0, 0, 0, 0, 1] 
 0.6649214659685864 

Results
 43 
 [3, 1, 0, 2] 
 [0, 0, 0, 1, 0] 
 0.8851590106007067 

Results
 43 
 [3, 1, 0, 2] 
 [0, 0, 1, 0, 0] 
 0.8507718696397941 

Results
 43 
 [3, 1, 0, 2] 
 [0, 1, 0, 0, 0] 
 0.9485627836611196 

Results
 43 
 [3, 1, 0, 2] 
 [1, 0, 0, 0, 0] 
 0.9191919191919192 

Results
 43 
 [3, 1, 0, 2] 
 [1, 1, 1, 1, 1] 
 0.8569029224051058 

Results
 43 
 [3, 1, 0, 2, 4] 
 [0, 0, 0, 0, 1] 
 0.8848167539267016 

Results
 43 
 [3, 1, 0, 2, 4] 
 [0, 0, 0, 1, 0] 
 0.8568904593639576 

Results
 43 
 [3, 1, 0, 2, 4] 
 [0, 0, 1, 0, 0] 
 0.8662092624356775 

Results
 43 
 [3, 1, 0, 2, 4] 
 [0, 1, 0, 0, 0] 
 0.9334341906202723 

Results
 43 
 [3, 1, 0, 2, 4] 
 [1, 0, 0, 0, 0] 
 0.8855218855218855 

Results
 43 
 [3, 1, 0, 2, 4] 
 [1, 1, 1, 1, 1] 
 0.8867987907289218 

Results
 44 
 [2] 
 [0, 0, 0, 0, 1] 
 0.4205933682373473 

Results
 44 
 [2] 
 [0, 0, 0, 1, 0] 
 0.10070671378091872 

Results
 44 
 [2] 
 [0, 0, 1, 0, 0] 
 0.9605488850771869 

Results
 44 
 [2] 
 [0, 1, 0, 0, 0] 
 0.5355521936459909 

Results
 44 
 [2] 
 [1, 0, 0, 0, 0] 
 0.15656565656565657 

Results
 44 
 [2] 
 [1, 1, 1, 1, 1] 
 0.4383607658716829 

Results
 44 
 [2, 0] 
 [0, 0, 0, 0, 1] 
 0.6404886561954625 

Results
 44 
 [2, 0] 
 [0, 0, 0, 1, 0] 
 0.6978798586572438 

Results
 44 
 [2, 0] 
 [0, 0, 1, 0, 0] 
 0.9108061749571184 

Results
 44 
 [2, 0] 
 [0, 1, 0, 0, 0] 
 0.9062027231467473 

Results
 44 
 [2, 0] 
 [1, 0, 0, 0, 0] 
 0.9090909090909091 

Results
 44 
 [2, 0] 
 [1, 1, 1, 1, 1] 
 0.8169297950957339 

Results
 44 
 [2, 0, 3] 
 [0, 0, 0, 0, 1] 
 0.7521815008726004 

Results
 44 
 [2, 0, 3] 
 [0, 0, 0, 1, 0] 
 0.9063604240282686 

Results
 44 
 [2, 0, 3] 
 [0, 0, 1, 0, 0] 
 0.8353344768439108 

Results
 44 
 [2, 0, 3] 
 [0, 1, 0, 0, 0] 
 0.8638426626323752 

Results
 44 
 [2, 0, 3] 
 [1, 0, 0, 0, 0] 
 0.9292929292929293 

Results
 44 
 [2, 0, 3] 
 [1, 1, 1, 1, 1] 
 0.8579106483036614 

Results
 44 
 [2, 0, 3, 4] 
 [0, 0, 0, 0, 1] 
 0.9214659685863874 

Results
 44 
 [2, 0, 3, 4] 
 [0, 0, 0, 1, 0] 
 0.8551236749116607 

Results
 44 
 [2, 0, 3, 4] 
 [0, 0, 1, 0, 0] 
 0.8387650085763293 

Results
 44 
 [2, 0, 3, 4] 
 [0, 1, 0, 0, 0] 
 0.8441754916792739 

Results
 44 
 [2, 0, 3, 4] 
 [1, 0, 0, 0, 0] 
 0.8838383838383839 

Results
 44 
 [2, 0, 3, 4] 
 [1, 1, 1, 1, 1] 
 0.8679879072892174 

Results
 44 
 [2, 0, 3, 4, 1] 
 [0, 0, 0, 0, 1] 
 0.8760907504363001 

Results
 44 
 [2, 0, 3, 4, 1] 
 [0, 0, 0, 1, 0] 
 0.8533568904593639 

Results
 44 
 [2, 0, 3, 4, 1] 
 [0, 0, 1, 0, 0] 
 0.8593481989708405 

Results
 44 
 [2, 0, 3, 4, 1] 
 [0, 1, 0, 0, 0] 
 0.9334341906202723 

Results
 44 
 [2, 0, 3, 4, 1] 
 [1, 0, 0, 0, 0] 
 0.8855218855218855 

Results
 44 
 [2, 0, 3, 4, 1] 
 [1, 1, 1, 1, 1] 
 0.8831037957675513 

Results
 45 
 [4] 
 [0, 0, 0, 0, 1] 
 0.9685863874345549 

Results
 45 
 [4] 
 [0, 0, 0, 1, 0] 
 0.3763250883392226 

Results
 45 
 [4] 
 [0, 0, 1, 0, 0] 
 0.5283018867924528 

Results
 45 
 [4] 
 [0, 1, 0, 0, 0] 
 0.47049924357034795 

Results
 45 
 [4] 
 [1, 0, 0, 0, 0] 
 0.2760942760942761 

Results
 45 
 [4] 
 [1, 1, 1, 1, 1] 
 0.5209942895532416 

Results
 45 
 [4, 2] 
 [0, 0, 0, 0, 1] 
 0.9301919720767888 

Results
 45 
 [4, 2] 
 [0, 0, 0, 1, 0] 
 0.33568904593639576 

Results
 45 
 [4, 2] 
 [0, 0, 1, 0, 0] 
 0.8902229845626072 

Results
 45 
 [4, 2] 
 [0, 1, 0, 0, 0] 
 0.7095310136157338 

Results
 45 
 [4, 2] 
 [1, 0, 0, 0, 0] 
 0.2828282828282828 

Results
 45 
 [4, 2] 
 [1, 1, 1, 1, 1] 
 0.631172321128653 

Results
 45 
 [4, 2, 0] 
 [0, 0, 0, 0, 1] 
 0.9232111692844677 

Results
 45 
 [4, 2, 0] 
 [0, 0, 0, 1, 0] 
 0.6501766784452296 

Results
 45 
 [4, 2, 0] 
 [0, 0, 1, 0, 0] 
 0.902229845626072 

Results
 45 
 [4, 2, 0] 
 [0, 1, 0, 0, 0] 
 0.8638426626323752 

Results
 45 
 [4, 2, 0] 
 [1, 0, 0, 0, 0] 
 0.8232323232323232 

Results
 45 
 [4, 2, 0] 
 [1, 1, 1, 1, 1] 
 0.834061135371179 

Results
 45 
 [4, 2, 0, 1] 
 [0, 0, 0, 0, 1] 
 0.8673647469458988 

Results
 45 
 [4, 2, 0, 1] 
 [0, 0, 0, 1, 0] 
 0.7120141342756183 

Results
 45 
 [4, 2, 0, 1] 
 [0, 0, 1, 0, 0] 
 0.8987993138936535 

Results
 45 
 [4, 2, 0, 1] 
 [0, 1, 0, 0, 0] 
 0.9515885022692889 

Results
 45 
 [4, 2, 0, 1] 
 [1, 0, 0, 0, 0] 
 0.8468013468013468 

Results
 45 
 [4, 2, 0, 1] 
 [1, 1, 1, 1, 1] 
 0.8585824655693651 

Results
 45 
 [4, 2, 0, 1, 3] 
 [0, 0, 0, 0, 1] 
 0.8830715532286213 

Results
 45 
 [4, 2, 0, 1, 3] 
 [0, 0, 0, 1, 0] 
 0.8533568904593639 

Results
 45 
 [4, 2, 0, 1, 3] 
 [0, 0, 1, 0, 0] 
 0.8627787307032591 

Results
 45 
 [4, 2, 0, 1, 3] 
 [0, 1, 0, 0, 0] 
 0.9304084720121029 

Results
 45 
 [4, 2, 0, 1, 3] 
 [1, 0, 0, 0, 0] 
 0.8838383838383839 

Results
 45 
 [4, 2, 0, 1, 3] 
 [1, 1, 1, 1, 1] 
 0.8841115216661068 

Results
 46 
 [3] 
 [0, 0, 0, 0, 1] 
 0.6055846422338569 

Results
 46 
 [3] 
 [0, 0, 0, 1, 0] 
 0.9399293286219081 

Results
 46 
 [3] 
 [0, 0, 1, 0, 0] 
 0.15780445969125215 

Results
 46 
 [3] 
 [0, 1, 0, 0, 0] 
 0.4523449319213313 

Results
 46 
 [3] 
 [1, 0, 0, 0, 0] 
 0.8400673400673401 

Results
 46 
 [3] 
 [1, 1, 1, 1, 1] 
 0.594222371514948 

Results
 46 
 [3, 0] 
 [0, 0, 0, 0, 1] 
 0.6457242582897034 

Results
 46 
 [3, 0] 
 [0, 0, 0, 1, 0] 
 0.9187279151943463 

Results
 46 
 [3, 0] 
 [0, 0, 1, 0, 0] 
 0.38078902229845624 

Results
 46 
 [3, 0] 
 [0, 1, 0, 0, 0] 
 0.6399394856278366 

Results
 46 
 [3, 0] 
 [1, 0, 0, 0, 0] 
 0.9595959595959596 

Results
 46 
 [3, 0] 
 [1, 1, 1, 1, 1] 
 0.7070876721531744 

Results
 46 
 [3, 0, 1] 
 [0, 0, 0, 0, 1] 
 0.6561954624781849 

Results
 46 
 [3, 0, 1] 
 [0, 0, 0, 1, 0] 
 0.911660777385159 

Results
 46 
 [3, 0, 1] 
 [0, 0, 1, 0, 0] 
 0.6209262435677531 

Results
 46 
 [3, 0, 1] 
 [0, 1, 0, 0, 0] 
 0.9288956127080181 

Results
 46 
 [3, 0, 1] 
 [1, 0, 0, 0, 0] 
 0.9528619528619529 

Results
 46 
 [3, 0, 1] 
 [1, 1, 1, 1, 1] 
 0.8176016123614377 

Results
 46 
 [3, 0, 1, 2] 
 [0, 0, 0, 0, 1] 
 0.6893542757417103 

Results
 46 
 [3, 0, 1, 2] 
 [0, 0, 0, 1, 0] 
 0.8851590106007067 

Results
 46 
 [3, 0, 1, 2] 
 [0, 0, 1, 0, 0] 
 0.8439108061749572 

Results
 46 
 [3, 0, 1, 2] 
 [0, 1, 0, 0, 0] 
 0.9515885022692889 

Results
 46 
 [3, 0, 1, 2] 
 [1, 0, 0, 0, 0] 
 0.9225589225589226 

Results
 46 
 [3, 0, 1, 2] 
 [1, 1, 1, 1, 1] 
 0.8616056432650319 

Results
 46 
 [3, 0, 1, 2, 4] 
 [0, 0, 0, 0, 1] 
 0.8848167539267016 

Results
 46 
 [3, 0, 1, 2, 4] 
 [0, 0, 0, 1, 0] 
 0.8515901060070671 

Results
 46 
 [3, 0, 1, 2, 4] 
 [0, 0, 1, 0, 0] 
 0.8610634648370498 

Results
 46 
 [3, 0, 1, 2, 4] 
 [0, 1, 0, 0, 0] 
 0.9334341906202723 

Results
 46 
 [3, 0, 1, 2, 4] 
 [1, 0, 0, 0, 0] 
 0.8973063973063973 

Results
 46 
 [3, 0, 1, 2, 4] 
 [1, 1, 1, 1, 1] 
 0.8871346993617736 

Results
 47 
 [0] 
 [0, 0, 0, 0, 1] 
 0.5636998254799301 

Results
 47 
 [0] 
 [0, 0, 0, 1, 0] 
 0.7985865724381626 

Results
 47 
 [0] 
 [0, 0, 1, 0, 0] 
 0.44596912521440824 

Results
 47 
 [0] 
 [0, 1, 0, 0, 0] 
 0.6913767019667171 

Results
 47 
 [0] 
 [1, 0, 0, 0, 0] 
 0.9696969696969697 

Results
 47 
 [0] 
 [1, 1, 1, 1, 1] 
 0.6946590527376554 

Results
 47 
 [0, 2] 
 [0, 0, 0, 0, 1] 
 0.6736474694589878 

Results
 47 
 [0, 2] 
 [0, 0, 0, 1, 0] 
 0.7049469964664311 

Results
 47 
 [0, 2] 
 [0, 0, 1, 0, 0] 
 0.9125214408233276 

Results
 47 
 [0, 2] 
 [0, 1, 0, 0, 0] 
 0.903177004538578 

Results
 47 
 [0, 2] 
 [1, 0, 0, 0, 0] 
 0.9074074074074074 

Results
 47 
 [0, 2] 
 [1, 1, 1, 1, 1] 
 0.8239838763856231 

Results
 47 
 [0, 2, 1] 
 [0, 0, 0, 0, 1] 
 0.6143106457242583 

Results
 47 
 [0, 2, 1] 
 [0, 0, 0, 1, 0] 
 0.7332155477031802 

Results
 47 
 [0, 2, 1] 
 [0, 0, 1, 0, 0] 
 0.8936535162950258 

Results
 47 
 [0, 2, 1] 
 [0, 1, 0, 0, 0] 
 0.9697428139183056 

Results
 47 
 [0, 2, 1] 
 [1, 0, 0, 0, 0] 
 0.9006734006734006 

Results
 47 
 [0, 2, 1] 
 [1, 1, 1, 1, 1] 
 0.8276788713469936 

Results
 47 
 [0, 2, 1, 3] 
 [0, 0, 0, 0, 1] 
 0.7137870855148342 

Results
 47 
 [0, 2, 1, 3] 
 [0, 0, 0, 1, 0] 
 0.8869257950530035 

Results
 47 
 [0, 2, 1, 3] 
 [0, 0, 1, 0, 0] 
 0.8473413379073756 

Results
 47 
 [0, 2, 1, 3] 
 [0, 1, 0, 0, 0] 
 0.9470499243570348 

Results
 47 
 [0, 2, 1, 3] 
 [1, 0, 0, 0, 0] 
 0.9242424242424242 

Results
 47 
 [0, 2, 1, 3] 
 [1, 1, 1, 1, 1] 
 0.8666442727578099 

Results
 47 
 [0, 2, 1, 3, 4] 
 [0, 0, 0, 0, 1] 
 0.8883071553228621 

Results
 47 
 [0, 2, 1, 3, 4] 
 [0, 0, 0, 1, 0] 
 0.8621908127208481 

Results
 47 
 [0, 2, 1, 3, 4] 
 [0, 0, 1, 0, 0] 
 0.8627787307032591 

Results
 47 
 [0, 2, 1, 3, 4] 
 [0, 1, 0, 0, 0] 
 0.9304084720121029 

Results
 47 
 [0, 2, 1, 3, 4] 
 [1, 0, 0, 0, 0] 
 0.898989898989899 

Results
 47 
 [0, 2, 1, 3, 4] 
 [1, 1, 1, 1, 1] 
 0.8898219684245885 

Results
 48 
 [0] 
 [0, 0, 0, 0, 1] 
 0.6090750436300174 

Results
 48 
 [0] 
 [0, 0, 0, 1, 0] 
 0.8127208480565371 

Results
 48 
 [0] 
 [0, 0, 1, 0, 0] 
 0.4734133790737564 

Results
 48 
 [0] 
 [0, 1, 0, 0, 0] 
 0.7745839636913767 

Results
 48 
 [0] 
 [1, 0, 0, 0, 0] 
 0.9579124579124579 

Results
 48 
 [0] 
 [1, 1, 1, 1, 1] 
 0.7275780987571381 

Results
 48 
 [0, 2] 
 [0, 0, 0, 0, 1] 
 0.6858638743455497 

Results
 48 
 [0, 2] 
 [0, 0, 0, 1, 0] 
 0.6925795053003534 

Results
 48 
 [0, 2] 
 [0, 0, 1, 0, 0] 
 0.9159519725557461 

Results
 48 
 [0, 2] 
 [0, 1, 0, 0, 0] 
 0.9001512859304085 

Results
 48 
 [0, 2] 
 [1, 0, 0, 0, 0] 
 0.9023569023569024 

Results
 48 
 [0, 2] 
 [1, 1, 1, 1, 1] 
 0.8229761504870675 

Results
 48 
 [0, 2, 4] 
 [0, 0, 0, 0, 1] 
 0.9267015706806283 

Results
 48 
 [0, 2, 4] 
 [0, 0, 0, 1, 0] 
 0.6501766784452296 

Results
 48 
 [0, 2, 4] 
 [0, 0, 1, 0, 0] 
 0.9056603773584906 

Results
 48 
 [0, 2, 4] 
 [0, 1, 0, 0, 0] 
 0.8653555219364599 

Results
 48 
 [0, 2, 4] 
 [1, 0, 0, 0, 0] 
 0.8367003367003367 

Results
 48 
 [0, 2, 4] 
 [1, 1, 1, 1, 1] 
 0.8384279475982532 

Results
 48 
 [0, 2, 4, 3] 
 [0, 0, 0, 0, 1] 
 0.9267015706806283 

Results
 48 
 [0, 2, 4, 3] 
 [0, 0, 0, 1, 0] 
 0.8445229681978799 

Results
 48 
 [0, 2, 4, 3] 
 [0, 0, 1, 0, 0] 
 0.8456260720411664 

Results
 48 
 [0, 2, 4, 3] 
 [0, 1, 0, 0, 0] 
 0.8426626323751891 

Results
 48 
 [0, 2, 4, 3] 
 [1, 0, 0, 0, 0] 
 0.8872053872053872 

Results
 48 
 [0, 2, 4, 3] 
 [1, 1, 1, 1, 1] 
 0.868659724554921 

Results
 48 
 [0, 2, 4, 3, 1] 
 [0, 0, 0, 0, 1] 
 0.8917975567190227 

Results
 48 
 [0, 2, 4, 3, 1] 
 [0, 0, 0, 1, 0] 
 0.8498233215547704 

Results
 48 
 [0, 2, 4, 3, 1] 
 [0, 0, 1, 0, 0] 
 0.8747855917667239 

Results
 48 
 [0, 2, 4, 3, 1] 
 [0, 1, 0, 0, 0] 
 0.9334341906202723 

Results
 48 
 [0, 2, 4, 3, 1] 
 [1, 0, 0, 0, 0] 
 0.898989898989899 

Results
 48 
 [0, 2, 4, 3, 1] 
 [1, 1, 1, 1, 1] 
 0.891165602955996 

Results
 49 
 [4] 
 [0, 0, 0, 0, 1] 
 0.9616055846422339 

Results
 49 
 [4] 
 [0, 0, 0, 1, 0] 
 0.3710247349823322 

Results
 49 
 [4] 
 [0, 0, 1, 0, 0] 
 0.5403087478559176 

Results
 49 
 [4] 
 [0, 1, 0, 0, 0] 
 0.4947049924357035 

Results
 49 
 [4] 
 [1, 0, 0, 0, 0] 
 0.3265993265993266 

Results
 49 
 [4] 
 [1, 1, 1, 1, 1] 
 0.5364460866644273 

Results
 49 
 [4, 3] 
 [0, 0, 0, 0, 1] 
 0.944153577661431 

Results
 49 
 [4, 3] 
 [0, 0, 0, 1, 0] 
 0.892226148409894 

Results
 49 
 [4, 3] 
 [0, 0, 1, 0, 0] 
 0.5077186963979416 

Results
 49 
 [4, 3] 
 [0, 1, 0, 0, 0] 
 0.5824508320726173 

Results
 49 
 [4, 3] 
 [1, 0, 0, 0, 0] 
 0.8181818181818182 

Results
 49 
 [4, 3] 
 [1, 1, 1, 1, 1] 
 0.7433658045011757 

Results
 49 
 [4, 3, 2] 
 [0, 0, 0, 0, 1] 
 0.9458987783595113 

Results
 49 
 [4, 3, 2] 
 [0, 0, 0, 1, 0] 
 0.7985865724381626 

Results
 49 
 [4, 3, 2] 
 [0, 0, 1, 0, 0] 
 0.8679245283018868 

Results
 49 
 [4, 3, 2] 
 [0, 1, 0, 0, 0] 
 0.8093797276853253 

Results
 49 
 [4, 3, 2] 
 [1, 0, 0, 0, 0] 
 0.7239057239057239 

Results
 49 
 [4, 3, 2] 
 [1, 1, 1, 1, 1] 
 0.8280147799798455 

Results
 49 
 [4, 3, 2, 1] 
 [0, 0, 0, 0, 1] 
 0.900523560209424 

Results
 49 
 [4, 3, 2, 1] 
 [0, 0, 0, 1, 0] 
 0.8250883392226148 

Results
 49 
 [4, 3, 2, 1] 
 [0, 0, 1, 0, 0] 
 0.9039451114922813 

Results
 49 
 [4, 3, 2, 1] 
 [0, 1, 0, 0, 0] 
 0.9425113464447806 

Results
 49 
 [4, 3, 2, 1] 
 [1, 0, 0, 0, 0] 
 0.8063973063973064 

Results
 49 
 [4, 3, 2, 1] 
 [1, 1, 1, 1, 1] 
 0.8773933490090695 

Results
 49 
 [4, 3, 2, 1, 0] 
 [0, 0, 0, 0, 1] 
 0.8865619546247818 

Results
 49 
 [4, 3, 2, 1, 0] 
 [0, 0, 0, 1, 0] 
 0.8551236749116607 

Results
 49 
 [4, 3, 2, 1, 0] 
 [0, 0, 1, 0, 0] 
 0.8713550600343053 

Results
 49 
 [4, 3, 2, 1, 0] 
 [0, 1, 0, 0, 0] 
 0.9349470499243571 

Results
 49 
 [4, 3, 2, 1, 0] 
 [1, 0, 0, 0, 0] 
 0.898989898989899 

Results
 49 
 [4, 3, 2, 1, 0] 
 [1, 1, 1, 1, 1] 
 0.8908296943231441 

