
Experimental details:
    Model     : mlp
    Optimizer : sgd
    Learning  : 0.01
    Global Rounds   : 50

    Federated parameters:
    Non-IID
    Fraction of users  : 0.1
    Local Batch size   : 10
    Local Epochs       : 1


Experimental details:
    Model     : mlp
    Optimizer : sgd
    Learning  : 0.01
    Global Rounds   : 50

    Federated parameters:
    Non-IID
    Fraction of users  : 0.1
    Local Batch size   : 10
    Local Epochs       : 1

FourValues
 0 
 [0, 0, 0, 0, 1] 
 [0, 0, 0, 0, 1] 
 0.5125 

FourValues
 0 
 [0, 0, 0, 0, 1] 
 [1, 1, 1, 1, 1] 
 0.5002 

FourValues
 0 
 [0, 0, 0, 1, 0] 
 [0, 0, 0, 1, 0] 
 0.4793388429752066 

FourValues
 0 
 [0, 0, 0, 1, 0] 
 [1, 1, 1, 1, 1] 
 0.4709 

FourValues
 0 
 [0, 0, 1, 0, 0] 
 [0, 0, 1, 0, 0] 
 0.5400390625 

FourValues
 0 
 [0, 0, 1, 0, 0] 
 [1, 1, 1, 1, 1] 
 0.5354 

FourValues
 0 
 [0, 1, 0, 0, 0] 
 [0, 1, 0, 0, 0] 
 0.51318359375 

FourValues
 0 
 [0, 1, 0, 0, 0] 
 [1, 1, 1, 1, 1] 
 0.5154 

FourValues
 0 
 [0, 1, 1, 1, 1] 
 [1, 0, 0, 0, 0] 
 0.5068359375 

FourValues
 0 
 [0, 1, 1, 1, 1] 
 [1, 1, 1, 1, 1] 
 0.5154 

FourValues
 0 
 [1, 0, 0, 0, 0] 
 [1, 0, 0, 0, 0] 
 0.45654296875 

FourValues
 0 
 [1, 0, 0, 0, 0] 
 [1, 1, 1, 1, 1] 
 0.4726 

FourValues
 0 
 [1, 0, 1, 1, 1] 
 [0, 1, 0, 0, 0] 
 0.50244140625 

FourValues
 0 
 [1, 0, 1, 1, 1] 
 [1, 1, 1, 1, 1] 
 0.5096 

FourValues
 0 
 [1, 1, 0, 1, 1] 
 [0, 0, 1, 0, 0] 
 0.505859375 

FourValues
 0 
 [1, 1, 0, 1, 1] 
 [1, 1, 1, 1, 1] 
 0.4992 

FourValues
 0 
 [1, 1, 1, 0, 1] 
 [0, 0, 0, 1, 0] 
 0.5263429752066116 

FourValues
 0 
 [1, 1, 1, 0, 1] 
 [1, 1, 1, 1, 1] 
 0.518 

FourValues
 0 
 [1, 1, 1, 1, 0] 
 [0, 0, 0, 0, 1] 
 0.5177083333333333 

FourValues
 0 
 [1, 1, 1, 1, 0] 
 [1, 1, 1, 1, 1] 
 0.5107 

FourValues
 0 
 [1, 1, 1, 1, 1] 
 [0, 0, 0, 0, 1] 
 0.5177083333333333 

FourValues
 0 
 [1, 1, 1, 1, 1] 
 [0, 0, 0, 1, 0] 
 0.5175619834710744 

FourValues
 0 
 [1, 1, 1, 1, 1] 
 [0, 0, 1, 0, 0] 
 0.5205078125 

FourValues
 0 
 [1, 1, 1, 1, 1] 
 [0, 1, 0, 0, 0] 
 0.50439453125 

FourValues
 0 
 [1, 1, 1, 1, 1] 
 [1, 0, 0, 0, 0] 
 0.50146484375 

FourValues
 0 
 [1, 1, 1, 1, 1] 
 [1, 1, 1, 1, 1] 
 0.5122 

FourValues
 1 
 [0, 0, 0, 0, 1] 
 [0, 0, 0, 0, 1] 
 0.6380208333333334 

FourValues
 1 
 [0, 0, 0, 0, 1] 
 [1, 1, 1, 1, 1] 
 0.6471 

FourValues
 1 
 [0, 0, 0, 1, 0] 
 [0, 0, 0, 1, 0] 
 0.6461776859504132 

FourValues
 1 
 [0, 0, 0, 1, 0] 
 [1, 1, 1, 1, 1] 
 0.6511 

FourValues
 1 
 [0, 0, 1, 0, 0] 
 [0, 0, 1, 0, 0] 
 0.65185546875 

FourValues
 1 
 [0, 0, 1, 0, 0] 
 [1, 1, 1, 1, 1] 
 0.6508 

FourValues
 1 
 [0, 1, 0, 0, 0] 
 [0, 1, 0, 0, 0] 
 0.6611328125 

FourValues
 1 
 [0, 1, 0, 0, 0] 
 [1, 1, 1, 1, 1] 
 0.6514 

FourValues
 1 
 [0, 1, 1, 1, 1] 
 [1, 0, 0, 0, 0] 
 0.6552734375 

FourValues
 1 
 [0, 1, 1, 1, 1] 
 [1, 1, 1, 1, 1] 
 0.6521 

FourValues
 1 
 [1, 0, 0, 0, 0] 
 [1, 0, 0, 0, 0] 
 0.6533203125 

FourValues
 1 
 [1, 0, 0, 0, 0] 
 [1, 1, 1, 1, 1] 
 0.6502 

FourValues
 1 
 [1, 0, 1, 1, 1] 
 [0, 1, 0, 0, 0] 
 0.6611328125 

FourValues
 1 
 [1, 0, 1, 1, 1] 
 [1, 1, 1, 1, 1] 
 0.6531 

FourValues
 1 
 [1, 1, 0, 1, 1] 
 [0, 0, 1, 0, 0] 
 0.65234375 

FourValues
 1 
 [1, 1, 0, 1, 1] 
 [1, 1, 1, 1, 1] 
 0.6527 

FourValues
 1 
 [1, 1, 1, 0, 1] 
 [0, 0, 0, 1, 0] 
 0.6482438016528925 

FourValues
 1 
 [1, 1, 1, 0, 1] 
 [1, 1, 1, 1, 1] 
 0.6522 

FourValues
 1 
 [1, 1, 1, 1, 0] 
 [0, 0, 0, 0, 1] 
 0.6473958333333333 

FourValues
 1 
 [1, 1, 1, 1, 0] 
 [1, 1, 1, 1, 1] 
 0.6531 

FourValues
 1 
 [1, 1, 1, 1, 1] 
 [0, 0, 0, 0, 1] 
 0.6484375 

FourValues
 1 
 [1, 1, 1, 1, 1] 
 [0, 0, 0, 1, 0] 
 0.6487603305785123 

FourValues
 1 
 [1, 1, 1, 1, 1] 
 [0, 0, 1, 0, 0] 
 0.65087890625 

FourValues
 1 
 [1, 1, 1, 1, 1] 
 [0, 1, 0, 0, 0] 
 0.66162109375 

FourValues
 1 
 [1, 1, 1, 1, 1] 
 [1, 0, 0, 0, 0] 
 0.654296875 

FourValues
 1 
 [1, 1, 1, 1, 1] 
 [1, 1, 1, 1, 1] 
 0.6529 

FourValues
 2 
 [0, 0, 0, 0, 1] 
 [0, 0, 0, 0, 1] 
 0.6604166666666667 

FourValues
 2 
 [0, 0, 0, 0, 1] 
 [1, 1, 1, 1, 1] 
 0.666 

FourValues
 2 
 [0, 0, 0, 1, 0] 
 [0, 0, 0, 1, 0] 
 0.6766528925619835 

FourValues
 2 
 [0, 0, 0, 1, 0] 
 [1, 1, 1, 1, 1] 
 0.6775 

FourValues
 2 
 [0, 0, 1, 0, 0] 
 [0, 0, 1, 0, 0] 
 0.69091796875 

FourValues
 2 
 [0, 0, 1, 0, 0] 
 [1, 1, 1, 1, 1] 
 0.6893 

FourValues
 2 
 [0, 1, 0, 0, 0] 
 [0, 1, 0, 0, 0] 
 0.697265625 

FourValues
 2 
 [0, 1, 0, 0, 0] 
 [1, 1, 1, 1, 1] 
 0.6931 

FourValues
 2 
 [0, 1, 1, 1, 1] 
 [1, 0, 0, 0, 0] 
 0.689453125 

FourValues
 2 
 [0, 1, 1, 1, 1] 
 [1, 1, 1, 1, 1] 
 0.6819 

FourValues
 2 
 [1, 0, 0, 0, 0] 
 [1, 0, 0, 0, 0] 
 0.693359375 

FourValues
 2 
 [1, 0, 0, 0, 0] 
 [1, 1, 1, 1, 1] 
 0.6835 

FourValues
 2 
 [1, 0, 1, 1, 1] 
 [0, 1, 0, 0, 0] 
 0.6806640625 

FourValues
 2 
 [1, 0, 1, 1, 1] 
 [1, 1, 1, 1, 1] 
 0.6796 

FourValues
 2 
 [1, 1, 0, 1, 1] 
 [0, 0, 1, 0, 0] 
 0.6796875 

FourValues
 2 
 [1, 1, 0, 1, 1] 
 [1, 1, 1, 1, 1] 
 0.6809 

FourValues
 2 
 [1, 1, 1, 0, 1] 
 [0, 0, 0, 1, 0] 
 0.6802685950413223 

FourValues
 2 
 [1, 1, 1, 0, 1] 
 [1, 1, 1, 1, 1] 
 0.6839 

FourValues
 2 
 [1, 1, 1, 1, 0] 
 [0, 0, 0, 0, 1] 
 0.6828125 

FourValues
 2 
 [1, 1, 1, 1, 0] 
 [1, 1, 1, 1, 1] 
 0.6869 

FourValues
 2 
 [1, 1, 1, 1, 1] 
 [0, 0, 0, 0, 1] 
 0.6755208333333333 

FourValues
 2 
 [1, 1, 1, 1, 1] 
 [0, 0, 0, 1, 0] 
 0.6802685950413223 

FourValues
 2 
 [1, 1, 1, 1, 1] 
 [0, 0, 1, 0, 0] 
 0.681640625 

FourValues
 2 
 [1, 1, 1, 1, 1] 
 [0, 1, 0, 0, 0] 
 0.68408203125 

FourValues
 2 
 [1, 1, 1, 1, 1] 
 [1, 0, 0, 0, 0] 
 0.6904296875 

FourValues
 2 
 [1, 1, 1, 1, 1] 
 [1, 1, 1, 1, 1] 
 0.6825 

FourValues
 3 
 [0, 0, 0, 0, 1] 
 [0, 0, 0, 0, 1] 
 0.7140625 

FourValues
 3 
 [0, 0, 0, 0, 1] 
 [1, 1, 1, 1, 1] 
 0.7197 

FourValues
 3 
 [0, 0, 0, 1, 0] 
 [0, 0, 0, 1, 0] 
 0.7246900826446281 

FourValues
 3 
 [0, 0, 0, 1, 0] 
 [1, 1, 1, 1, 1] 
 0.7204 

FourValues
 3 
 [0, 0, 1, 0, 0] 
 [0, 0, 1, 0, 0] 
 0.71337890625 

FourValues
 3 
 [0, 0, 1, 0, 0] 
 [1, 1, 1, 1, 1] 
 0.7137 

FourValues
 3 
 [0, 1, 0, 0, 0] 
 [0, 1, 0, 0, 0] 
 0.72119140625 

FourValues
 3 
 [0, 1, 0, 0, 0] 
 [1, 1, 1, 1, 1] 
 0.7119 

FourValues
 3 
 [0, 1, 1, 1, 1] 
 [1, 0, 0, 0, 0] 
 0.71875 

FourValues
 3 
 [0, 1, 1, 1, 1] 
 [1, 1, 1, 1, 1] 
 0.7195 

FourValues
 3 
 [1, 0, 0, 0, 0] 
 [1, 0, 0, 0, 0] 
 0.72021484375 

FourValues
 3 
 [1, 0, 0, 0, 0] 
 [1, 1, 1, 1, 1] 
 0.7163 

FourValues
 3 
 [1, 0, 1, 1, 1] 
 [0, 1, 0, 0, 0] 
 0.72265625 

FourValues
 3 
 [1, 0, 1, 1, 1] 
 [1, 1, 1, 1, 1] 
 0.7194 

FourValues
 3 
 [1, 1, 0, 1, 1] 
 [0, 0, 1, 0, 0] 
 0.7177734375 

FourValues
 3 
 [1, 1, 0, 1, 1] 
 [1, 1, 1, 1, 1] 
 0.7188 

FourValues
 3 
 [1, 1, 1, 0, 1] 
 [0, 0, 0, 1, 0] 
 0.7128099173553719 

FourValues
 3 
 [1, 1, 1, 0, 1] 
 [1, 1, 1, 1, 1] 
 0.7173 

FourValues
 3 
 [1, 1, 1, 1, 0] 
 [0, 0, 0, 0, 1] 
 0.7161458333333334 

FourValues
 3 
 [1, 1, 1, 1, 0] 
 [1, 1, 1, 1, 1] 
 0.7181 

FourValues
 3 
 [1, 1, 1, 1, 1] 
 [0, 0, 0, 0, 1] 
 0.7171875 

FourValues
 3 
 [1, 1, 1, 1, 1] 
 [0, 0, 0, 1, 0] 
 0.7174586776859504 

FourValues
 3 
 [1, 1, 1, 1, 1] 
 [0, 0, 1, 0, 0] 
 0.71826171875 

FourValues
 3 
 [1, 1, 1, 1, 1] 
 [0, 1, 0, 0, 0] 
 0.72509765625 

FourValues
 3 
 [1, 1, 1, 1, 1] 
 [1, 0, 0, 0, 0] 
 0.71875 

FourValues
 3 
 [1, 1, 1, 1, 1] 
 [1, 1, 1, 1, 1] 
 0.7194 

