
Experimental details:
    Model     : cnn
    Optimizer : sgd
    Learning  : 0.01
    Global Rounds   : 50

    Federated parameters:
    Non-IID
    Fraction of users  : 0.1
    Local Batch size   : 10
    Local Epochs       : 1

DataShapley
 0 
 [3] 
 [1, 1, 1, 1, 1] 
 0.2636882767887135 

DataShapley
 0 
 [3, 0] 
 [1, 1, 1, 1, 1] 
 0.1588847833389318 

DataShapley
 0 
 [3, 0, 1] 
 [1, 1, 1, 1, 1] 
 0.21397379912663755 

DataShapley
 0 
 [3, 0, 1, 4] 
 [1, 1, 1, 1, 1] 
 0.29795095733960364 

DataShapley
 0 
 [3, 0, 1, 4, 2] 
 [1, 1, 1, 1, 1] 
 0.4064494457507558 

FourValues
 0 
 [0, 0, 0, 0, 1] 
 [0, 0, 0, 0, 1] 
 0.9703315881326352 

FourValues
 0 
 [0, 0, 0, 1, 0] 
 [0, 0, 0, 1, 0] 
 0.8144876325088339 

FourValues
 0 
 [0, 0, 1, 0, 0] 
 [0, 0, 1, 0, 0] 
 0.9571183533447685 

FourValues
 0 
 [0, 1, 0, 0, 0] 
 [0, 1, 0, 0, 0] 
 0.9697428139183056 

FourValues
 0 
 [0, 1, 1, 1, 1] 
 [1, 0, 0, 0, 0] 
 0.005050505050505051 

FourValues
 0 
 [1, 0, 0, 0, 0] 
 [1, 0, 0, 0, 0] 
 0.9612794612794613 

FourValues
 0 
 [1, 0, 1, 1, 1] 
 [0, 1, 0, 0, 0] 
 0.0 

FourValues
 0 
 [1, 1, 0, 1, 1] 
 [0, 0, 1, 0, 0] 
 0.0017152658662092624 

FourValues
 0 
 [1, 1, 1, 0, 1] 
 [0, 0, 0, 1, 0] 
 0.0 

FourValues
 0 
 [1, 1, 1, 1, 0] 
 [0, 0, 0, 0, 1] 
 0.005235602094240838 

FourValues
 0 
 [1, 1, 1, 1, 1] 
 [0, 0, 0, 0, 1] 
 0.5636998254799301 

FourValues
 0 
 [1, 1, 1, 1, 1] 
 [0, 0, 0, 1, 0] 
 0.3551236749116608 

FourValues
 0 
 [1, 1, 1, 1, 1] 
 [0, 0, 1, 0, 0] 
 0.3361921097770154 

FourValues
 0 
 [1, 1, 1, 1, 1] 
 [0, 1, 0, 0, 0] 
 0.3600605143721634 

FourValues
 0 
 [1, 1, 1, 1, 1] 
 [1, 0, 0, 0, 0] 
 0.42424242424242425 

DataShapley
 1 
 [3] 
 [1, 1, 1, 1, 1] 
 0.2925764192139738 

DataShapley
 1 
 [3, 0] 
 [1, 1, 1, 1, 1] 
 0.35707087672153176 

DataShapley
 1 
 [3, 0, 1] 
 [1, 1, 1, 1, 1] 
 0.46556936513268393 

DataShapley
 1 
 [3, 0, 1, 4] 
 [1, 1, 1, 1, 1] 
 0.46892845146120254 

DataShapley
 1 
 [3, 0, 1, 4, 2] 
 [1, 1, 1, 1, 1] 
 0.5448438024857238 

FourValues
 1 
 [0, 0, 0, 0, 1] 
 [0, 0, 0, 0, 1] 
 0.9773123909249564 

FourValues
 1 
 [0, 0, 0, 1, 0] 
 [0, 0, 0, 1, 0] 
 0.9045936395759717 

FourValues
 1 
 [0, 0, 1, 0, 0] 
 [0, 0, 1, 0, 0] 
 0.9502572898799314 

FourValues
 1 
 [0, 1, 0, 0, 0] 
 [0, 1, 0, 0, 0] 
 0.9848714069591528 

FourValues
 1 
 [0, 1, 1, 1, 1] 
 [1, 0, 0, 0, 0] 
 0.2609427609427609 

FourValues
 1 
 [1, 0, 0, 0, 0] 
 [1, 0, 0, 0, 0] 
 0.9730639730639731 

FourValues
 1 
 [1, 0, 1, 1, 1] 
 [0, 1, 0, 0, 0] 
 0.16338880484114976 

FourValues
 1 
 [1, 1, 0, 1, 1] 
 [0, 0, 1, 0, 0] 
 0.16638078902229847 

FourValues
 1 
 [1, 1, 1, 0, 1] 
 [0, 0, 0, 1, 0] 
 0.007067137809187279 

FourValues
 1 
 [1, 1, 1, 1, 0] 
 [0, 0, 0, 0, 1] 
 0.17801047120418848 

FourValues
 1 
 [1, 1, 1, 1, 1] 
 [0, 0, 0, 0, 1] 
 0.5532286212914486 

FourValues
 1 
 [1, 1, 1, 1, 1] 
 [0, 0, 0, 1, 0] 
 0.4664310954063604 

FourValues
 1 
 [1, 1, 1, 1, 1] 
 [0, 0, 1, 0, 0] 
 0.5437392795883362 

FourValues
 1 
 [1, 1, 1, 1, 1] 
 [0, 1, 0, 0, 0] 
 0.6066565809379728 

FourValues
 1 
 [1, 1, 1, 1, 1] 
 [1, 0, 0, 0, 0] 
 0.5437710437710438 

DataShapley
 2 
 [3] 
 [1, 1, 1, 1, 1] 
 0.30131004366812225 

DataShapley
 2 
 [3, 4] 
 [1, 1, 1, 1, 1] 
 0.38797447094390325 

DataShapley
 2 
 [3, 4, 2] 
 [1, 1, 1, 1, 1] 
 0.37588176016123614 

DataShapley
 2 
 [3, 4, 2, 1] 
 [1, 1, 1, 1, 1] 
 0.6073228081961707 

DataShapley
 2 
 [3, 4, 2, 1, 0] 
 [1, 1, 1, 1, 1] 
 0.6600604635539133 

FourValues
 2 
 [0, 0, 0, 0, 1] 
 [0, 0, 0, 0, 1] 
 0.9842931937172775 

FourValues
 2 
 [0, 0, 0, 1, 0] 
 [0, 0, 0, 1, 0] 
 0.9257950530035336 

FourValues
 2 
 [0, 0, 1, 0, 0] 
 [0, 0, 1, 0, 0] 
 0.9588336192109777 

FourValues
 2 
 [0, 1, 0, 0, 0] 
 [0, 1, 0, 0, 0] 
 0.9818456883509834 

FourValues
 2 
 [0, 1, 1, 1, 1] 
 [1, 0, 0, 0, 0] 
 0.3686868686868687 

FourValues
 2 
 [1, 0, 0, 0, 0] 
 [1, 0, 0, 0, 0] 
 0.9831649831649831 

FourValues
 2 
 [1, 0, 1, 1, 1] 
 [0, 1, 0, 0, 0] 
 0.291981845688351 

FourValues
 2 
 [1, 1, 0, 1, 1] 
 [0, 0, 1, 0, 0] 
 0.16295025728987994 

FourValues
 2 
 [1, 1, 1, 0, 1] 
 [0, 0, 0, 1, 0] 
 0.09187279151943463 

FourValues
 2 
 [1, 1, 1, 1, 0] 
 [0, 0, 0, 0, 1] 
 0.20593368237347295 

FourValues
 2 
 [1, 1, 1, 1, 1] 
 [0, 0, 0, 0, 1] 
 0.6143106457242583 

FourValues
 2 
 [1, 1, 1, 1, 1] 
 [0, 0, 0, 1, 0] 
 0.6148409893992933 

FourValues
 2 
 [1, 1, 1, 1, 1] 
 [0, 0, 1, 0, 0] 
 0.6655231560891939 

FourValues
 2 
 [1, 1, 1, 1, 1] 
 [0, 1, 0, 0, 0] 
 0.7549167927382754 

FourValues
 2 
 [1, 1, 1, 1, 1] 
 [1, 0, 0, 0, 0] 
 0.6363636363636364 

DataShapley
 3 
 [2] 
 [1, 1, 1, 1, 1] 
 0.3117232112865301 

DataShapley
 3 
 [2, 1] 
 [1, 1, 1, 1, 1] 
 0.5028552233792408 

DataShapley
 3 
 [2, 1, 4] 
 [1, 1, 1, 1, 1] 
 0.5119247564662411 

DataShapley
 3 
 [2, 1, 4, 3] 
 [1, 1, 1, 1, 1] 
 0.6829022505878402 

DataShapley
 3 
 [2, 1, 4, 3, 0] 
 [1, 1, 1, 1, 1] 
 0.7080953980517299 

FourValues
 3 
 [0, 0, 0, 0, 1] 
 [0, 0, 0, 0, 1] 
 0.9755671902268761 

FourValues
 3 
 [0, 0, 0, 1, 0] 
 [0, 0, 0, 1, 0] 
 0.9399293286219081 

FourValues
 3 
 [0, 0, 1, 0, 0] 
 [0, 0, 1, 0, 0] 
 0.9639794168096055 

FourValues
 3 
 [0, 1, 0, 0, 0] 
 [0, 1, 0, 0, 0] 
 0.9924357034795764 

FourValues
 3 
 [0, 1, 1, 1, 1] 
 [1, 0, 0, 0, 0] 
 0.4562289562289562 

FourValues
 3 
 [1, 0, 0, 0, 0] 
 [1, 0, 0, 0, 0] 
 0.9730639730639731 

FourValues
 3 
 [1, 0, 1, 1, 1] 
 [0, 1, 0, 0, 0] 
 0.35703479576399394 

FourValues
 3 
 [1, 1, 0, 1, 1] 
 [0, 0, 1, 0, 0] 
 0.3156089193825043 

FourValues
 3 
 [1, 1, 1, 0, 1] 
 [0, 0, 0, 1, 0] 
 0.19257950530035337 

FourValues
 3 
 [1, 1, 1, 1, 0] 
 [0, 0, 0, 0, 1] 
 0.3717277486910995 

FourValues
 3 
 [1, 1, 1, 1, 1] 
 [0, 0, 0, 0, 1] 
 0.6492146596858639 

FourValues
 3 
 [1, 1, 1, 1, 1] 
 [0, 0, 0, 1, 0] 
 0.6731448763250883 

FourValues
 3 
 [1, 1, 1, 1, 1] 
 [0, 0, 1, 0, 0] 
 0.6963979416809606 

FourValues
 3 
 [1, 1, 1, 1, 1] 
 [0, 1, 0, 0, 0] 
 0.8441754916792739 

FourValues
 3 
 [1, 1, 1, 1, 1] 
 [1, 0, 0, 0, 0] 
 0.6582491582491582 

DataShapley
 4 
 [2] 
 [1, 1, 1, 1, 1] 
 0.3117232112865301 

DataShapley
 4 
 [2, 4] 
 [1, 1, 1, 1, 1] 
 0.46053073563990593 

DataShapley
 4 
 [2, 4, 0] 
 [1, 1, 1, 1, 1] 
 0.663419549882432 

DataShapley
 4 
 [2, 4, 0, 3] 
 [1, 1, 1, 1, 1] 
 0.6714813570708767 

DataShapley
 4 
 [2, 4, 0, 3, 1] 
 [1, 1, 1, 1, 1] 
 0.7621766879408801 

FourValues
 4 
 [0, 0, 0, 0, 1] 
 [0, 0, 0, 0, 1] 
 0.9842931937172775 

FourValues
 4 
 [0, 0, 0, 1, 0] 
 [0, 0, 0, 1, 0] 
 0.9540636042402827 

FourValues
 4 
 [0, 0, 1, 0, 0] 
 [0, 0, 1, 0, 0] 
 0.9622641509433962 

FourValues
 4 
 [0, 1, 0, 0, 0] 
 [0, 1, 0, 0, 0] 
 0.9878971255673222 

FourValues
 4 
 [0, 1, 1, 1, 1] 
 [1, 0, 0, 0, 0] 
 0.5151515151515151 

FourValues
 4 
 [1, 0, 0, 0, 0] 
 [1, 0, 0, 0, 0] 
 0.9781144781144782 

FourValues
 4 
 [1, 0, 1, 1, 1] 
 [0, 1, 0, 0, 0] 
 0.44175491679273826 

FourValues
 4 
 [1, 1, 0, 1, 1] 
 [0, 0, 1, 0, 0] 
 0.3653516295025729 

FourValues
 4 
 [1, 1, 1, 0, 1] 
 [0, 0, 0, 1, 0] 
 0.29328621908127206 

FourValues
 4 
 [1, 1, 1, 1, 0] 
 [0, 0, 0, 0, 1] 
 0.4432809773123909 

FourValues
 4 
 [1, 1, 1, 1, 1] 
 [0, 0, 0, 0, 1] 
 0.6561954624781849 

FourValues
 4 
 [1, 1, 1, 1, 1] 
 [0, 0, 0, 1, 0] 
 0.7190812720848057 

FourValues
 4 
 [1, 1, 1, 1, 1] 
 [0, 0, 1, 0, 0] 
 0.79073756432247 

FourValues
 4 
 [1, 1, 1, 1, 1] 
 [0, 1, 0, 0, 0] 
 0.8925869894099848 

FourValues
 4 
 [1, 1, 1, 1, 1] 
 [1, 0, 0, 0, 0] 
 0.7323232323232324 

DataShapley
 5 
 [2] 
 [1, 1, 1, 1, 1] 
 0.3140745717164931 

DataShapley
 5 
 [2, 4] 
 [1, 1, 1, 1, 1] 
 0.47262344642257303 

DataShapley
 5 
 [2, 4, 1] 
 [1, 1, 1, 1, 1] 
 0.5871682902250588 

DataShapley
 5 
 [2, 4, 1, 3] 
 [1, 1, 1, 1, 1] 
 0.7342962714141753 

DataShapley
 5 
 [2, 4, 1, 3, 0] 
 [1, 1, 1, 1, 1] 
 0.8014779979845482 

FourValues
 5 
 [0, 0, 0, 0, 1] 
 [0, 0, 0, 0, 1] 
 0.9825479930191972 

FourValues
 5 
 [0, 0, 0, 1, 0] 
 [0, 0, 0, 1, 0] 
 0.9522968197879859 

FourValues
 5 
 [0, 0, 1, 0, 0] 
 [0, 0, 1, 0, 0] 
 0.9691252144082333 

FourValues
 5 
 [0, 1, 0, 0, 0] 
 [0, 1, 0, 0, 0] 
 0.989409984871407 

FourValues
 5 
 [0, 1, 1, 1, 1] 
 [1, 0, 0, 0, 0] 
 0.5353535353535354 

FourValues
 5 
 [1, 0, 0, 0, 0] 
 [1, 0, 0, 0, 0] 
 0.9865319865319865 

FourValues
 5 
 [1, 0, 1, 1, 1] 
 [0, 1, 0, 0, 0] 
 0.5597579425113465 

FourValues
 5 
 [1, 1, 0, 1, 1] 
 [0, 0, 1, 0, 0] 
 0.38078902229845624 

FourValues
 5 
 [1, 1, 1, 0, 1] 
 [0, 0, 0, 1, 0] 
 0.41872791519434627 

FourValues
 5 
 [1, 1, 1, 1, 0] 
 [0, 0, 0, 0, 1] 
 0.45549738219895286 

FourValues
 5 
 [1, 1, 1, 1, 1] 
 [0, 0, 0, 0, 1] 
 0.6666666666666666 

FourValues
 5 
 [1, 1, 1, 1, 1] 
 [0, 0, 0, 1, 0] 
 0.7791519434628975 

FourValues
 5 
 [1, 1, 1, 1, 1] 
 [0, 0, 1, 0, 0] 
 0.8353344768439108 

FourValues
 5 
 [1, 1, 1, 1, 1] 
 [0, 1, 0, 0, 0] 
 0.9077155824508321 

FourValues
 5 
 [1, 1, 1, 1, 1] 
 [1, 0, 0, 0, 0] 
 0.8013468013468014 

DataShapley
 6 
 [0] 
 [1, 1, 1, 1, 1] 
 0.3083641249580114 

DataShapley
 6 
 [0, 2] 
 [1, 1, 1, 1, 1] 
 0.6388982196842459 

DataShapley
 6 
 [0, 2, 1] 
 [1, 1, 1, 1, 1] 
 0.6540141081625798 

DataShapley
 6 
 [0, 2, 1, 3] 
 [1, 1, 1, 1, 1] 
 0.7883775613033255 

DataShapley
 6 
 [0, 2, 1, 3, 4] 
 [1, 1, 1, 1, 1] 
 0.8253275109170306 

FourValues
 6 
 [0, 0, 0, 0, 1] 
 [0, 0, 0, 0, 1] 
 0.9842931937172775 

FourValues
 6 
 [0, 0, 0, 1, 0] 
 [0, 0, 0, 1, 0] 
 0.9593639575971732 

FourValues
 6 
 [0, 0, 1, 0, 0] 
 [0, 0, 1, 0, 0] 
 0.9725557461406518 

FourValues
 6 
 [0, 1, 0, 0, 0] 
 [0, 1, 0, 0, 0] 
 0.9939485627836612 

FourValues
 6 
 [0, 1, 1, 1, 1] 
 [1, 0, 0, 0, 0] 
 0.5151515151515151 

FourValues
 6 
 [1, 0, 0, 0, 0] 
 [1, 0, 0, 0, 0] 
 0.9579124579124579 

FourValues
 6 
 [1, 0, 1, 1, 1] 
 [0, 1, 0, 0, 0] 
 0.6338880484114977 

FourValues
 6 
 [1, 1, 0, 1, 1] 
 [0, 0, 1, 0, 0] 
 0.48198970840480276 

FourValues
 6 
 [1, 1, 1, 0, 1] 
 [0, 0, 0, 1, 0] 
 0.38162544169611307 

FourValues
 6 
 [1, 1, 1, 1, 0] 
 [0, 0, 0, 0, 1] 
 0.47643979057591623 

FourValues
 6 
 [1, 1, 1, 1, 1] 
 [0, 0, 0, 0, 1] 
 0.7923211169284468 

FourValues
 6 
 [1, 1, 1, 1, 1] 
 [0, 0, 0, 1, 0] 
 0.7208480565371025 

FourValues
 6 
 [1, 1, 1, 1, 1] 
 [0, 0, 1, 0, 0] 
 0.8336192109777015 

FourValues
 6 
 [1, 1, 1, 1, 1] 
 [0, 1, 0, 0, 0] 
 0.9349470499243571 

FourValues
 6 
 [1, 1, 1, 1, 1] 
 [1, 0, 0, 0, 0] 
 0.8265993265993266 

DataShapley
 7 
 [2] 
 [1, 1, 1, 1, 1] 
 0.3140745717164931 

DataShapley
 7 
 [2, 3] 
 [1, 1, 1, 1, 1] 
 0.6926436009405442 

DataShapley
 7 
 [2, 3, 4] 
 [1, 1, 1, 1, 1] 
 0.6318441383943567 

DataShapley
 7 
 [2, 3, 4, 0] 
 [1, 1, 1, 1, 1] 
 0.809539805172993 

DataShapley
 7 
 [2, 3, 4, 0, 1] 
 [1, 1, 1, 1, 1] 
 0.8377561303325496 

FourValues
 7 
 [0, 0, 0, 0, 1] 
 [0, 0, 0, 0, 1] 
 0.9825479930191972 

FourValues
 7 
 [0, 0, 0, 1, 0] 
 [0, 0, 0, 1, 0] 
 0.9611307420494699 

FourValues
 7 
 [0, 0, 1, 0, 0] 
 [0, 0, 1, 0, 0] 
 0.9742710120068611 

FourValues
 7 
 [0, 1, 0, 0, 0] 
 [0, 1, 0, 0, 0] 
 0.9878971255673222 

FourValues
 7 
 [0, 1, 1, 1, 1] 
 [1, 0, 0, 0, 0] 
 0.5656565656565656 

FourValues
 7 
 [1, 0, 0, 0, 0] 
 [1, 0, 0, 0, 0] 
 0.9764309764309764 

FourValues
 7 
 [1, 0, 1, 1, 1] 
 [0, 1, 0, 0, 0] 
 0.6898638426626323 

FourValues
 7 
 [1, 1, 0, 1, 1] 
 [0, 0, 1, 0, 0] 
 0.5077186963979416 

FourValues
 7 
 [1, 1, 1, 0, 1] 
 [0, 0, 0, 1, 0] 
 0.40636042402826855 

FourValues
 7 
 [1, 1, 1, 1, 0] 
 [0, 0, 0, 0, 1] 
 0.4973821989528796 

FourValues
 7 
 [1, 1, 1, 1, 1] 
 [0, 0, 0, 0, 1] 
 0.7609075043630017 

FourValues
 7 
 [1, 1, 1, 1, 1] 
 [0, 0, 0, 1, 0] 
 0.7544169611307421 

FourValues
 7 
 [1, 1, 1, 1, 1] 
 [0, 0, 1, 0, 0] 
 0.8576329331046312 

FourValues
 7 
 [1, 1, 1, 1, 1] 
 [0, 1, 0, 0, 0] 
 0.9304084720121029 

FourValues
 7 
 [1, 1, 1, 1, 1] 
 [1, 0, 0, 0, 0] 
 0.8686868686868687 

DataShapley
 8 
 [2] 
 [1, 1, 1, 1, 1] 
 0.3170977494121599 

DataShapley
 8 
 [2, 4] 
 [1, 1, 1, 1, 1] 
 0.4958011420893517 

DataShapley
 8 
 [2, 4, 1] 
 [1, 1, 1, 1, 1] 
 0.6180718844474303 

DataShapley
 8 
 [2, 4, 1, 0] 
 [1, 1, 1, 1, 1] 
 0.7635203224722875 

DataShapley
 8 
 [2, 4, 1, 0, 3] 
 [1, 1, 1, 1, 1] 
 0.863957003694995 

FourValues
 8 
 [0, 0, 0, 0, 1] 
 [0, 0, 0, 0, 1] 
 0.9842931937172775 

FourValues
 8 
 [0, 0, 0, 1, 0] 
 [0, 0, 0, 1, 0] 
 0.9487632508833922 

FourValues
 8 
 [0, 0, 1, 0, 0] 
 [0, 0, 1, 0, 0] 
 0.9759862778730704 

FourValues
 8 
 [0, 1, 0, 0, 0] 
 [0, 1, 0, 0, 0] 
 0.989409984871407 

FourValues
 8 
 [0, 1, 1, 1, 1] 
 [1, 0, 0, 0, 0] 
 0.6262626262626263 

FourValues
 8 
 [1, 0, 0, 0, 0] 
 [1, 0, 0, 0, 0] 
 0.9764309764309764 

FourValues
 8 
 [1, 0, 1, 1, 1] 
 [0, 1, 0, 0, 0] 
 0.7549167927382754 

FourValues
 8 
 [1, 1, 0, 1, 1] 
 [0, 0, 1, 0, 0] 
 0.5557461406518011 

FourValues
 8 
 [1, 1, 1, 0, 1] 
 [0, 0, 0, 1, 0] 
 0.3957597173144876 

FourValues
 8 
 [1, 1, 1, 1, 0] 
 [0, 0, 0, 0, 1] 
 0.506108202443281 

FourValues
 8 
 [1, 1, 1, 1, 1] 
 [0, 0, 0, 0, 1] 
 0.8289703315881326 

FourValues
 8 
 [1, 1, 1, 1, 1] 
 [0, 0, 0, 1, 0] 
 0.7685512367491166 

FourValues
 8 
 [1, 1, 1, 1, 1] 
 [0, 0, 1, 0, 0] 
 0.8713550600343053 

FourValues
 8 
 [1, 1, 1, 1, 1] 
 [0, 1, 0, 0, 0] 
 0.9440242057488654 

FourValues
 8 
 [1, 1, 1, 1, 1] 
 [1, 0, 0, 0, 0] 
 0.8922558922558923 

DataShapley
 9 
 [2] 
 [1, 1, 1, 1, 1] 
 0.3174336580450118 

DataShapley
 9 
 [2, 4] 
 [1, 1, 1, 1, 1] 
 0.5112529392005375 

DataShapley
 9 
 [2, 4, 3] 
 [1, 1, 1, 1, 1] 
 0.6990258649647296 

DataShapley
 9 
 [2, 4, 3, 0] 
 [1, 1, 1, 1, 1] 
 0.8394356734968089 

DataShapley
 9 
 [2, 4, 3, 0, 1] 
 [1, 1, 1, 1, 1] 
 0.8693315418206248 

FourValues
 9 
 [0, 0, 0, 0, 1] 
 [0, 0, 0, 0, 1] 
 0.9912739965095986 

FourValues
 9 
 [0, 0, 0, 1, 0] 
 [0, 0, 0, 1, 0] 
 0.9540636042402827 

FourValues
 9 
 [0, 0, 1, 0, 0] 
 [0, 0, 1, 0, 0] 
 0.9777015437392796 

FourValues
 9 
 [0, 1, 0, 0, 0] 
 [0, 1, 0, 0, 0] 
 0.9909228441754917 

FourValues
 9 
 [0, 1, 1, 1, 1] 
 [1, 0, 0, 0, 0] 
 0.6498316498316499 

FourValues
 9 
 [1, 0, 0, 0, 0] 
 [1, 0, 0, 0, 0] 
 0.9797979797979798 

FourValues
 9 
 [1, 0, 1, 1, 1] 
 [0, 1, 0, 0, 0] 
 0.7034795763993948 

FourValues
 9 
 [1, 1, 0, 1, 1] 
 [0, 0, 1, 0, 0] 
 0.5746140651801029 

FourValues
 9 
 [1, 1, 1, 0, 1] 
 [0, 0, 0, 1, 0] 
 0.5 

FourValues
 9 
 [1, 1, 1, 1, 0] 
 [0, 0, 0, 0, 1] 
 0.5200698080279232 

FourValues
 9 
 [1, 1, 1, 1, 1] 
 [0, 0, 0, 0, 1] 
 0.7731239092495636 

FourValues
 9 
 [1, 1, 1, 1, 1] 
 [0, 0, 0, 1, 0] 
 0.8321554770318021 

FourValues
 9 
 [1, 1, 1, 1, 1] 
 [0, 0, 1, 0, 0] 
 0.888507718696398 

FourValues
 9 
 [1, 1, 1, 1, 1] 
 [0, 1, 0, 0, 0] 
 0.9334341906202723 

FourValues
 9 
 [1, 1, 1, 1, 1] 
 [1, 0, 0, 0, 0] 
 0.9074074074074074 

DataShapley
 10 
 [4] 
 [1, 1, 1, 1, 1] 
 0.3332213637890494 

DataShapley
 10 
 [4, 2] 
 [1, 1, 1, 1, 1] 
 0.5280483708431307 

DataShapley
 10 
 [4, 2, 1] 
 [1, 1, 1, 1, 1] 
 0.6896204232448774 

DataShapley
 10 
 [4, 2, 1, 3] 
 [1, 1, 1, 1, 1] 
 0.8320456835740678 

DataShapley
 10 
 [4, 2, 1, 3, 0] 
 [1, 1, 1, 1, 1] 
 0.8857910648303662 

FourValues
 10 
 [0, 0, 0, 0, 1] 
 [0, 0, 0, 0, 1] 
 0.9842931937172775 

FourValues
 10 
 [0, 0, 0, 1, 0] 
 [0, 0, 0, 1, 0] 
 0.9558303886925795 

FourValues
 10 
 [0, 0, 1, 0, 0] 
 [0, 0, 1, 0, 0] 
 0.9759862778730704 

FourValues
 10 
 [0, 1, 0, 0, 0] 
 [0, 1, 0, 0, 0] 
 0.9878971255673222 

FourValues
 10 
 [0, 1, 1, 1, 1] 
 [1, 0, 0, 0, 0] 
 0.6666666666666666 

FourValues
 10 
 [1, 0, 0, 0, 0] 
 [1, 0, 0, 0, 0] 
 0.9730639730639731 

FourValues
 10 
 [1, 0, 1, 1, 1] 
 [0, 1, 0, 0, 0] 
 0.7276853252647504 

FourValues
 10 
 [1, 1, 0, 1, 1] 
 [0, 0, 1, 0, 0] 
 0.5300171526586621 

FourValues
 10 
 [1, 1, 1, 0, 1] 
 [0, 0, 0, 1, 0] 
 0.519434628975265 

FourValues
 10 
 [1, 1, 1, 1, 0] 
 [0, 0, 0, 0, 1] 
 0.537521815008726 

FourValues
 10 
 [1, 1, 1, 1, 1] 
 [0, 0, 0, 0, 1] 
 0.8848167539267016 

FourValues
 10 
 [1, 1, 1, 1, 1] 
 [0, 0, 0, 1, 0] 
 0.8250883392226148 

FourValues
 10 
 [1, 1, 1, 1, 1] 
 [0, 0, 1, 0, 0] 
 0.8730703259005146 

FourValues
 10 
 [1, 1, 1, 1, 1] 
 [0, 1, 0, 0, 0] 
 0.9319213313161876 

FourValues
 10 
 [1, 1, 1, 1, 1] 
 [1, 0, 0, 0, 0] 
 0.9057239057239057 

DataShapley
 11 
 [2] 
 [1, 1, 1, 1, 1] 
 0.31541820624790057 

DataShapley
 11 
 [2, 3] 
 [1, 1, 1, 1, 1] 
 0.7460530735639906 

DataShapley
 11 
 [2, 3, 4] 
 [1, 1, 1, 1, 1] 
 0.7067517635203224 

DataShapley
 11 
 [2, 3, 4, 1] 
 [1, 1, 1, 1, 1] 
 0.8303661404098085 

DataShapley
 11 
 [2, 3, 4, 1, 0] 
 [1, 1, 1, 1, 1] 
 0.8884783338931811 

FourValues
 11 
 [0, 0, 0, 0, 1] 
 [0, 0, 0, 0, 1] 
 0.9842931937172775 

FourValues
 11 
 [0, 0, 0, 1, 0] 
 [0, 0, 0, 1, 0] 
 0.9575971731448764 

FourValues
 11 
 [0, 0, 1, 0, 0] 
 [0, 0, 1, 0, 0] 
 0.9725557461406518 

FourValues
 11 
 [0, 1, 0, 0, 0] 
 [0, 1, 0, 0, 0] 
 0.989409984871407 

FourValues
 11 
 [0, 1, 1, 1, 1] 
 [1, 0, 0, 0, 0] 
 0.6750841750841751 

FourValues
 11 
 [1, 0, 0, 0, 0] 
 [1, 0, 0, 0, 0] 
 0.9932659932659933 

FourValues
 11 
 [1, 0, 1, 1, 1] 
 [0, 1, 0, 0, 0] 
 0.7397881996974282 

FourValues
 11 
 [1, 1, 0, 1, 1] 
 [0, 0, 1, 0, 0] 
 0.6243567753001715 

FourValues
 11 
 [1, 1, 1, 0, 1] 
 [0, 0, 0, 1, 0] 
 0.5212014134275619 

FourValues
 11 
 [1, 1, 1, 1, 0] 
 [0, 0, 0, 0, 1] 
 0.568935427574171 

FourValues
 11 
 [1, 1, 1, 1, 1] 
 [0, 0, 0, 0, 1] 
 0.8778359511343804 

FourValues
 11 
 [1, 1, 1, 1, 1] 
 [0, 0, 0, 1, 0] 
 0.8109540636042403 

FourValues
 11 
 [1, 1, 1, 1, 1] 
 [0, 0, 1, 0, 0] 
 0.8867924528301887 

FourValues
 11 
 [1, 1, 1, 1, 1] 
 [0, 1, 0, 0, 0] 
 0.9394856278366112 

FourValues
 11 
 [1, 1, 1, 1, 1] 
 [1, 0, 0, 0, 0] 
 0.9175084175084175 

DataShapley
 12 
 [3] 
 [1, 1, 1, 1, 1] 
 0.39973127309371853 

DataShapley
 12 
 [3, 0] 
 [1, 1, 1, 1, 1] 
 0.5492106147127981 

DataShapley
 12 
 [3, 0, 2] 
 [1, 1, 1, 1, 1] 
 0.8411152166610681 

DataShapley
 12 
 [3, 0, 2, 1] 
 [1, 1, 1, 1, 1] 
 0.8377561303325496 

DataShapley
 12 
 [3, 0, 2, 1, 4] 
 [1, 1, 1, 1, 1] 
 0.8888142425260329 

FourValues
 12 
 [0, 0, 0, 0, 1] 
 [0, 0, 0, 0, 1] 
 0.9860383944153578 

FourValues
 12 
 [0, 0, 0, 1, 0] 
 [0, 0, 0, 1, 0] 
 0.9628975265017667 

FourValues
 12 
 [0, 0, 1, 0, 0] 
 [0, 0, 1, 0, 0] 
 0.9811320754716981 

FourValues
 12 
 [0, 1, 0, 0, 0] 
 [0, 1, 0, 0, 0] 
 0.9939485627836612 

FourValues
 12 
 [0, 1, 1, 1, 1] 
 [1, 0, 0, 0, 0] 
 0.7121212121212122 

FourValues
 12 
 [1, 0, 0, 0, 0] 
 [1, 0, 0, 0, 0] 
 0.9882154882154882 

FourValues
 12 
 [1, 0, 1, 1, 1] 
 [0, 1, 0, 0, 0] 
 0.7639939485627837 

FourValues
 12 
 [1, 1, 0, 1, 1] 
 [0, 0, 1, 0, 0] 
 0.5917667238421955 

FourValues
 12 
 [1, 1, 1, 0, 1] 
 [0, 0, 0, 1, 0] 
 0.519434628975265 

FourValues
 12 
 [1, 1, 1, 1, 0] 
 [0, 0, 0, 0, 1] 
 0.5392670157068062 

FourValues
 12 
 [1, 1, 1, 1, 1] 
 [0, 0, 0, 0, 1] 
 0.8534031413612565 

FourValues
 12 
 [1, 1, 1, 1, 1] 
 [0, 0, 0, 1, 0] 
 0.8250883392226148 

FourValues
 12 
 [1, 1, 1, 1, 1] 
 [0, 0, 1, 0, 0] 
 0.8799313893653516 

FourValues
 12 
 [1, 1, 1, 1, 1] 
 [0, 1, 0, 0, 0] 
 0.9485627836611196 

FourValues
 12 
 [1, 1, 1, 1, 1] 
 [1, 0, 0, 0, 0] 
 0.9259259259259259 

DataShapley
 13 
 [2] 
 [1, 1, 1, 1, 1] 
 0.349009069533087 

DataShapley
 13 
 [2, 1] 
 [1, 1, 1, 1, 1] 
 0.5787705744037622 

DataShapley
 13 
 [2, 1, 4] 
 [1, 1, 1, 1, 1] 
 0.6949949613705072 

DataShapley
 13 
 [2, 1, 4, 3] 
 [1, 1, 1, 1, 1] 
 0.8532079274437353 

DataShapley
 13 
 [2, 1, 4, 3, 0] 
 [1, 1, 1, 1, 1] 
 0.8975478669801814 

FourValues
 13 
 [0, 0, 0, 0, 1] 
 [0, 0, 0, 0, 1] 
 0.9912739965095986 

FourValues
 13 
 [0, 0, 0, 1, 0] 
 [0, 0, 0, 1, 0] 
 0.950530035335689 

FourValues
 13 
 [0, 0, 1, 0, 0] 
 [0, 0, 1, 0, 0] 
 0.9811320754716981 

FourValues
 13 
 [0, 1, 0, 0, 0] 
 [0, 1, 0, 0, 0] 
 0.9924357034795764 

FourValues
 13 
 [0, 1, 1, 1, 1] 
 [1, 0, 0, 0, 0] 
 0.7070707070707071 

FourValues
 13 
 [1, 0, 0, 0, 0] 
 [1, 0, 0, 0, 0] 
 0.9865319865319865 

FourValues
 13 
 [1, 0, 1, 1, 1] 
 [0, 1, 0, 0, 0] 
 0.7851739788199698 

FourValues
 13 
 [1, 1, 0, 1, 1] 
 [0, 0, 1, 0, 0] 
 0.6003430531732419 

FourValues
 13 
 [1, 1, 1, 0, 1] 
 [0, 0, 0, 1, 0] 
 0.5300353356890459 

FourValues
 13 
 [1, 1, 1, 1, 0] 
 [0, 0, 0, 0, 1] 
 0.5497382198952879 

FourValues
 13 
 [1, 1, 1, 1, 1] 
 [0, 0, 0, 0, 1] 
 0.8743455497382199 

FourValues
 13 
 [1, 1, 1, 1, 1] 
 [0, 0, 0, 1, 0] 
 0.8286219081272085 

FourValues
 13 
 [1, 1, 1, 1, 1] 
 [0, 0, 1, 0, 0] 
 0.8987993138936535 

FourValues
 13 
 [1, 1, 1, 1, 1] 
 [0, 1, 0, 0, 0] 
 0.9500756429652042 

FourValues
 13 
 [1, 1, 1, 1, 1] 
 [1, 0, 0, 0, 0] 
 0.9259259259259259 

DataShapley
 14 
 [3] 
 [1, 1, 1, 1, 1] 
 0.4128317097749412 

DataShapley
 14 
 [3, 4] 
 [1, 1, 1, 1, 1] 
 0.6543500167954316 

DataShapley
 14 
 [3, 4, 2] 
 [1, 1, 1, 1, 1] 
 0.7349680886798791 

DataShapley
 14 
 [3, 4, 2, 0] 
 [1, 1, 1, 1, 1] 
 0.8747060799462546 

DataShapley
 14 
 [3, 4, 2, 0, 1] 
 [1, 1, 1, 1, 1] 
 0.8837756130332549 

FourValues
 14 
 [0, 0, 0, 0, 1] 
 [0, 0, 0, 0, 1] 
 0.9912739965095986 

FourValues
 14 
 [0, 0, 0, 1, 0] 
 [0, 0, 0, 1, 0] 
 0.9275618374558304 

FourValues
 14 
 [0, 0, 1, 0, 0] 
 [0, 0, 1, 0, 0] 
 0.9794168096054888 

FourValues
 14 
 [0, 1, 0, 0, 0] 
 [0, 1, 0, 0, 0] 
 0.989409984871407 

FourValues
 14 
 [0, 1, 1, 1, 1] 
 [1, 0, 0, 0, 0] 
 0.7070707070707071 

FourValues
 14 
 [1, 0, 0, 0, 0] 
 [1, 0, 0, 0, 0] 
 0.9579124579124579 

FourValues
 14 
 [1, 0, 1, 1, 1] 
 [0, 1, 0, 0, 0] 
 0.8411497730711044 

FourValues
 14 
 [1, 1, 0, 1, 1] 
 [0, 0, 1, 0, 0] 
 0.6243567753001715 

FourValues
 14 
 [1, 1, 1, 0, 1] 
 [0, 0, 0, 1, 0] 
 0.5070671378091873 

FourValues
 14 
 [1, 1, 1, 1, 0] 
 [0, 0, 0, 0, 1] 
 0.5619546247818499 

FourValues
 14 
 [1, 1, 1, 1, 1] 
 [0, 0, 0, 0, 1] 
 0.8254799301919721 

FourValues
 14 
 [1, 1, 1, 1, 1] 
 [0, 0, 0, 1, 0] 
 0.823321554770318 

FourValues
 14 
 [1, 1, 1, 1, 1] 
 [0, 0, 1, 0, 0] 
 0.8902229845626072 

FourValues
 14 
 [1, 1, 1, 1, 1] 
 [0, 1, 0, 0, 0] 
 0.9515885022692889 

FourValues
 14 
 [1, 1, 1, 1, 1] 
 [1, 0, 0, 0, 0] 
 0.9158249158249159 

DataShapley
 15 
 [4] 
 [1, 1, 1, 1, 1] 
 0.40510581121934836 

DataShapley
 15 
 [4, 3] 
 [1, 1, 1, 1, 1] 
 0.6771918038293584 

DataShapley
 15 
 [4, 3, 0] 
 [1, 1, 1, 1, 1] 
 0.7349680886798791 

DataShapley
 15 
 [4, 3, 0, 2] 
 [1, 1, 1, 1, 1] 
 0.8753778972119584 

DataShapley
 15 
 [4, 3, 0, 2, 1] 
 [1, 1, 1, 1, 1] 
 0.903258313738663 

FourValues
 15 
 [0, 0, 0, 0, 1] 
 [0, 0, 0, 0, 1] 
 0.9860383944153578 

FourValues
 15 
 [0, 0, 0, 1, 0] 
 [0, 0, 0, 1, 0] 
 0.9664310954063604 

FourValues
 15 
 [0, 0, 1, 0, 0] 
 [0, 0, 1, 0, 0] 
 0.9794168096054888 

FourValues
 15 
 [0, 1, 0, 0, 0] 
 [0, 1, 0, 0, 0] 
 0.9939485627836612 

FourValues
 15 
 [0, 1, 1, 1, 1] 
 [1, 0, 0, 0, 0] 
 0.7693602693602694 

FourValues
 15 
 [1, 0, 0, 0, 0] 
 [1, 0, 0, 0, 0] 
 0.9797979797979798 

FourValues
 15 
 [1, 0, 1, 1, 1] 
 [0, 1, 0, 0, 0] 
 0.8078668683812406 

FourValues
 15 
 [1, 1, 0, 1, 1] 
 [0, 0, 1, 0, 0] 
 0.6535162950257289 

FourValues
 15 
 [1, 1, 1, 0, 1] 
 [0, 0, 0, 1, 0] 
 0.5282685512367491 

FourValues
 15 
 [1, 1, 1, 1, 0] 
 [0, 0, 0, 0, 1] 
 0.5636998254799301 

FourValues
 15 
 [1, 1, 1, 1, 1] 
 [0, 0, 0, 0, 1] 
 0.9022687609075044 

FourValues
 15 
 [1, 1, 1, 1, 1] 
 [0, 0, 0, 1, 0] 
 0.8127208480565371 

FourValues
 15 
 [1, 1, 1, 1, 1] 
 [0, 0, 1, 0, 0] 
 0.9005145797598628 

FourValues
 15 
 [1, 1, 1, 1, 1] 
 [0, 1, 0, 0, 0] 
 0.9515885022692889 

FourValues
 15 
 [1, 1, 1, 1, 1] 
 [1, 0, 0, 0, 0] 
 0.9393939393939394 

DataShapley
 16 
 [1] 
 [1, 1, 1, 1, 1] 
 0.5159556600604636 

DataShapley
 16 
 [1, 4] 
 [1, 1, 1, 1, 1] 
 0.7823312059119919 

DataShapley
 16 
 [1, 4, 0] 
 [1, 1, 1, 1, 1] 
 0.8585824655693651 

DataShapley
 16 
 [1, 4, 0, 3] 
 [1, 1, 1, 1, 1] 
 0.8653006382264025 

DataShapley
 16 
 [1, 4, 0, 3, 2] 
 [1, 1, 1, 1, 1] 
 0.893516963385959 

FourValues
 16 
 [0, 0, 0, 0, 1] 
 [0, 0, 0, 0, 1] 
 0.9912739965095986 

FourValues
 16 
 [0, 0, 0, 1, 0] 
 [0, 0, 0, 1, 0] 
 0.9611307420494699 

FourValues
 16 
 [0, 0, 1, 0, 0] 
 [0, 0, 1, 0, 0] 
 0.9742710120068611 

FourValues
 16 
 [0, 1, 0, 0, 0] 
 [0, 1, 0, 0, 0] 
 0.9924357034795764 

FourValues
 16 
 [0, 1, 1, 1, 1] 
 [1, 0, 0, 0, 0] 
 0.7592592592592593 

FourValues
 16 
 [1, 0, 0, 0, 0] 
 [1, 0, 0, 0, 0] 
 0.9831649831649831 

FourValues
 16 
 [1, 0, 1, 1, 1] 
 [0, 1, 0, 0, 0] 
 0.8184568835098336 

FourValues
 16 
 [1, 1, 0, 1, 1] 
 [0, 0, 1, 0, 0] 
 0.6346483704974271 

FourValues
 16 
 [1, 1, 1, 0, 1] 
 [0, 0, 0, 1, 0] 
 0.519434628975265 

FourValues
 16 
 [1, 1, 1, 1, 0] 
 [0, 0, 0, 0, 1] 
 0.5287958115183246 

FourValues
 16 
 [1, 1, 1, 1, 1] 
 [0, 0, 0, 0, 1] 
 0.8237347294938918 

FourValues
 16 
 [1, 1, 1, 1, 1] 
 [0, 0, 0, 1, 0] 
 0.8356890459363958 

FourValues
 16 
 [1, 1, 1, 1, 1] 
 [0, 0, 1, 0, 0] 
 0.902229845626072 

FourValues
 16 
 [1, 1, 1, 1, 1] 
 [0, 1, 0, 0, 0] 
 0.9546142208774584 

FourValues
 16 
 [1, 1, 1, 1, 1] 
 [1, 0, 0, 0, 0] 
 0.9393939393939394 

DataShapley
 17 
 [3] 
 [1, 1, 1, 1, 1] 
 0.4339939536446087 

DataShapley
 17 
 [3, 0] 
 [1, 1, 1, 1, 1] 
 0.579106483036614 

DataShapley
 17 
 [3, 0, 4] 
 [1, 1, 1, 1, 1] 
 0.7433658045011757 

DataShapley
 17 
 [3, 0, 4, 2] 
 [1, 1, 1, 1, 1] 
 0.8965401410816258 

DataShapley
 17 
 [3, 0, 4, 2, 1] 
 [1, 1, 1, 1, 1] 
 0.9072892173328855 

FourValues
 17 
 [0, 0, 0, 0, 1] 
 [0, 0, 0, 0, 1] 
 0.9947643979057592 

FourValues
 17 
 [0, 0, 0, 1, 0] 
 [0, 0, 0, 1, 0] 
 0.9522968197879859 

FourValues
 17 
 [0, 0, 1, 0, 0] 
 [0, 0, 1, 0, 0] 
 0.9828473413379074 

FourValues
 17 
 [0, 1, 0, 0, 0] 
 [0, 1, 0, 0, 0] 
 0.989409984871407 

FourValues
 17 
 [0, 1, 1, 1, 1] 
 [1, 0, 0, 0, 0] 
 0.8265993265993266 

FourValues
 17 
 [1, 0, 0, 0, 0] 
 [1, 0, 0, 0, 0] 
 0.9882154882154882 

FourValues
 17 
 [1, 0, 1, 1, 1] 
 [0, 1, 0, 0, 0] 
 0.8290468986384266 

FourValues
 17 
 [1, 1, 0, 1, 1] 
 [0, 0, 1, 0, 0] 
 0.6329331046312179 

FourValues
 17 
 [1, 1, 1, 0, 1] 
 [0, 0, 0, 1, 0] 
 0.5318021201413428 

FourValues
 17 
 [1, 1, 1, 1, 0] 
 [0, 0, 0, 0, 1] 
 0.5584642233856894 

FourValues
 17 
 [1, 1, 1, 1, 1] 
 [0, 0, 0, 0, 1] 
 0.8673647469458988 

FourValues
 17 
 [1, 1, 1, 1, 1] 
 [0, 0, 0, 1, 0] 
 0.8568904593639576 

FourValues
 17 
 [1, 1, 1, 1, 1] 
 [0, 0, 1, 0, 0] 
 0.8936535162950258 

FourValues
 17 
 [1, 1, 1, 1, 1] 
 [0, 1, 0, 0, 0] 
 0.9606656580937972 

FourValues
 17 
 [1, 1, 1, 1, 1] 
 [1, 0, 0, 0, 0] 
 0.9478114478114478 

DataShapley
 18 
 [4] 
 [1, 1, 1, 1, 1] 
 0.47531071548538795 

DataShapley
 18 
 [4, 1] 
 [1, 1, 1, 1, 1] 
 0.755122606650991 

DataShapley
 18 
 [4, 1, 3] 
 [1, 1, 1, 1, 1] 
 0.8219684245885119 

DataShapley
 18 
 [4, 1, 3, 2] 
 [1, 1, 1, 1, 1] 
 0.8851192475646624 

DataShapley
 18 
 [4, 1, 3, 2, 0] 
 [1, 1, 1, 1, 1] 
 0.9264360094054417 

FourValues
 18 
 [0, 0, 0, 0, 1] 
 [0, 0, 0, 0, 1] 
 0.9895287958115183 

FourValues
 18 
 [0, 0, 0, 1, 0] 
 [0, 0, 0, 1, 0] 
 0.9699646643109541 

FourValues
 18 
 [0, 0, 1, 0, 0] 
 [0, 0, 1, 0, 0] 
 0.9811320754716981 

FourValues
 18 
 [0, 1, 0, 0, 0] 
 [0, 1, 0, 0, 0] 
 0.9863842662632375 

FourValues
 18 
 [0, 1, 1, 1, 1] 
 [1, 0, 0, 0, 0] 
 0.7878787878787878 

FourValues
 18 
 [1, 0, 0, 0, 0] 
 [1, 0, 0, 0, 0] 
 0.9915824915824916 

FourValues
 18 
 [1, 0, 1, 1, 1] 
 [0, 1, 0, 0, 0] 
 0.8472012102874432 

FourValues
 18 
 [1, 1, 0, 1, 1] 
 [0, 0, 1, 0, 0] 
 0.62778730703259 

FourValues
 18 
 [1, 1, 1, 0, 1] 
 [0, 0, 0, 1, 0] 
 0.607773851590106 

FourValues
 18 
 [1, 1, 1, 1, 0] 
 [0, 0, 0, 0, 1] 
 0.5951134380453752 

FourValues
 18 
 [1, 1, 1, 1, 1] 
 [0, 0, 0, 0, 1] 
 0.93717277486911 

FourValues
 18 
 [1, 1, 1, 1, 1] 
 [0, 0, 0, 1, 0] 
 0.8692579505300353 

FourValues
 18 
 [1, 1, 1, 1, 1] 
 [0, 0, 1, 0, 0] 
 0.9108061749571184 

FourValues
 18 
 [1, 1, 1, 1, 1] 
 [0, 1, 0, 0, 0] 
 0.9576399394856279 

FourValues
 18 
 [1, 1, 1, 1, 1] 
 [1, 0, 0, 0, 0] 
 0.9511784511784511 

DataShapley
 19 
 [1] 
 [1, 1, 1, 1, 1] 
 0.5337588176016124 

DataShapley
 19 
 [1, 2] 
 [1, 1, 1, 1, 1] 
 0.6217668794088008 

DataShapley
 19 
 [1, 2, 0] 
 [1, 1, 1, 1, 1] 
 0.7389989922741015 

DataShapley
 19 
 [1, 2, 0, 4] 
 [1, 1, 1, 1, 1] 
 0.8572388310379577 

DataShapley
 19 
 [1, 2, 0, 4, 3] 
 [1, 1, 1, 1, 1] 
 0.9170305676855895 

FourValues
 19 
 [0, 0, 0, 0, 1] 
 [0, 0, 0, 0, 1] 
 0.9895287958115183 

FourValues
 19 
 [0, 0, 0, 1, 0] 
 [0, 0, 0, 1, 0] 
 0.9646643109540636 

FourValues
 19 
 [0, 0, 1, 0, 0] 
 [0, 0, 1, 0, 0] 
 0.9759862778730704 

FourValues
 19 
 [0, 1, 0, 0, 0] 
 [0, 1, 0, 0, 0] 
 0.9939485627836612 

FourValues
 19 
 [0, 1, 1, 1, 1] 
 [1, 0, 0, 0, 0] 
 0.7676767676767676 

FourValues
 19 
 [1, 0, 0, 0, 0] 
 [1, 0, 0, 0, 0] 
 0.9848484848484849 

FourValues
 19 
 [1, 0, 1, 1, 1] 
 [0, 1, 0, 0, 0] 
 0.848714069591528 

FourValues
 19 
 [1, 1, 0, 1, 1] 
 [0, 0, 1, 0, 0] 
 0.692967409948542 

FourValues
 19 
 [1, 1, 1, 0, 1] 
 [0, 0, 0, 1, 0] 
 0.5971731448763251 

FourValues
 19 
 [1, 1, 1, 1, 0] 
 [0, 0, 0, 0, 1] 
 0.6038394415357766 

FourValues
 19 
 [1, 1, 1, 1, 1] 
 [0, 0, 0, 0, 1] 
 0.9040139616055847 

FourValues
 19 
 [1, 1, 1, 1, 1] 
 [0, 0, 0, 1, 0] 
 0.8604240282685512 

FourValues
 19 
 [1, 1, 1, 1, 1] 
 [0, 0, 1, 0, 0] 
 0.9108061749571184 

FourValues
 19 
 [1, 1, 1, 1, 1] 
 [0, 1, 0, 0, 0] 
 0.9591527987897126 

FourValues
 19 
 [1, 1, 1, 1, 1] 
 [1, 0, 0, 0, 0] 
 0.9427609427609428 

DataShapley
 20 
 [2] 
 [1, 1, 1, 1, 1] 
 0.3590863285186429 

DataShapley
 20 
 [2, 0] 
 [1, 1, 1, 1, 1] 
 0.7161572052401747 

DataShapley
 20 
 [2, 0, 1] 
 [1, 1, 1, 1, 1] 
 0.7262344642257306 

DataShapley
 20 
 [2, 0, 1, 4] 
 [1, 1, 1, 1, 1] 
 0.8542156533422909 

DataShapley
 20 
 [2, 0, 1, 4, 3] 
 [1, 1, 1, 1, 1] 
 0.9227410144440712 

FourValues
 20 
 [0, 0, 0, 0, 1] 
 [0, 0, 0, 0, 1] 
 0.9912739965095986 

FourValues
 20 
 [0, 0, 0, 1, 0] 
 [0, 0, 0, 1, 0] 
 0.9734982332155477 

FourValues
 20 
 [0, 0, 1, 0, 0] 
 [0, 0, 1, 0, 0] 
 0.9828473413379074 

FourValues
 20 
 [0, 1, 0, 0, 0] 
 [0, 1, 0, 0, 0] 
 0.989409984871407 

FourValues
 20 
 [0, 1, 1, 1, 1] 
 [1, 0, 0, 0, 0] 
 0.7811447811447811 

FourValues
 20 
 [1, 0, 0, 0, 0] 
 [1, 0, 0, 0, 0] 
 0.9882154882154882 

FourValues
 20 
 [1, 0, 1, 1, 1] 
 [0, 1, 0, 0, 0] 
 0.875945537065053 

FourValues
 20 
 [1, 1, 0, 1, 1] 
 [0, 0, 1, 0, 0] 
 0.7015437392795884 

FourValues
 20 
 [1, 1, 1, 0, 1] 
 [0, 0, 0, 1, 0] 
 0.5759717314487632 

FourValues
 20 
 [1, 1, 1, 1, 0] 
 [0, 0, 0, 0, 1] 
 0.568935427574171 

FourValues
 20 
 [1, 1, 1, 1, 1] 
 [0, 0, 0, 0, 1] 
 0.9144851657940664 

FourValues
 20 
 [1, 1, 1, 1, 1] 
 [0, 0, 0, 1, 0] 
 0.8586572438162544 

FourValues
 20 
 [1, 1, 1, 1, 1] 
 [0, 0, 1, 0, 0] 
 0.9159519725557461 

FourValues
 20 
 [1, 1, 1, 1, 1] 
 [0, 1, 0, 0, 0] 
 0.9652042360060514 

FourValues
 20 
 [1, 1, 1, 1, 1] 
 [1, 0, 0, 0, 0] 
 0.9511784511784511 

DataShapley
 21 
 [2] 
 [1, 1, 1, 1, 1] 
 0.33725226738327174 

DataShapley
 21 
 [2, 1] 
 [1, 1, 1, 1, 1] 
 0.6315082297615049 

DataShapley
 21 
 [2, 1, 0] 
 [1, 1, 1, 1, 1] 
 0.754786698018139 

DataShapley
 21 
 [2, 1, 0, 4] 
 [1, 1, 1, 1, 1] 
 0.8679879072892174 

DataShapley
 21 
 [2, 1, 0, 4, 3] 
 [1, 1, 1, 1, 1] 
 0.9261001007725899 

FourValues
 21 
 [0, 0, 0, 0, 1] 
 [0, 0, 0, 0, 1] 
 0.9912739965095986 

FourValues
 21 
 [0, 0, 0, 1, 0] 
 [0, 0, 0, 1, 0] 
 0.9611307420494699 

FourValues
 21 
 [0, 0, 1, 0, 0] 
 [0, 0, 1, 0, 0] 
 0.9777015437392796 

FourValues
 21 
 [0, 1, 0, 0, 0] 
 [0, 1, 0, 0, 0] 
 0.9909228441754917 

FourValues
 21 
 [0, 1, 1, 1, 1] 
 [1, 0, 0, 0, 0] 
 0.835016835016835 

FourValues
 21 
 [1, 0, 0, 0, 0] 
 [1, 0, 0, 0, 0] 
 0.9915824915824916 

FourValues
 21 
 [1, 0, 1, 1, 1] 
 [0, 1, 0, 0, 0] 
 0.8411497730711044 

FourValues
 21 
 [1, 1, 0, 1, 1] 
 [0, 0, 1, 0, 0] 
 0.6912521440823327 

FourValues
 21 
 [1, 1, 1, 0, 1] 
 [0, 0, 0, 1, 0] 
 0.6201413427561837 

FourValues
 21 
 [1, 1, 1, 1, 0] 
 [0, 0, 0, 0, 1] 
 0.6073298429319371 

FourValues
 21 
 [1, 1, 1, 1, 1] 
 [0, 0, 0, 0, 1] 
 0.9179755671902269 

FourValues
 21 
 [1, 1, 1, 1, 1] 
 [0, 0, 0, 1, 0] 
 0.8833922261484098 

FourValues
 21 
 [1, 1, 1, 1, 1] 
 [0, 0, 1, 0, 0] 
 0.9142367066895368 

FourValues
 21 
 [1, 1, 1, 1, 1] 
 [0, 1, 0, 0, 0] 
 0.9500756429652042 

FourValues
 21 
 [1, 1, 1, 1, 1] 
 [1, 0, 0, 0, 0] 
 0.9595959595959596 

DataShapley
 22 
 [3] 
 [1, 1, 1, 1, 1] 
 0.4732952636882768 

DataShapley
 22 
 [3, 2] 
 [1, 1, 1, 1, 1] 
 0.8448102116224387 

DataShapley
 22 
 [3, 2, 0] 
 [1, 1, 1, 1, 1] 
 0.8767215317433658 

DataShapley
 22 
 [3, 2, 0, 1] 
 [1, 1, 1, 1, 1] 
 0.878736983540477 

DataShapley
 22 
 [3, 2, 0, 1, 4] 
 [1, 1, 1, 1, 1] 
 0.9220691971783674 

FourValues
 22 
 [0, 0, 0, 0, 1] 
 [0, 0, 0, 0, 1] 
 0.9895287958115183 

FourValues
 22 
 [0, 0, 0, 1, 0] 
 [0, 0, 0, 1, 0] 
 0.9734982332155477 

FourValues
 22 
 [0, 0, 1, 0, 0] 
 [0, 0, 1, 0, 0] 
 0.9777015437392796 

FourValues
 22 
 [0, 1, 0, 0, 0] 
 [0, 1, 0, 0, 0] 
 0.9818456883509834 

FourValues
 22 
 [0, 1, 1, 1, 1] 
 [1, 0, 0, 0, 0] 
 0.8367003367003367 

FourValues
 22 
 [1, 0, 0, 0, 0] 
 [1, 0, 0, 0, 0] 
 0.9882154882154882 

FourValues
 22 
 [1, 0, 1, 1, 1] 
 [0, 1, 0, 0, 0] 
 0.8517397881996974 

FourValues
 22 
 [1, 1, 0, 1, 1] 
 [0, 0, 1, 0, 0] 
 0.6826758147512865 

FourValues
 22 
 [1, 1, 1, 0, 1] 
 [0, 0, 0, 1, 0] 
 0.607773851590106 

FourValues
 22 
 [1, 1, 1, 1, 0] 
 [0, 0, 0, 0, 1] 
 0.6369982547993019 

FourValues
 22 
 [1, 1, 1, 1, 1] 
 [0, 0, 0, 0, 1] 
 0.9162303664921466 

FourValues
 22 
 [1, 1, 1, 1, 1] 
 [0, 0, 0, 1, 0] 
 0.8639575971731449 

FourValues
 22 
 [1, 1, 1, 1, 1] 
 [0, 0, 1, 0, 0] 
 0.9176672384219554 

FourValues
 22 
 [1, 1, 1, 1, 1] 
 [0, 1, 0, 0, 0] 
 0.9515885022692889 

FourValues
 22 
 [1, 1, 1, 1, 1] 
 [1, 0, 0, 0, 0] 
 0.9545454545454546 

DataShapley
 23 
 [1] 
 [1, 1, 1, 1, 1] 
 0.4874034262680551 

DataShapley
 23 
 [1, 2] 
 [1, 1, 1, 1, 1] 
 0.6331877729257642 

DataShapley
 23 
 [1, 2, 0] 
 [1, 1, 1, 1, 1] 
 0.7628485052065838 

DataShapley
 23 
 [1, 2, 0, 4] 
 [1, 1, 1, 1, 1] 
 0.8834397044004031 

DataShapley
 23 
 [1, 2, 0, 4, 3] 
 [1, 1, 1, 1, 1] 
 0.9274437353039973 

FourValues
 23 
 [0, 0, 0, 0, 1] 
 [0, 0, 0, 0, 1] 
 0.9895287958115183 

FourValues
 23 
 [0, 0, 0, 1, 0] 
 [0, 0, 0, 1, 0] 
 0.9770318021201413 

FourValues
 23 
 [0, 0, 1, 0, 0] 
 [0, 0, 1, 0, 0] 
 0.9811320754716981 

FourValues
 23 
 [0, 1, 0, 0, 0] 
 [0, 1, 0, 0, 0] 
 0.9954614220877458 

FourValues
 23 
 [0, 1, 1, 1, 1] 
 [1, 0, 0, 0, 0] 
 0.8754208754208754 

FourValues
 23 
 [1, 0, 0, 0, 0] 
 [1, 0, 0, 0, 0] 
 0.9932659932659933 

FourValues
 23 
 [1, 0, 1, 1, 1] 
 [0, 1, 0, 0, 0] 
 0.81089258698941 

FourValues
 23 
 [1, 1, 0, 1, 1] 
 [0, 0, 1, 0, 0] 
 0.6861063464837049 

FourValues
 23 
 [1, 1, 1, 0, 1] 
 [0, 0, 0, 1, 0] 
 0.6519434628975265 

FourValues
 23 
 [1, 1, 1, 1, 0] 
 [0, 0, 0, 0, 1] 
 0.62478184991274 

FourValues
 23 
 [1, 1, 1, 1, 1] 
 [0, 0, 0, 0, 1] 
 0.9319371727748691 

FourValues
 23 
 [1, 1, 1, 1, 1] 
 [0, 0, 0, 1, 0] 
 0.8816254416961131 

FourValues
 23 
 [1, 1, 1, 1, 1] 
 [0, 0, 1, 0, 0] 
 0.9090909090909091 

FourValues
 23 
 [1, 1, 1, 1, 1] 
 [0, 1, 0, 0, 0] 
 0.9515885022692889 

FourValues
 23 
 [1, 1, 1, 1, 1] 
 [1, 0, 0, 0, 0] 
 0.9579124579124579 

DataShapley
 24 
 [0] 
 [1, 1, 1, 1, 1] 
 0.4790057104467585 

DataShapley
 24 
 [0, 1] 
 [1, 1, 1, 1, 1] 
 0.6976822304333221 

DataShapley
 24 
 [0, 1, 4] 
 [1, 1, 1, 1, 1] 
 0.8998992274101444 

DataShapley
 24 
 [0, 1, 4, 2] 
 [1, 1, 1, 1, 1] 
 0.8629492777964394 

DataShapley
 24 
 [0, 1, 4, 2, 3] 
 [1, 1, 1, 1, 1] 
 0.9240846489754787 

FourValues
 24 
 [0, 0, 0, 0, 1] 
 [0, 0, 0, 0, 1] 
 0.9947643979057592 

FourValues
 24 
 [0, 0, 0, 1, 0] 
 [0, 0, 0, 1, 0] 
 0.9770318021201413 

FourValues
 24 
 [0, 0, 1, 0, 0] 
 [0, 0, 1, 0, 0] 
 0.9794168096054888 

FourValues
 24 
 [0, 1, 0, 0, 0] 
 [0, 1, 0, 0, 0] 
 0.9939485627836612 

FourValues
 24 
 [0, 1, 1, 1, 1] 
 [1, 0, 0, 0, 0] 
 0.8198653198653199 

FourValues
 24 
 [1, 0, 0, 0, 0] 
 [1, 0, 0, 0, 0] 
 0.9882154882154882 

FourValues
 24 
 [1, 0, 1, 1, 1] 
 [0, 1, 0, 0, 0] 
 0.8290468986384266 

FourValues
 24 
 [1, 1, 0, 1, 1] 
 [0, 0, 1, 0, 0] 
 0.7049742710120068 

FourValues
 24 
 [1, 1, 1, 0, 1] 
 [0, 0, 0, 1, 0] 
 0.6201413427561837 

FourValues
 24 
 [1, 1, 1, 1, 0] 
 [0, 0, 0, 0, 1] 
 0.6073298429319371 

FourValues
 24 
 [1, 1, 1, 1, 1] 
 [0, 0, 0, 0, 1] 
 0.9092495636998255 

FourValues
 24 
 [1, 1, 1, 1, 1] 
 [0, 0, 0, 1, 0] 
 0.8763250883392226 

FourValues
 24 
 [1, 1, 1, 1, 1] 
 [0, 0, 1, 0, 0] 
 0.9142367066895368 

FourValues
 24 
 [1, 1, 1, 1, 1] 
 [0, 1, 0, 0, 0] 
 0.9576399394856279 

FourValues
 24 
 [1, 1, 1, 1, 1] 
 [1, 0, 0, 0, 0] 
 0.9562289562289562 

DataShapley
 25 
 [2] 
 [1, 1, 1, 1, 1] 
 0.37487403426268057 

DataShapley
 25 
 [2, 0] 
 [1, 1, 1, 1, 1] 
 0.759825327510917 

DataShapley
 25 
 [2, 0, 3] 
 [1, 1, 1, 1, 1] 
 0.8767215317433658 

DataShapley
 25 
 [2, 0, 3, 4] 
 [1, 1, 1, 1, 1] 
 0.9123278468256634 

DataShapley
 25 
 [2, 0, 3, 4, 1] 
 [1, 1, 1, 1, 1] 
 0.9297950957339604 

FourValues
 25 
 [0, 0, 0, 0, 1] 
 [0, 0, 0, 0, 1] 
 0.9895287958115183 

FourValues
 25 
 [0, 0, 0, 1, 0] 
 [0, 0, 0, 1, 0] 
 0.9646643109540636 

FourValues
 25 
 [0, 0, 1, 0, 0] 
 [0, 0, 1, 0, 0] 
 0.9794168096054888 

FourValues
 25 
 [0, 1, 0, 0, 0] 
 [0, 1, 0, 0, 0] 
 0.9924357034795764 

FourValues
 25 
 [0, 1, 1, 1, 1] 
 [1, 0, 0, 0, 0] 
 0.8501683501683501 

FourValues
 25 
 [1, 0, 0, 0, 0] 
 [1, 0, 0, 0, 0] 
 0.9915824915824916 

FourValues
 25 
 [1, 0, 1, 1, 1] 
 [0, 1, 0, 0, 0] 
 0.8381240544629349 

FourValues
 25 
 [1, 1, 0, 1, 1] 
 [0, 0, 1, 0, 0] 
 0.7392795883361921 

FourValues
 25 
 [1, 1, 1, 0, 1] 
 [0, 0, 0, 1, 0] 
 0.6431095406360424 

FourValues
 25 
 [1, 1, 1, 1, 0] 
 [0, 0, 0, 0, 1] 
 0.6020942408376964 

FourValues
 25 
 [1, 1, 1, 1, 1] 
 [0, 0, 0, 0, 1] 
 0.9267015706806283 

FourValues
 25 
 [1, 1, 1, 1, 1] 
 [0, 0, 0, 1, 0] 
 0.892226148409894 

FourValues
 25 
 [1, 1, 1, 1, 1] 
 [0, 0, 1, 0, 0] 
 0.9142367066895368 

FourValues
 25 
 [1, 1, 1, 1, 1] 
 [0, 1, 0, 0, 0] 
 0.9515885022692889 

FourValues
 25 
 [1, 1, 1, 1, 1] 
 [1, 0, 0, 0, 0] 
 0.9595959595959596 

DataShapley
 26 
 [4] 
 [1, 1, 1, 1, 1] 
 0.4427275780987571 

DataShapley
 26 
 [4, 3] 
 [1, 1, 1, 1, 1] 
 0.7077594894188781 

DataShapley
 26 
 [4, 3, 1] 
 [1, 1, 1, 1, 1] 
 0.878736983540477 

DataShapley
 26 
 [4, 3, 1, 0] 
 [1, 1, 1, 1, 1] 
 0.8901578770574404 

DataShapley
 26 
 [4, 3, 1, 0, 2] 
 [1, 1, 1, 1, 1] 
 0.9311387302653679 

FourValues
 26 
 [0, 0, 0, 0, 1] 
 [0, 0, 0, 0, 1] 
 0.9912739965095986 

FourValues
 26 
 [0, 0, 0, 1, 0] 
 [0, 0, 0, 1, 0] 
 0.9734982332155477 

FourValues
 26 
 [0, 0, 1, 0, 0] 
 [0, 0, 1, 0, 0] 
 0.9777015437392796 

FourValues
 26 
 [0, 1, 0, 0, 0] 
 [0, 1, 0, 0, 0] 
 0.989409984871407 

FourValues
 26 
 [0, 1, 1, 1, 1] 
 [1, 0, 0, 0, 0] 
 0.8585858585858586 

FourValues
 26 
 [1, 0, 0, 0, 0] 
 [1, 0, 0, 0, 0] 
 0.9915824915824916 

FourValues
 26 
 [1, 0, 1, 1, 1] 
 [0, 1, 0, 0, 0] 
 0.8184568835098336 

FourValues
 26 
 [1, 1, 0, 1, 1] 
 [0, 0, 1, 0, 0] 
 0.7032590051457976 

FourValues
 26 
 [1, 1, 1, 0, 1] 
 [0, 0, 0, 1, 0] 
 0.7102473498233216 

FourValues
 26 
 [1, 1, 1, 1, 0] 
 [0, 0, 0, 0, 1] 
 0.675392670157068 

FourValues
 26 
 [1, 1, 1, 1, 1] 
 [0, 0, 0, 0, 1] 
 0.93717277486911 

FourValues
 26 
 [1, 1, 1, 1, 1] 
 [0, 0, 0, 1, 0] 
 0.8992932862190812 

FourValues
 26 
 [1, 1, 1, 1, 1] 
 [0, 0, 1, 0, 0] 
 0.9125214408233276 

FourValues
 26 
 [1, 1, 1, 1, 1] 
 [0, 1, 0, 0, 0] 
 0.9425113464447806 

FourValues
 26 
 [1, 1, 1, 1, 1] 
 [1, 0, 0, 0, 0] 
 0.9612794612794613 

DataShapley
 27 
 [1] 
 [1, 1, 1, 1, 1] 
 0.5334229089687605 

DataShapley
 27 
 [1, 3] 
 [1, 1, 1, 1, 1] 
 0.7571380584481021 

DataShapley
 27 
 [1, 3, 4] 
 [1, 1, 1, 1, 1] 
 0.8790728921733288 

DataShapley
 27 
 [1, 3, 4, 0] 
 [1, 1, 1, 1, 1] 
 0.9015787705744037 

DataShapley
 27 
 [1, 3, 4, 0, 2] 
 [1, 1, 1, 1, 1] 
 0.9398723547195162 

FourValues
 27 
 [0, 0, 0, 0, 1] 
 [0, 0, 0, 0, 1] 
 0.9912739965095986 

FourValues
 27 
 [0, 0, 0, 1, 0] 
 [0, 0, 0, 1, 0] 
 0.9681978798586572 

FourValues
 27 
 [0, 0, 1, 0, 0] 
 [0, 0, 1, 0, 0] 
 0.9777015437392796 

FourValues
 27 
 [0, 1, 0, 0, 0] 
 [0, 1, 0, 0, 0] 
 0.989409984871407 

FourValues
 27 
 [0, 1, 1, 1, 1] 
 [1, 0, 0, 0, 0] 
 0.8619528619528619 

FourValues
 27 
 [1, 0, 0, 0, 0] 
 [1, 0, 0, 0, 0] 
 0.9797979797979798 

FourValues
 27 
 [1, 0, 1, 1, 1] 
 [0, 1, 0, 0, 0] 
 0.8819969742813918 

FourValues
 27 
 [1, 1, 0, 1, 1] 
 [0, 0, 1, 0, 0] 
 0.7358490566037735 

FourValues
 27 
 [1, 1, 1, 0, 1] 
 [0, 0, 0, 1, 0] 
 0.696113074204947 

FourValues
 27 
 [1, 1, 1, 1, 0] 
 [0, 0, 0, 0, 1] 
 0.6230366492146597 

FourValues
 27 
 [1, 1, 1, 1, 1] 
 [0, 0, 0, 0, 1] 
 0.9301919720767888 

FourValues
 27 
 [1, 1, 1, 1, 1] 
 [0, 0, 0, 1, 0] 
 0.9098939929328622 

FourValues
 27 
 [1, 1, 1, 1, 1] 
 [0, 0, 1, 0, 0] 
 0.9313893653516295 

FourValues
 27 
 [1, 1, 1, 1, 1] 
 [0, 1, 0, 0, 0] 
 0.9636913767019667 

FourValues
 27 
 [1, 1, 1, 1, 1] 
 [1, 0, 0, 0, 0] 
 0.9595959595959596 

DataShapley
 28 
 [3] 
 [1, 1, 1, 1, 1] 
 0.47262344642257303 

DataShapley
 28 
 [3, 2] 
 [1, 1, 1, 1, 1] 
 0.8609338259993282 

DataShapley
 28 
 [3, 2, 0] 
 [1, 1, 1, 1, 1] 
 0.9049378569029224 

DataShapley
 28 
 [3, 2, 0, 4] 
 [1, 1, 1, 1, 1] 
 0.9224051058112194 

DataShapley
 28 
 [3, 2, 0, 4, 1] 
 [1, 1, 1, 1, 1] 
 0.9351696338595902 

FourValues
 28 
 [0, 0, 0, 0, 1] 
 [0, 0, 0, 0, 1] 
 0.9895287958115183 

FourValues
 28 
 [0, 0, 0, 1, 0] 
 [0, 0, 0, 1, 0] 
 0.9717314487632509 

FourValues
 28 
 [0, 0, 1, 0, 0] 
 [0, 0, 1, 0, 0] 
 0.9828473413379074 

FourValues
 28 
 [0, 1, 0, 0, 0] 
 [0, 1, 0, 0, 0] 
 0.9939485627836612 

FourValues
 28 
 [0, 1, 1, 1, 1] 
 [1, 0, 0, 0, 0] 
 0.8585858585858586 

FourValues
 28 
 [1, 0, 0, 0, 0] 
 [1, 0, 0, 0, 0] 
 0.9730639730639731 

FourValues
 28 
 [1, 0, 1, 1, 1] 
 [0, 1, 0, 0, 0] 
 0.8774583963691377 

FourValues
 28 
 [1, 1, 0, 1, 1] 
 [0, 0, 1, 0, 0] 
 0.7684391080617495 

FourValues
 28 
 [1, 1, 1, 0, 1] 
 [0, 0, 0, 1, 0] 
 0.7031802120141343 

FourValues
 28 
 [1, 1, 1, 1, 0] 
 [0, 0, 0, 0, 1] 
 0.6561954624781849 

FourValues
 28 
 [1, 1, 1, 1, 1] 
 [0, 0, 0, 0, 1] 
 0.9354275741710296 

FourValues
 28 
 [1, 1, 1, 1, 1] 
 [0, 0, 0, 1, 0] 
 0.9028268551236749 

FourValues
 28 
 [1, 1, 1, 1, 1] 
 [0, 0, 1, 0, 0] 
 0.9142367066895368 

FourValues
 28 
 [1, 1, 1, 1, 1] 
 [0, 1, 0, 0, 0] 
 0.9606656580937972 

FourValues
 28 
 [1, 1, 1, 1, 1] 
 [1, 0, 0, 0, 0] 
 0.9579124579124579 

DataShapley
 29 
 [2] 
 [1, 1, 1, 1, 1] 
 0.3473295263688277 

DataShapley
 29 
 [2, 0] 
 [1, 1, 1, 1, 1] 
 0.7756130332549547 

DataShapley
 29 
 [2, 0, 1] 
 [1, 1, 1, 1, 1] 
 0.7957675512260665 

DataShapley
 29 
 [2, 0, 1, 3] 
 [1, 1, 1, 1, 1] 
 0.8884783338931811 

DataShapley
 29 
 [2, 0, 1, 3, 4] 
 [1, 1, 1, 1, 1] 
 0.9392005374538126 

FourValues
 29 
 [0, 0, 0, 0, 1] 
 [0, 0, 0, 0, 1] 
 0.9912739965095986 

FourValues
 29 
 [0, 0, 0, 1, 0] 
 [0, 0, 0, 1, 0] 
 0.9717314487632509 

FourValues
 29 
 [0, 0, 1, 0, 0] 
 [0, 0, 1, 0, 0] 
 0.9845626072041166 

FourValues
 29 
 [0, 1, 0, 0, 0] 
 [0, 1, 0, 0, 0] 
 0.9878971255673222 

FourValues
 29 
 [0, 1, 1, 1, 1] 
 [1, 0, 0, 0, 0] 
 0.8282828282828283 

FourValues
 29 
 [1, 0, 0, 0, 0] 
 [1, 0, 0, 0, 0] 
 0.9882154882154882 

FourValues
 29 
 [1, 0, 1, 1, 1] 
 [0, 1, 0, 0, 0] 
 0.8744326777609682 

FourValues
 29 
 [1, 1, 0, 1, 1] 
 [0, 0, 1, 0, 0] 
 0.7718696397941681 

FourValues
 29 
 [1, 1, 1, 0, 1] 
 [0, 0, 0, 1, 0] 
 0.7067137809187279 

FourValues
 29 
 [1, 1, 1, 1, 0] 
 [0, 0, 0, 0, 1] 
 0.6544502617801047 

FourValues
 29 
 [1, 1, 1, 1, 1] 
 [0, 0, 0, 0, 1] 
 0.9458987783595113 

FourValues
 29 
 [1, 1, 1, 1, 1] 
 [0, 0, 0, 1, 0] 
 0.8957597173144877 

FourValues
 29 
 [1, 1, 1, 1, 1] 
 [0, 0, 1, 0, 0] 
 0.9228130360205832 

FourValues
 29 
 [1, 1, 1, 1, 1] 
 [0, 1, 0, 0, 0] 
 0.9682299546142209 

FourValues
 29 
 [1, 1, 1, 1, 1] 
 [1, 0, 0, 0, 0] 
 0.9579124579124579 

DataShapley
 30 
 [4] 
 [1, 1, 1, 1, 1] 
 0.47161572052401746 

DataShapley
 30 
 [4, 2] 
 [1, 1, 1, 1, 1] 
 0.6671145448438025 

DataShapley
 30 
 [4, 2, 3] 
 [1, 1, 1, 1, 1] 
 0.8327175008397716 

DataShapley
 30 
 [4, 2, 3, 1] 
 [1, 1, 1, 1, 1] 
 0.9237487403426268 

DataShapley
 30 
 [4, 2, 3, 1, 0] 
 [1, 1, 1, 1, 1] 
 0.9398723547195162 

FourValues
 30 
 [0, 0, 0, 0, 1] 
 [0, 0, 0, 0, 1] 
 0.9947643979057592 

FourValues
 30 
 [0, 0, 0, 1, 0] 
 [0, 0, 0, 1, 0] 
 0.9717314487632509 

FourValues
 30 
 [0, 0, 1, 0, 0] 
 [0, 0, 1, 0, 0] 
 0.9811320754716981 

FourValues
 30 
 [0, 1, 0, 0, 0] 
 [0, 1, 0, 0, 0] 
 0.9878971255673222 

FourValues
 30 
 [0, 1, 1, 1, 1] 
 [1, 0, 0, 0, 0] 
 0.9006734006734006 

FourValues
 30 
 [1, 0, 0, 0, 0] 
 [1, 0, 0, 0, 0] 
 0.9915824915824916 

FourValues
 30 
 [1, 0, 1, 1, 1] 
 [0, 1, 0, 0, 0] 
 0.8502269288956127 

FourValues
 30 
 [1, 1, 0, 1, 1] 
 [0, 0, 1, 0, 0] 
 0.7049742710120068 

FourValues
 30 
 [1, 1, 1, 0, 1] 
 [0, 0, 0, 1, 0] 
 0.7703180212014135 

FourValues
 30 
 [1, 1, 1, 1, 0] 
 [0, 0, 0, 0, 1] 
 0.7853403141361257 

FourValues
 30 
 [1, 1, 1, 1, 1] 
 [0, 0, 0, 0, 1] 
 0.956369982547993 

FourValues
 30 
 [1, 1, 1, 1, 1] 
 [0, 0, 0, 1, 0] 
 0.9151943462897526 

FourValues
 30 
 [1, 1, 1, 1, 1] 
 [0, 0, 1, 0, 0] 
 0.9159519725557461 

FourValues
 30 
 [1, 1, 1, 1, 1] 
 [0, 1, 0, 0, 0] 
 0.9455370650529501 

FourValues
 30 
 [1, 1, 1, 1, 1] 
 [1, 0, 0, 0, 0] 
 0.9646464646464646 

DataShapley
 31 
 [1] 
 [1, 1, 1, 1, 1] 
 0.5552569701041317 

DataShapley
 31 
 [1, 3] 
 [1, 1, 1, 1, 1] 
 0.8004702720859926 

DataShapley
 31 
 [1, 3, 2] 
 [1, 1, 1, 1, 1] 
 0.8720188108834397 

DataShapley
 31 
 [1, 3, 2, 4] 
 [1, 1, 1, 1, 1] 
 0.9294591871011085 

DataShapley
 31 
 [1, 3, 2, 4, 0] 
 [1, 1, 1, 1, 1] 
 0.9425596237823312 

FourValues
 31 
 [0, 0, 0, 0, 1] 
 [0, 0, 0, 0, 1] 
 0.9965095986038395 

FourValues
 31 
 [0, 0, 0, 1, 0] 
 [0, 0, 0, 1, 0] 
 0.9770318021201413 

FourValues
 31 
 [0, 0, 1, 0, 0] 
 [0, 0, 1, 0, 0] 
 0.9845626072041166 

FourValues
 31 
 [0, 1, 0, 0, 0] 
 [0, 1, 0, 0, 0] 
 0.9939485627836612 

FourValues
 31 
 [0, 1, 1, 1, 1] 
 [1, 0, 0, 0, 0] 
 0.9023569023569024 

FourValues
 31 
 [1, 0, 0, 0, 0] 
 [1, 0, 0, 0, 0] 
 0.9882154882154882 

FourValues
 31 
 [1, 0, 1, 1, 1] 
 [0, 1, 0, 0, 0] 
 0.8562783661119516 

FourValues
 31 
 [1, 1, 0, 1, 1] 
 [0, 0, 1, 0, 0] 
 0.7598627787307033 

FourValues
 31 
 [1, 1, 1, 0, 1] 
 [0, 0, 0, 1, 0] 
 0.7243816254416962 

FourValues
 31 
 [1, 1, 1, 1, 0] 
 [0, 0, 0, 0, 1] 
 0.699825479930192 

FourValues
 31 
 [1, 1, 1, 1, 1] 
 [0, 0, 0, 0, 1] 
 0.956369982547993 

FourValues
 31 
 [1, 1, 1, 1, 1] 
 [0, 0, 0, 1, 0] 
 0.9081272084805654 

FourValues
 31 
 [1, 1, 1, 1, 1] 
 [0, 0, 1, 0, 0] 
 0.9262435677530018 

FourValues
 31 
 [1, 1, 1, 1, 1] 
 [0, 1, 0, 0, 0] 
 0.9606656580937972 

FourValues
 31 
 [1, 1, 1, 1, 1] 
 [1, 0, 0, 0, 0] 
 0.9579124579124579 

DataShapley
 32 
 [0] 
 [1, 1, 1, 1, 1] 
 0.7242190124286194 

DataShapley
 32 
 [0, 4] 
 [1, 1, 1, 1, 1] 
 0.8253275109170306 

DataShapley
 32 
 [0, 4, 3] 
 [1, 1, 1, 1, 1] 
 0.8461538461538461 

DataShapley
 32 
 [0, 4, 3, 2] 
 [1, 1, 1, 1, 1] 
 0.9308028216325159 

DataShapley
 32 
 [0, 4, 3, 2, 1] 
 [1, 1, 1, 1, 1] 
 0.938192811555257 

FourValues
 32 
 [0, 0, 0, 0, 1] 
 [0, 0, 0, 0, 1] 
 0.9930191972076788 

FourValues
 32 
 [0, 0, 0, 1, 0] 
 [0, 0, 0, 1, 0] 
 0.9734982332155477 

FourValues
 32 
 [0, 0, 1, 0, 0] 
 [0, 0, 1, 0, 0] 
 0.9914236706689536 

FourValues
 32 
 [0, 1, 0, 0, 0] 
 [0, 1, 0, 0, 0] 
 0.9878971255673222 

FourValues
 32 
 [0, 1, 1, 1, 1] 
 [1, 0, 0, 0, 0] 
 0.9124579124579124 

FourValues
 32 
 [1, 0, 0, 0, 0] 
 [1, 0, 0, 0, 0] 
 0.9915824915824916 

FourValues
 32 
 [1, 0, 1, 1, 1] 
 [0, 1, 0, 0, 0] 
 0.9046898638426626 

FourValues
 32 
 [1, 1, 0, 1, 1] 
 [0, 0, 1, 0, 0] 
 0.7890222984562607 

FourValues
 32 
 [1, 1, 1, 0, 1] 
 [0, 0, 0, 1, 0] 
 0.7102473498233216 

FourValues
 32 
 [1, 1, 1, 1, 0] 
 [0, 0, 0, 0, 1] 
 0.6404886561954625 

FourValues
 32 
 [1, 1, 1, 1, 1] 
 [0, 0, 0, 0, 1] 
 0.9057591623036649 

FourValues
 32 
 [1, 1, 1, 1, 1] 
 [0, 0, 0, 1, 0] 
 0.9081272084805654 

FourValues
 32 
 [1, 1, 1, 1, 1] 
 [0, 0, 1, 0, 0] 
 0.934819897084048 

FourValues
 32 
 [1, 1, 1, 1, 1] 
 [0, 1, 0, 0, 0] 
 0.9712556732223904 

FourValues
 32 
 [1, 1, 1, 1, 1] 
 [1, 0, 0, 0, 0] 
 0.9646464646464646 

DataShapley
 33 
 [1] 
 [1, 1, 1, 1, 1] 
 0.5431642593214646 

DataShapley
 33 
 [1, 0] 
 [1, 1, 1, 1, 1] 
 0.8001343634531407 

DataShapley
 33 
 [1, 0, 4] 
 [1, 1, 1, 1, 1] 
 0.9129996640913671 

DataShapley
 33 
 [1, 0, 4, 3] 
 [1, 1, 1, 1, 1] 
 0.9126637554585153 

DataShapley
 33 
 [1, 0, 4, 3, 2] 
 [1, 1, 1, 1, 1] 
 0.9428955324151831 

FourValues
 33 
 [0, 0, 0, 0, 1] 
 [0, 0, 0, 0, 1] 
 0.9912739965095986 

FourValues
 33 
 [0, 0, 0, 1, 0] 
 [0, 0, 0, 1, 0] 
 0.9664310954063604 

FourValues
 33 
 [0, 0, 1, 0, 0] 
 [0, 0, 1, 0, 0] 
 0.9879931389365352 

FourValues
 33 
 [0, 1, 0, 0, 0] 
 [0, 1, 0, 0, 0] 
 0.9909228441754917 

FourValues
 33 
 [0, 1, 1, 1, 1] 
 [1, 0, 0, 0, 0] 
 0.9040404040404041 

FourValues
 33 
 [1, 0, 0, 0, 0] 
 [1, 0, 0, 0, 0] 
 0.98989898989899 

FourValues
 33 
 [1, 0, 1, 1, 1] 
 [0, 1, 0, 0, 0] 
 0.8623298033282905 

FourValues
 33 
 [1, 1, 0, 1, 1] 
 [0, 0, 1, 0, 0] 
 0.7770154373927959 

FourValues
 33 
 [1, 1, 1, 0, 1] 
 [0, 0, 0, 1, 0] 
 0.7014134275618374 

FourValues
 33 
 [1, 1, 1, 1, 0] 
 [0, 0, 0, 0, 1] 
 0.7137870855148342 

FourValues
 33 
 [1, 1, 1, 1, 1] 
 [0, 0, 0, 0, 1] 
 0.9581151832460733 

FourValues
 33 
 [1, 1, 1, 1, 1] 
 [0, 0, 0, 1, 0] 
 0.911660777385159 

FourValues
 33 
 [1, 1, 1, 1, 1] 
 [0, 0, 1, 0, 0] 
 0.9262435677530018 

FourValues
 33 
 [1, 1, 1, 1, 1] 
 [0, 1, 0, 0, 0] 
 0.9561270801815431 

FourValues
 33 
 [1, 1, 1, 1, 1] 
 [1, 0, 0, 0, 0] 
 0.9595959595959596 

DataShapley
 34 
 [1] 
 [1, 1, 1, 1, 1] 
 0.5539133355727243 

DataShapley
 34 
 [1, 0] 
 [1, 1, 1, 1, 1] 
 0.7507557944239167 

DataShapley
 34 
 [1, 0, 2] 
 [1, 1, 1, 1, 1] 
 0.8216325159556601 

DataShapley
 34 
 [1, 0, 2, 3] 
 [1, 1, 1, 1, 1] 
 0.8978837756130332 

DataShapley
 34 
 [1, 0, 2, 3, 4] 
 [1, 1, 1, 1, 1] 
 0.9418878065166275 

FourValues
 34 
 [0, 0, 0, 0, 1] 
 [0, 0, 0, 0, 1] 
 0.9965095986038395 

FourValues
 34 
 [0, 0, 0, 1, 0] 
 [0, 0, 0, 1, 0] 
 0.9734982332155477 

FourValues
 34 
 [0, 0, 1, 0, 0] 
 [0, 0, 1, 0, 0] 
 0.9794168096054888 

FourValues
 34 
 [0, 1, 0, 0, 0] 
 [0, 1, 0, 0, 0] 
 0.9939485627836612 

FourValues
 34 
 [0, 1, 1, 1, 1] 
 [1, 0, 0, 0, 0] 
 0.9158249158249159 

FourValues
 34 
 [1, 0, 0, 0, 0] 
 [1, 0, 0, 0, 0] 
 0.9865319865319865 

FourValues
 34 
 [1, 0, 1, 1, 1] 
 [0, 1, 0, 0, 0] 
 0.8940998487140696 

FourValues
 34 
 [1, 1, 0, 1, 1] 
 [0, 0, 1, 0, 0] 
 0.7787307032590052 

FourValues
 34 
 [1, 1, 1, 0, 1] 
 [0, 0, 0, 1, 0] 
 0.7190812720848057 

FourValues
 34 
 [1, 1, 1, 1, 0] 
 [0, 0, 0, 0, 1] 
 0.6928446771378709 

FourValues
 34 
 [1, 1, 1, 1, 1] 
 [0, 0, 0, 0, 1] 
 0.9319371727748691 

FourValues
 34 
 [1, 1, 1, 1, 1] 
 [0, 0, 0, 1, 0] 
 0.9098939929328622 

FourValues
 34 
 [1, 1, 1, 1, 1] 
 [0, 0, 1, 0, 0] 
 0.9262435677530018 

FourValues
 34 
 [1, 1, 1, 1, 1] 
 [0, 1, 0, 0, 0] 
 0.9697428139183056 

FourValues
 34 
 [1, 1, 1, 1, 1] 
 [1, 0, 0, 0, 0] 
 0.9663299663299664 

DataShapley
 35 
 [0] 
 [1, 1, 1, 1, 1] 
 0.6674504534766543 

DataShapley
 35 
 [0, 2] 
 [1, 1, 1, 1, 1] 
 0.8102116224386967 

DataShapley
 35 
 [0, 2, 4] 
 [1, 1, 1, 1, 1] 
 0.8807524353375882 

DataShapley
 35 
 [0, 2, 4, 1] 
 [1, 1, 1, 1, 1] 
 0.898555592878737 

DataShapley
 35 
 [0, 2, 4, 1, 3] 
 [1, 1, 1, 1, 1] 
 0.9445750755794424 

FourValues
 35 
 [0, 0, 0, 0, 1] 
 [0, 0, 0, 0, 1] 
 0.9912739965095986 

FourValues
 35 
 [0, 0, 0, 1, 0] 
 [0, 0, 0, 1, 0] 
 0.9787985865724381 

FourValues
 35 
 [0, 0, 1, 0, 0] 
 [0, 0, 1, 0, 0] 
 0.9845626072041166 

FourValues
 35 
 [0, 1, 0, 0, 0] 
 [0, 1, 0, 0, 0] 
 0.9924357034795764 

FourValues
 35 
 [0, 1, 1, 1, 1] 
 [1, 0, 0, 0, 0] 
 0.9175084175084175 

FourValues
 35 
 [1, 0, 0, 0, 0] 
 [1, 0, 0, 0, 0] 
 0.98989898989899 

FourValues
 35 
 [1, 0, 1, 1, 1] 
 [0, 1, 0, 0, 0] 
 0.8714069591527988 

FourValues
 35 
 [1, 1, 0, 1, 1] 
 [0, 0, 1, 0, 0] 
 0.7975986277873071 

FourValues
 35 
 [1, 1, 1, 0, 1] 
 [0, 0, 0, 1, 0] 
 0.6802120141342756 

FourValues
 35 
 [1, 1, 1, 1, 0] 
 [0, 0, 0, 0, 1] 
 0.7085514834205934 

FourValues
 35 
 [1, 1, 1, 1, 1] 
 [0, 0, 0, 0, 1] 
 0.9528795811518325 

FourValues
 35 
 [1, 1, 1, 1, 1] 
 [0, 0, 0, 1, 0] 
 0.8992932862190812 

FourValues
 35 
 [1, 1, 1, 1, 1] 
 [0, 0, 1, 0, 0] 
 0.934819897084048 

FourValues
 35 
 [1, 1, 1, 1, 1] 
 [0, 1, 0, 0, 0] 
 0.9636913767019667 

FourValues
 35 
 [1, 1, 1, 1, 1] 
 [1, 0, 0, 0, 0] 
 0.968013468013468 

DataShapley
 36 
 [0] 
 [1, 1, 1, 1, 1] 
 0.6553577426939873 

DataShapley
 36 
 [0, 1] 
 [1, 1, 1, 1, 1] 
 0.7628485052065838 

DataShapley
 36 
 [0, 1, 3] 
 [1, 1, 1, 1, 1] 
 0.8438024857238831 

DataShapley
 36 
 [0, 1, 3, 2] 
 [1, 1, 1, 1, 1] 
 0.8878065166274773 

DataShapley
 36 
 [0, 1, 3, 2, 4] 
 [1, 1, 1, 1, 1] 
 0.9465905273765536 

FourValues
 36 
 [0, 0, 0, 0, 1] 
 [0, 0, 0, 0, 1] 
 0.9930191972076788 

FourValues
 36 
 [0, 0, 0, 1, 0] 
 [0, 0, 0, 1, 0] 
 0.9823321554770318 

FourValues
 36 
 [0, 0, 1, 0, 0] 
 [0, 0, 1, 0, 0] 
 0.9828473413379074 

FourValues
 36 
 [0, 1, 0, 0, 0] 
 [0, 1, 0, 0, 0] 
 0.9954614220877458 

FourValues
 36 
 [0, 1, 1, 1, 1] 
 [1, 0, 0, 0, 0] 
 0.9276094276094277 

FourValues
 36 
 [1, 0, 0, 0, 0] 
 [1, 0, 0, 0, 0] 
 0.9915824915824916 

FourValues
 36 
 [1, 0, 1, 1, 1] 
 [0, 1, 0, 0, 0] 
 0.886535552193646 

FourValues
 36 
 [1, 1, 0, 1, 1] 
 [0, 0, 1, 0, 0] 
 0.7958833619210978 

FourValues
 36 
 [1, 1, 1, 0, 1] 
 [0, 0, 0, 1, 0] 
 0.6802120141342756 

FourValues
 36 
 [1, 1, 1, 1, 0] 
 [0, 0, 0, 0, 1] 
 0.6561954624781849 

FourValues
 36 
 [1, 1, 1, 1, 1] 
 [0, 0, 0, 0, 1] 
 0.9476439790575916 

FourValues
 36 
 [1, 1, 1, 1, 1] 
 [0, 0, 0, 1, 0] 
 0.9151943462897526 

FourValues
 36 
 [1, 1, 1, 1, 1] 
 [0, 0, 1, 0, 0] 
 0.9399656946826758 

FourValues
 36 
 [1, 1, 1, 1, 1] 
 [0, 1, 0, 0, 0] 
 0.962178517397882 

FourValues
 36 
 [1, 1, 1, 1, 1] 
 [1, 0, 0, 0, 0] 
 0.9646464646464646 

DataShapley
 37 
 [0] 
 [1, 1, 1, 1, 1] 
 0.6177359758145784 

DataShapley
 37 
 [0, 1] 
 [1, 1, 1, 1, 1] 
 0.7877057440376217 

DataShapley
 37 
 [0, 1, 4] 
 [1, 1, 1, 1, 1] 
 0.9163587504198858 

DataShapley
 37 
 [0, 1, 4, 2] 
 [1, 1, 1, 1, 1] 
 0.9133355727242191 

DataShapley
 37 
 [0, 1, 4, 2, 3] 
 [1, 1, 1, 1, 1] 
 0.9492777964393685 

FourValues
 37 
 [0, 0, 0, 0, 1] 
 [0, 0, 0, 0, 1] 
 0.9965095986038395 

FourValues
 37 
 [0, 0, 0, 1, 0] 
 [0, 0, 0, 1, 0] 
 0.9681978798586572 

FourValues
 37 
 [0, 0, 1, 0, 0] 
 [0, 0, 1, 0, 0] 
 0.9811320754716981 

FourValues
 37 
 [0, 1, 0, 0, 0] 
 [0, 1, 0, 0, 0] 
 0.9939485627836612 

FourValues
 37 
 [0, 1, 1, 1, 1] 
 [1, 0, 0, 0, 0] 
 0.9023569023569024 

FourValues
 37 
 [1, 0, 0, 0, 0] 
 [1, 0, 0, 0, 0] 
 0.9865319865319865 

FourValues
 37 
 [1, 0, 1, 1, 1] 
 [0, 1, 0, 0, 0] 
 0.8819969742813918 

FourValues
 37 
 [1, 1, 0, 1, 1] 
 [0, 0, 1, 0, 0] 
 0.7958833619210978 

FourValues
 37 
 [1, 1, 1, 0, 1] 
 [0, 0, 0, 1, 0] 
 0.7279151943462897 

FourValues
 37 
 [1, 1, 1, 1, 0] 
 [0, 0, 0, 0, 1] 
 0.7242582897033158 

FourValues
 37 
 [1, 1, 1, 1, 1] 
 [0, 0, 0, 0, 1] 
 0.9598603839441536 

FourValues
 37 
 [1, 1, 1, 1, 1] 
 [0, 0, 0, 1, 0] 
 0.9169611307420494 

FourValues
 37 
 [1, 1, 1, 1, 1] 
 [0, 0, 1, 0, 0] 
 0.934819897084048 

FourValues
 37 
 [1, 1, 1, 1, 1] 
 [0, 1, 0, 0, 0] 
 0.9667170953101362 

FourValues
 37 
 [1, 1, 1, 1, 1] 
 [1, 0, 0, 0, 0] 
 0.9646464646464646 

DataShapley
 38 
 [4] 
 [1, 1, 1, 1, 1] 
 0.5021834061135371 

DataShapley
 38 
 [4, 3] 
 [1, 1, 1, 1, 1] 
 0.7789721195834733 

DataShapley
 38 
 [4, 3, 2] 
 [1, 1, 1, 1, 1] 
 0.8723547195162916 

DataShapley
 38 
 [4, 3, 2, 1] 
 [1, 1, 1, 1, 1] 
 0.9304669129996641 

DataShapley
 38 
 [4, 3, 2, 1, 0] 
 [1, 1, 1, 1, 1] 
 0.9486059791736647 

FourValues
 38 
 [0, 0, 0, 0, 1] 
 [0, 0, 0, 0, 1] 
 0.9912739965095986 

FourValues
 38 
 [0, 0, 0, 1, 0] 
 [0, 0, 0, 1, 0] 
 0.980565371024735 

FourValues
 38 
 [0, 0, 1, 0, 0] 
 [0, 0, 1, 0, 0] 
 0.9828473413379074 

FourValues
 38 
 [0, 1, 0, 0, 0] 
 [0, 1, 0, 0, 0] 
 0.9909228441754917 

FourValues
 38 
 [0, 1, 1, 1, 1] 
 [1, 0, 0, 0, 0] 
 0.8973063973063973 

FourValues
 38 
 [1, 0, 0, 0, 0] 
 [1, 0, 0, 0, 0] 
 0.98989898989899 

FourValues
 38 
 [1, 0, 1, 1, 1] 
 [0, 1, 0, 0, 0] 
 0.9046898638426626 

FourValues
 38 
 [1, 1, 0, 1, 1] 
 [0, 0, 1, 0, 0] 
 0.7444253859348199 

FourValues
 38 
 [1, 1, 1, 0, 1] 
 [0, 0, 0, 1, 0] 
 0.7226148409893993 

FourValues
 38 
 [1, 1, 1, 1, 0] 
 [0, 0, 0, 0, 1] 
 0.6910994764397905 

FourValues
 38 
 [1, 1, 1, 1, 1] 
 [0, 0, 0, 0, 1] 
 0.9581151832460733 

FourValues
 38 
 [1, 1, 1, 1, 1] 
 [0, 0, 0, 1, 0] 
 0.911660777385159 

FourValues
 38 
 [1, 1, 1, 1, 1] 
 [0, 0, 1, 0, 0] 
 0.9296740994854202 

FourValues
 38 
 [1, 1, 1, 1, 1] 
 [0, 1, 0, 0, 0] 
 0.972768532526475 

FourValues
 38 
 [1, 1, 1, 1, 1] 
 [1, 0, 0, 0, 0] 
 0.9663299663299664 

DataShapley
 39 
 [2] 
 [1, 1, 1, 1, 1] 
 0.5206583809203896 

DataShapley
 39 
 [2, 0] 
 [1, 1, 1, 1, 1] 
 0.8438024857238831 

DataShapley
 39 
 [2, 0, 1] 
 [1, 1, 1, 1, 1] 
 0.8273429627141418 

DataShapley
 39 
 [2, 0, 1, 4] 
 [1, 1, 1, 1, 1] 
 0.9140073899899227 

DataShapley
 39 
 [2, 0, 1, 4, 3] 
 [1, 1, 1, 1, 1] 
 0.9439032583137387 

FourValues
 39 
 [0, 0, 0, 0, 1] 
 [0, 0, 0, 0, 1] 
 0.9912739965095986 

FourValues
 39 
 [0, 0, 0, 1, 0] 
 [0, 0, 0, 1, 0] 
 0.9770318021201413 

FourValues
 39 
 [0, 0, 1, 0, 0] 
 [0, 0, 1, 0, 0] 
 0.9828473413379074 

FourValues
 39 
 [0, 1, 0, 0, 0] 
 [0, 1, 0, 0, 0] 
 0.9954614220877458 

FourValues
 39 
 [0, 1, 1, 1, 1] 
 [1, 0, 0, 0, 0] 
 0.9107744107744108 

FourValues
 39 
 [1, 0, 0, 0, 0] 
 [1, 0, 0, 0, 0] 
 0.9932659932659933 

FourValues
 39 
 [1, 0, 1, 1, 1] 
 [0, 1, 0, 0, 0] 
 0.8940998487140696 

FourValues
 39 
 [1, 1, 0, 1, 1] 
 [0, 0, 1, 0, 0] 
 0.7615780445969125 

FourValues
 39 
 [1, 1, 1, 0, 1] 
 [0, 0, 0, 1, 0] 
 0.7402826855123675 

FourValues
 39 
 [1, 1, 1, 1, 0] 
 [0, 0, 0, 0, 1] 
 0.743455497382199 

FourValues
 39 
 [1, 1, 1, 1, 1] 
 [0, 0, 0, 0, 1] 
 0.9546247818499127 

FourValues
 39 
 [1, 1, 1, 1, 1] 
 [0, 0, 0, 1, 0] 
 0.9169611307420494 

FourValues
 39 
 [1, 1, 1, 1, 1] 
 [0, 0, 1, 0, 0] 
 0.9159519725557461 

FourValues
 39 
 [1, 1, 1, 1, 1] 
 [0, 1, 0, 0, 0] 
 0.9667170953101362 

FourValues
 39 
 [1, 1, 1, 1, 1] 
 [1, 0, 0, 0, 0] 
 0.9612794612794613 

DataShapley
 40 
 [4] 
 [1, 1, 1, 1, 1] 
 0.5482028888142425 

DataShapley
 40 
 [4, 3] 
 [1, 1, 1, 1, 1] 
 0.7668794088008062 

DataShapley
 40 
 [4, 3, 2] 
 [1, 1, 1, 1, 1] 
 0.8965401410816258 

DataShapley
 40 
 [4, 3, 2, 1] 
 [1, 1, 1, 1, 1] 
 0.9422237151494793 

DataShapley
 40 
 [4, 3, 2, 1, 0] 
 [1, 1, 1, 1, 1] 
 0.9486059791736647 

FourValues
 40 
 [0, 0, 0, 0, 1] 
 [0, 0, 0, 0, 1] 
 0.9912739965095986 

FourValues
 40 
 [0, 0, 0, 1, 0] 
 [0, 0, 0, 1, 0] 
 0.9734982332155477 

FourValues
 40 
 [0, 0, 1, 0, 0] 
 [0, 0, 1, 0, 0] 
 0.9897084048027445 

FourValues
 40 
 [0, 1, 0, 0, 0] 
 [0, 1, 0, 0, 0] 
 0.9954614220877458 

FourValues
 40 
 [0, 1, 1, 1, 1] 
 [1, 0, 0, 0, 0] 
 0.9377104377104377 

FourValues
 40 
 [1, 0, 0, 0, 0] 
 [1, 0, 0, 0, 0] 
 0.9932659932659933 

FourValues
 40 
 [1, 0, 1, 1, 1] 
 [0, 1, 0, 0, 0] 
 0.8925869894099848 

FourValues
 40 
 [1, 1, 0, 1, 1] 
 [0, 0, 1, 0, 0] 
 0.7650085763293311 

FourValues
 40 
 [1, 1, 1, 0, 1] 
 [0, 0, 0, 1, 0] 
 0.734982332155477 

FourValues
 40 
 [1, 1, 1, 1, 0] 
 [0, 0, 0, 0, 1] 
 0.699825479930192 

FourValues
 40 
 [1, 1, 1, 1, 1] 
 [0, 0, 0, 0, 1] 
 0.9476439790575916 

FourValues
 40 
 [1, 1, 1, 1, 1] 
 [0, 0, 0, 1, 0] 
 0.9257950530035336 

FourValues
 40 
 [1, 1, 1, 1, 1] 
 [0, 0, 1, 0, 0] 
 0.9331046312178388 

FourValues
 40 
 [1, 1, 1, 1, 1] 
 [0, 1, 0, 0, 0] 
 0.9636913767019667 

FourValues
 40 
 [1, 1, 1, 1, 1] 
 [1, 0, 0, 0, 0] 
 0.9696969696969697 

DataShapley
 41 
 [3] 
 [1, 1, 1, 1, 1] 
 0.5028552233792408 

DataShapley
 41 
 [3, 4] 
 [1, 1, 1, 1, 1] 
 0.7406785354383608 

DataShapley
 41 
 [3, 4, 2] 
 [1, 1, 1, 1, 1] 
 0.8797447094390326 

DataShapley
 41 
 [3, 4, 2, 0] 
 [1, 1, 1, 1, 1] 
 0.9308028216325159 

DataShapley
 41 
 [3, 4, 2, 0, 1] 
 [1, 1, 1, 1, 1] 
 0.947934161907961 

FourValues
 41 
 [0, 0, 0, 0, 1] 
 [0, 0, 0, 0, 1] 
 0.9895287958115183 

FourValues
 41 
 [0, 0, 0, 1, 0] 
 [0, 0, 0, 1, 0] 
 0.9293286219081273 

FourValues
 41 
 [0, 0, 1, 0, 0] 
 [0, 0, 1, 0, 0] 
 0.9862778730703259 

FourValues
 41 
 [0, 1, 0, 0, 0] 
 [0, 1, 0, 0, 0] 
 0.9924357034795764 

FourValues
 41 
 [0, 1, 1, 1, 1] 
 [1, 0, 0, 0, 0] 
 0.9141414141414141 

FourValues
 41 
 [1, 0, 0, 0, 0] 
 [1, 0, 0, 0, 0] 
 0.9831649831649831 

FourValues
 41 
 [1, 0, 1, 1, 1] 
 [0, 1, 0, 0, 0] 
 0.8895612708018155 

FourValues
 41 
 [1, 1, 0, 1, 1] 
 [0, 0, 1, 0, 0] 
 0.7941680960548885 

FourValues
 41 
 [1, 1, 1, 0, 1] 
 [0, 0, 0, 1, 0] 
 0.7597173144876325 

FourValues
 41 
 [1, 1, 1, 1, 0] 
 [0, 0, 0, 0, 1] 
 0.6945898778359512 

FourValues
 41 
 [1, 1, 1, 1, 1] 
 [0, 0, 0, 0, 1] 
 0.9511343804537522 

FourValues
 41 
 [1, 1, 1, 1, 1] 
 [0, 0, 0, 1, 0] 
 0.9222614840989399 

FourValues
 41 
 [1, 1, 1, 1, 1] 
 [0, 0, 1, 0, 0] 
 0.9313893653516295 

FourValues
 41 
 [1, 1, 1, 1, 1] 
 [0, 1, 0, 0, 0] 
 0.9652042360060514 

FourValues
 41 
 [1, 1, 1, 1, 1] 
 [1, 0, 0, 0, 0] 
 0.9663299663299664 

DataShapley
 42 
 [2] 
 [1, 1, 1, 1, 1] 
 0.41988579106483037 

DataShapley
 42 
 [2, 3] 
 [1, 1, 1, 1, 1] 
 0.8864628820960698 

DataShapley
 42 
 [2, 3, 0] 
 [1, 1, 1, 1, 1] 
 0.923412831709775 

DataShapley
 42 
 [2, 3, 0, 4] 
 [1, 1, 1, 1, 1] 
 0.9287873698354048 

DataShapley
 42 
 [2, 3, 0, 4, 1] 
 [1, 1, 1, 1, 1] 
 0.9509573396036278 

FourValues
 42 
 [0, 0, 0, 0, 1] 
 [0, 0, 0, 0, 1] 
 0.9930191972076788 

FourValues
 42 
 [0, 0, 0, 1, 0] 
 [0, 0, 0, 1, 0] 
 0.9575971731448764 

FourValues
 42 
 [0, 0, 1, 0, 0] 
 [0, 0, 1, 0, 0] 
 0.9828473413379074 

FourValues
 42 
 [0, 1, 0, 0, 0] 
 [0, 1, 0, 0, 0] 
 0.9924357034795764 

FourValues
 42 
 [0, 1, 1, 1, 1] 
 [1, 0, 0, 0, 0] 
 0.9259259259259259 

FourValues
 42 
 [1, 0, 0, 0, 0] 
 [1, 0, 0, 0, 0] 
 0.9831649831649831 

FourValues
 42 
 [1, 0, 1, 1, 1] 
 [0, 1, 0, 0, 0] 
 0.8910741301059002 

FourValues
 42 
 [1, 1, 0, 1, 1] 
 [0, 0, 1, 0, 0] 
 0.7975986277873071 

FourValues
 42 
 [1, 1, 1, 0, 1] 
 [0, 0, 0, 1, 0] 
 0.7544169611307421 

FourValues
 42 
 [1, 1, 1, 1, 0] 
 [0, 0, 0, 0, 1] 
 0.7225130890052356 

FourValues
 42 
 [1, 1, 1, 1, 1] 
 [0, 0, 0, 0, 1] 
 0.9616055846422339 

FourValues
 42 
 [1, 1, 1, 1, 1] 
 [0, 0, 0, 1, 0] 
 0.9222614840989399 

FourValues
 42 
 [1, 1, 1, 1, 1] 
 [0, 0, 1, 0, 0] 
 0.9382504288164666 

FourValues
 42 
 [1, 1, 1, 1, 1] 
 [0, 1, 0, 0, 0] 
 0.9636913767019667 

FourValues
 42 
 [1, 1, 1, 1, 1] 
 [1, 0, 0, 0, 0] 
 0.9663299663299664 

DataShapley
 43 
 [1] 
 [1, 1, 1, 1, 1] 
 0.6281491434329862 

DataShapley
 43 
 [1, 0] 
 [1, 1, 1, 1, 1] 
 0.7954316425932146 

DataShapley
 43 
 [1, 0, 2] 
 [1, 1, 1, 1, 1] 
 0.8135707087672153 

DataShapley
 43 
 [1, 0, 2, 4] 
 [1, 1, 1, 1, 1] 
 0.9150151158884783 

DataShapley
 43 
 [1, 0, 2, 4, 3] 
 [1, 1, 1, 1, 1] 
 0.9516291568693316 

FourValues
 43 
 [0, 0, 0, 0, 1] 
 [0, 0, 0, 0, 1] 
 0.9930191972076788 

FourValues
 43 
 [0, 0, 0, 1, 0] 
 [0, 0, 0, 1, 0] 
 0.9752650176678446 

FourValues
 43 
 [0, 0, 1, 0, 0] 
 [0, 0, 1, 0, 0] 
 0.9845626072041166 

FourValues
 43 
 [0, 1, 0, 0, 0] 
 [0, 1, 0, 0, 0] 
 0.9954614220877458 

FourValues
 43 
 [0, 1, 1, 1, 1] 
 [1, 0, 0, 0, 0] 
 0.936026936026936 

FourValues
 43 
 [1, 0, 0, 0, 0] 
 [1, 0, 0, 0, 0] 
 0.9932659932659933 

FourValues
 43 
 [1, 0, 1, 1, 1] 
 [0, 1, 0, 0, 0] 
 0.9183055975794251 

FourValues
 43 
 [1, 1, 0, 1, 1] 
 [0, 0, 1, 0, 0] 
 0.7924528301886793 

FourValues
 43 
 [1, 1, 1, 0, 1] 
 [0, 0, 0, 1, 0] 
 0.7614840989399293 

FourValues
 43 
 [1, 1, 1, 1, 0] 
 [0, 0, 0, 0, 1] 
 0.6719022687609075 

FourValues
 43 
 [1, 1, 1, 1, 1] 
 [0, 0, 0, 0, 1] 
 0.9528795811518325 

FourValues
 43 
 [1, 1, 1, 1, 1] 
 [0, 0, 0, 1, 0] 
 0.9257950530035336 

FourValues
 43 
 [1, 1, 1, 1, 1] 
 [0, 0, 1, 0, 0] 
 0.9331046312178388 

FourValues
 43 
 [1, 1, 1, 1, 1] 
 [0, 1, 0, 0, 0] 
 0.972768532526475 

FourValues
 43 
 [1, 1, 1, 1, 1] 
 [1, 0, 0, 0, 0] 
 0.9696969696969697 

DataShapley
 44 
 [0] 
 [1, 1, 1, 1, 1] 
 0.628485052065838 

DataShapley
 44 
 [0, 3] 
 [1, 1, 1, 1, 1] 
 0.6990258649647296 

DataShapley
 44 
 [0, 3, 2] 
 [1, 1, 1, 1, 1] 
 0.9224051058112194 

DataShapley
 44 
 [0, 3, 2, 1] 
 [1, 1, 1, 1, 1] 
 0.903258313738663 

DataShapley
 44 
 [0, 3, 2, 1, 4] 
 [1, 1, 1, 1, 1] 
 0.9502855223379241 

FourValues
 44 
 [0, 0, 0, 0, 1] 
 [0, 0, 0, 0, 1] 
 0.9895287958115183 

FourValues
 44 
 [0, 0, 0, 1, 0] 
 [0, 0, 0, 1, 0] 
 0.9558303886925795 

FourValues
 44 
 [0, 0, 1, 0, 0] 
 [0, 0, 1, 0, 0] 
 0.9845626072041166 

FourValues
 44 
 [0, 1, 0, 0, 0] 
 [0, 1, 0, 0, 0] 
 0.9924357034795764 

FourValues
 44 
 [0, 1, 1, 1, 1] 
 [1, 0, 0, 0, 0] 
 0.9343434343434344 

FourValues
 44 
 [1, 0, 0, 0, 0] 
 [1, 0, 0, 0, 0] 
 0.9848484848484849 

FourValues
 44 
 [1, 0, 1, 1, 1] 
 [0, 1, 0, 0, 0] 
 0.8986384266263238 

FourValues
 44 
 [1, 1, 0, 1, 1] 
 [0, 0, 1, 0, 0] 
 0.7667238421955404 

FourValues
 44 
 [1, 1, 1, 0, 1] 
 [0, 0, 0, 1, 0] 
 0.726148409893993 

FourValues
 44 
 [1, 1, 1, 1, 0] 
 [0, 0, 0, 0, 1] 
 0.7102966841186736 

FourValues
 44 
 [1, 1, 1, 1, 1] 
 [0, 0, 0, 0, 1] 
 0.9476439790575916 

FourValues
 44 
 [1, 1, 1, 1, 1] 
 [0, 0, 0, 1, 0] 
 0.9293286219081273 

FourValues
 44 
 [1, 1, 1, 1, 1] 
 [0, 0, 1, 0, 0] 
 0.9262435677530018 

FourValues
 44 
 [1, 1, 1, 1, 1] 
 [0, 1, 0, 0, 0] 
 0.972768532526475 

FourValues
 44 
 [1, 1, 1, 1, 1] 
 [1, 0, 0, 0, 0] 
 0.9713804713804713 

DataShapley
 45 
 [1] 
 [1, 1, 1, 1, 1] 
 0.6160564326503191 

DataShapley
 45 
 [1, 2] 
 [1, 1, 1, 1, 1] 
 0.705408128988915 

DataShapley
 45 
 [1, 2, 4] 
 [1, 1, 1, 1, 1] 
 0.834061135371179 

DataShapley
 45 
 [1, 2, 4, 0] 
 [1, 1, 1, 1, 1] 
 0.9113201209271078 

DataShapley
 45 
 [1, 2, 4, 0, 3] 
 [1, 1, 1, 1, 1] 
 0.9486059791736647 

FourValues
 45 
 [0, 0, 0, 0, 1] 
 [0, 0, 0, 0, 1] 
 0.9912739965095986 

FourValues
 45 
 [0, 0, 0, 1, 0] 
 [0, 0, 0, 1, 0] 
 0.9717314487632509 

FourValues
 45 
 [0, 0, 1, 0, 0] 
 [0, 0, 1, 0, 0] 
 0.9794168096054888 

FourValues
 45 
 [0, 1, 0, 0, 0] 
 [0, 1, 0, 0, 0] 
 0.9939485627836612 

FourValues
 45 
 [0, 1, 1, 1, 1] 
 [1, 0, 0, 0, 0] 
 0.9292929292929293 

FourValues
 45 
 [1, 0, 0, 0, 0] 
 [1, 0, 0, 0, 0] 
 0.9865319865319865 

FourValues
 45 
 [1, 0, 1, 1, 1] 
 [0, 1, 0, 0, 0] 
 0.8910741301059002 

FourValues
 45 
 [1, 1, 0, 1, 1] 
 [0, 0, 1, 0, 0] 
 0.8164665523156089 

FourValues
 45 
 [1, 1, 1, 0, 1] 
 [0, 0, 0, 1, 0] 
 0.726148409893993 

FourValues
 45 
 [1, 1, 1, 1, 0] 
 [0, 0, 0, 0, 1] 
 0.7469458987783595 

FourValues
 45 
 [1, 1, 1, 1, 1] 
 [0, 0, 0, 0, 1] 
 0.9546247818499127 

FourValues
 45 
 [1, 1, 1, 1, 1] 
 [0, 0, 0, 1, 0] 
 0.9151943462897526 

FourValues
 45 
 [1, 1, 1, 1, 1] 
 [0, 0, 1, 0, 0] 
 0.9416809605488851 

FourValues
 45 
 [1, 1, 1, 1, 1] 
 [0, 1, 0, 0, 0] 
 0.9667170953101362 

FourValues
 45 
 [1, 1, 1, 1, 1] 
 [1, 0, 0, 0, 0] 
 0.9612794612794613 

DataShapley
 46 
 [3] 
 [1, 1, 1, 1, 1] 
 0.5757473967080954 

DataShapley
 46 
 [3, 4] 
 [1, 1, 1, 1, 1] 
 0.7816593886462883 

DataShapley
 46 
 [3, 4, 2] 
 [1, 1, 1, 1, 1] 
 0.8666442727578099 

DataShapley
 46 
 [3, 4, 2, 1] 
 [1, 1, 1, 1, 1] 
 0.9412159892509238 

DataShapley
 46 
 [3, 4, 2, 1, 0] 
 [1, 1, 1, 1, 1] 
 0.9502855223379241 

FourValues
 46 
 [0, 0, 0, 0, 1] 
 [0, 0, 0, 0, 1] 
 0.9895287958115183 

FourValues
 46 
 [0, 0, 0, 1, 0] 
 [0, 0, 0, 1, 0] 
 0.9734982332155477 

FourValues
 46 
 [0, 0, 1, 0, 0] 
 [0, 0, 1, 0, 0] 
 0.9759862778730704 

FourValues
 46 
 [0, 1, 0, 0, 0] 
 [0, 1, 0, 0, 0] 
 0.9939485627836612 

FourValues
 46 
 [0, 1, 1, 1, 1] 
 [1, 0, 0, 0, 0] 
 0.9259259259259259 

FourValues
 46 
 [1, 0, 0, 0, 0] 
 [1, 0, 0, 0, 0] 
 0.9848484848484849 

FourValues
 46 
 [1, 0, 1, 1, 1] 
 [0, 1, 0, 0, 0] 
 0.8850226928895613 

FourValues
 46 
 [1, 1, 0, 1, 1] 
 [0, 0, 1, 0, 0] 
 0.8404802744425386 

FourValues
 46 
 [1, 1, 1, 0, 1] 
 [0, 0, 0, 1, 0] 
 0.7208480565371025 

FourValues
 46 
 [1, 1, 1, 1, 0] 
 [0, 0, 0, 0, 1] 
 0.7225130890052356 

FourValues
 46 
 [1, 1, 1, 1, 1] 
 [0, 0, 0, 0, 1] 
 0.9581151832460733 

FourValues
 46 
 [1, 1, 1, 1, 1] 
 [0, 0, 0, 1, 0] 
 0.9169611307420494 

FourValues
 46 
 [1, 1, 1, 1, 1] 
 [0, 0, 1, 0, 0] 
 0.9416809605488851 

FourValues
 46 
 [1, 1, 1, 1, 1] 
 [0, 1, 0, 0, 0] 
 0.9652042360060514 

FourValues
 46 
 [1, 1, 1, 1, 1] 
 [1, 0, 0, 0, 0] 
 0.9663299663299664 

DataShapley
 47 
 [4] 
 [1, 1, 1, 1, 1] 
 0.5589519650655022 

DataShapley
 47 
 [4, 2] 
 [1, 1, 1, 1, 1] 
 0.7262344642257306 

DataShapley
 47 
 [4, 2, 1] 
 [1, 1, 1, 1, 1] 
 0.8592542828350689 

DataShapley
 47 
 [4, 2, 1, 0] 
 [1, 1, 1, 1, 1] 
 0.9213973799126638 

DataShapley
 47 
 [4, 2, 1, 0, 3] 
 [1, 1, 1, 1, 1] 
 0.9543164259321465 

FourValues
 47 
 [0, 0, 0, 0, 1] 
 [0, 0, 0, 0, 1] 
 0.9912739965095986 

FourValues
 47 
 [0, 0, 0, 1, 0] 
 [0, 0, 0, 1, 0] 
 0.9752650176678446 

FourValues
 47 
 [0, 0, 1, 0, 0] 
 [0, 0, 1, 0, 0] 
 0.9862778730703259 

FourValues
 47 
 [0, 1, 0, 0, 0] 
 [0, 1, 0, 0, 0] 
 0.9939485627836612 

FourValues
 47 
 [0, 1, 1, 1, 1] 
 [1, 0, 0, 0, 0] 
 0.9326599326599326 

FourValues
 47 
 [1, 0, 0, 0, 0] 
 [1, 0, 0, 0, 0] 
 0.98989898989899 

FourValues
 47 
 [1, 0, 1, 1, 1] 
 [0, 1, 0, 0, 0] 
 0.8986384266263238 

FourValues
 47 
 [1, 1, 0, 1, 1] 
 [0, 0, 1, 0, 0] 
 0.7770154373927959 

FourValues
 47 
 [1, 1, 1, 0, 1] 
 [0, 0, 0, 1, 0] 
 0.7597173144876325 

FourValues
 47 
 [1, 1, 1, 1, 0] 
 [0, 0, 0, 0, 1] 
 0.7120418848167539 

FourValues
 47 
 [1, 1, 1, 1, 1] 
 [0, 0, 0, 0, 1] 
 0.9528795811518325 

FourValues
 47 
 [1, 1, 1, 1, 1] 
 [0, 0, 0, 1, 0] 
 0.9293286219081273 

FourValues
 47 
 [1, 1, 1, 1, 1] 
 [0, 0, 1, 0, 0] 
 0.9451114922813036 

FourValues
 47 
 [1, 1, 1, 1, 1] 
 [0, 1, 0, 0, 0] 
 0.9697428139183056 

FourValues
 47 
 [1, 1, 1, 1, 1] 
 [1, 0, 0, 0, 0] 
 0.9713804713804713 

DataShapley
 48 
 [3] 
 [1, 1, 1, 1, 1] 
 0.5720524017467249 

DataShapley
 48 
 [3, 4] 
 [1, 1, 1, 1, 1] 
 0.7870339267719181 

DataShapley
 48 
 [3, 4, 1] 
 [1, 1, 1, 1, 1] 
 0.9227410144440712 

DataShapley
 48 
 [3, 4, 1, 0] 
 [1, 1, 1, 1, 1] 
 0.9230769230769231 

DataShapley
 48 
 [3, 4, 1, 0, 2] 
 [1, 1, 1, 1, 1] 
 0.9516291568693316 

FourValues
 48 
 [0, 0, 0, 0, 1] 
 [0, 0, 0, 0, 1] 
 0.9912739965095986 

FourValues
 48 
 [0, 0, 0, 1, 0] 
 [0, 0, 0, 1, 0] 
 0.9770318021201413 

FourValues
 48 
 [0, 0, 1, 0, 0] 
 [0, 0, 1, 0, 0] 
 0.9879931389365352 

FourValues
 48 
 [0, 1, 0, 0, 0] 
 [0, 1, 0, 0, 0] 
 0.9954614220877458 

FourValues
 48 
 [0, 1, 1, 1, 1] 
 [1, 0, 0, 0, 0] 
 0.9494949494949495 

FourValues
 48 
 [1, 0, 0, 0, 0] 
 [1, 0, 0, 0, 0] 
 0.9932659932659933 

FourValues
 48 
 [1, 0, 1, 1, 1] 
 [0, 1, 0, 0, 0] 
 0.897125567322239 

FourValues
 48 
 [1, 1, 0, 1, 1] 
 [0, 0, 1, 0, 0] 
 0.7958833619210978 

FourValues
 48 
 [1, 1, 1, 0, 1] 
 [0, 0, 0, 1, 0] 
 0.7561837455830389 

FourValues
 48 
 [1, 1, 1, 1, 0] 
 [0, 0, 0, 0, 1] 
 0.7888307155322862 

FourValues
 48 
 [1, 1, 1, 1, 1] 
 [0, 0, 0, 0, 1] 
 0.9616055846422339 

FourValues
 48 
 [1, 1, 1, 1, 1] 
 [0, 0, 0, 1, 0] 
 0.9169611307420494 

FourValues
 48 
 [1, 1, 1, 1, 1] 
 [0, 0, 1, 0, 0] 
 0.934819897084048 

FourValues
 48 
 [1, 1, 1, 1, 1] 
 [0, 1, 0, 0, 0] 
 0.9667170953101362 

FourValues
 48 
 [1, 1, 1, 1, 1] 
 [1, 0, 0, 0, 0] 
 0.9747474747474747 

DataShapley
 49 
 [2] 
 [1, 1, 1, 1, 1] 
 0.47463889821968425 

DataShapley
 49 
 [2, 3] 
 [1, 1, 1, 1, 1] 
 0.9099764863957004 

DataShapley
 49 
 [2, 3, 1] 
 [1, 1, 1, 1, 1] 
 0.893516963385959 

DataShapley
 49 
 [2, 3, 1, 4] 
 [1, 1, 1, 1, 1] 
 0.9499496137050722 

DataShapley
 49 
 [2, 3, 1, 4, 0] 
 [1, 1, 1, 1, 1] 
 0.9546523345649983 

FourValues
 49 
 [0, 0, 0, 0, 1] 
 [0, 0, 0, 0, 1] 
 0.9912739965095986 

FourValues
 49 
 [0, 0, 0, 1, 0] 
 [0, 0, 0, 1, 0] 
 0.9787985865724381 

FourValues
 49 
 [0, 0, 1, 0, 0] 
 [0, 0, 1, 0, 0] 
 0.9811320754716981 

FourValues
 49 
 [0, 1, 0, 0, 0] 
 [0, 1, 0, 0, 0] 
 0.9924357034795764 

FourValues
 49 
 [0, 1, 1, 1, 1] 
 [1, 0, 0, 0, 0] 
 0.9343434343434344 

FourValues
 49 
 [1, 0, 0, 0, 0] 
 [1, 0, 0, 0, 0] 
 0.9915824915824916 

FourValues
 49 
 [1, 0, 1, 1, 1] 
 [0, 1, 0, 0, 0] 
 0.8925869894099848 

FourValues
 49 
 [1, 1, 0, 1, 1] 
 [0, 0, 1, 0, 0] 
 0.8130360205831904 

FourValues
 49 
 [1, 1, 1, 0, 1] 
 [0, 0, 0, 1, 0] 
 0.7773851590106007 

FourValues
 49 
 [1, 1, 1, 1, 0] 
 [0, 0, 0, 0, 1] 
 0.7469458987783595 

FourValues
 49 
 [1, 1, 1, 1, 1] 
 [0, 0, 0, 0, 1] 
 0.9528795811518325 

FourValues
 49 
 [1, 1, 1, 1, 1] 
 [0, 0, 0, 1, 0] 
 0.931095406360424 

FourValues
 49 
 [1, 1, 1, 1, 1] 
 [0, 0, 1, 0, 0] 
 0.9451114922813036 

FourValues
 49 
 [1, 1, 1, 1, 1] 
 [0, 1, 0, 0, 0] 
 0.9742813918305597 

FourValues
 49 
 [1, 1, 1, 1, 1] 
 [1, 0, 0, 0, 0] 
 0.9663299663299664 

