
Experimental details:
    Model     : mlp
    Optimizer : sgd
    Learning  : 0.01
    Global Rounds   : 50

    Federated parameters:
    Non-IID
    Fraction of users  : 0.1
    Local Batch size   : 10
    Local Epochs       : 1


Experimental details:
    Model     : mlp
    Optimizer : sgd
    Learning  : 0.01
    Global Rounds   : 50

    Federated parameters:
    Non-IID
    Fraction of users  : 0.1
    Local Batch size   : 10
    Local Epochs       : 1

DataShapley
 0 
 [4] 
 [1, 1, 1, 1, 1] 
 0.5687751004016064 

DataShapley
 0 
 [4, 3] 
 [1, 1, 1, 1, 1] 
 0.5788152610441767 

DataShapley
 0 
 [4, 3, 2] 
 [1, 1, 1, 1, 1] 
 0.5301204819277109 

DataShapley
 0 
 [4, 3, 2, 1] 
 [1, 1, 1, 1, 1] 
 0.5135542168674698 

DataShapley
 0 
 [4, 3, 2, 1, 0] 
 [1, 1, 1, 1, 1] 
 0.5592369477911646 

FourValues
 0 
 [0, 0, 0, 0, 1] 
 [0, 0, 0, 0, 1] 
 0.9891891891891892 

FourValues
 0 
 [0, 0, 0, 1, 0] 
 [0, 0, 0, 1, 0] 
 0.9973045822102425 

FourValues
 0 
 [0, 0, 1, 0, 0] 
 [0, 0, 1, 0, 0] 
 0.9848101265822785 

FourValues
 0 
 [0, 1, 0, 0, 0] 
 [0, 1, 0, 0, 0] 
 0.966903073286052 

FourValues
 0 
 [0, 1, 1, 1, 1] 
 [1, 0, 0, 0, 0] 
 0.44803695150115475 

FourValues
 0 
 [1, 0, 0, 0, 0] 
 [1, 0, 0, 0, 0] 
 1.0 

FourValues
 0 
 [1, 0, 1, 1, 1] 
 [0, 1, 0, 0, 0] 
 0.5177304964539007 

FourValues
 0 
 [1, 1, 0, 1, 1] 
 [0, 0, 1, 0, 0] 
 0.4810126582278481 

FourValues
 0 
 [1, 1, 1, 0, 1] 
 [0, 0, 0, 1, 0] 
 0.49595687331536387 

FourValues
 0 
 [1, 1, 1, 1, 0] 
 [0, 0, 0, 0, 1] 
 0.5216216216216216 

FourValues
 0 
 [1, 1, 1, 1, 1] 
 [0, 0, 0, 0, 1] 
 0.5216216216216216 

FourValues
 0 
 [1, 1, 1, 1, 1] 
 [0, 0, 0, 1, 0] 
 0.5067385444743935 

FourValues
 0 
 [1, 1, 1, 1, 1] 
 [0, 0, 1, 0, 0] 
 0.4911392405063291 

FourValues
 0 
 [1, 1, 1, 1, 1] 
 [0, 1, 0, 0, 0] 
 0.524822695035461 

FourValues
 0 
 [1, 1, 1, 1, 1] 
 [1, 0, 0, 0, 0] 
 0.7321016166281755 

DataShapley
 1 
 [0] 
 [1, 1, 1, 1, 1] 
 0.6104417670682731 

DataShapley
 1 
 [0, 1] 
 [1, 1, 1, 1, 1] 
 0.6757028112449799 

DataShapley
 1 
 [0, 1, 4] 
 [1, 1, 1, 1, 1] 
 0.6571285140562249 

DataShapley
 1 
 [0, 1, 4, 3] 
 [1, 1, 1, 1, 1] 
 0.6897590361445783 

DataShapley
 1 
 [0, 1, 4, 3, 2] 
 [1, 1, 1, 1, 1] 
 0.6922690763052208 

FourValues
 1 
 [0, 0, 0, 0, 1] 
 [0, 0, 0, 0, 1] 
 0.9864864864864865 

FourValues
 1 
 [0, 0, 0, 1, 0] 
 [0, 0, 0, 1, 0] 
 1.0 

FourValues
 1 
 [0, 0, 1, 0, 0] 
 [0, 0, 1, 0, 0] 
 0.9949367088607595 

FourValues
 1 
 [0, 1, 0, 0, 0] 
 [0, 1, 0, 0, 0] 
 0.9692671394799054 

FourValues
 1 
 [0, 1, 1, 1, 1] 
 [1, 0, 0, 0, 0] 
 0.44803695150115475 

FourValues
 1 
 [1, 0, 0, 0, 0] 
 [1, 0, 0, 0, 0] 
 0.9976905311778291 

FourValues
 1 
 [1, 0, 1, 1, 1] 
 [0, 1, 0, 0, 0] 
 0.5153664302600472 

FourValues
 1 
 [1, 1, 0, 1, 1] 
 [0, 0, 1, 0, 0] 
 0.4810126582278481 

FourValues
 1 
 [1, 1, 1, 0, 1] 
 [0, 0, 0, 1, 0] 
 0.49595687331536387 

FourValues
 1 
 [1, 1, 1, 1, 0] 
 [0, 0, 0, 0, 1] 
 0.5216216216216216 

FourValues
 1 
 [1, 1, 1, 1, 1] 
 [0, 0, 0, 0, 1] 
 0.5351351351351351 

FourValues
 1 
 [1, 1, 1, 1, 1] 
 [0, 0, 0, 1, 0] 
 0.6981132075471698 

FourValues
 1 
 [1, 1, 1, 1, 1] 
 [0, 0, 1, 0, 0] 
 0.5594936708860759 

FourValues
 1 
 [1, 1, 1, 1, 1] 
 [0, 1, 0, 0, 0] 
 0.6572104018912529 

FourValues
 1 
 [1, 1, 1, 1, 1] 
 [1, 0, 0, 0, 0] 
 0.976905311778291 

DataShapley
 2 
 [0] 
 [1, 1, 1, 1, 1] 
 0.6109437751004017 

DataShapley
 2 
 [0, 4] 
 [1, 1, 1, 1, 1] 
 0.6646586345381527 

DataShapley
 2 
 [0, 4, 1] 
 [1, 1, 1, 1, 1] 
 0.6892570281124498 

DataShapley
 2 
 [0, 4, 1, 2] 
 [1, 1, 1, 1, 1] 
 0.7133534136546185 

DataShapley
 2 
 [0, 4, 1, 2, 3] 
 [1, 1, 1, 1, 1] 
 0.7424698795180723 

FourValues
 2 
 [0, 0, 0, 0, 1] 
 [0, 0, 0, 0, 1] 
 0.9891891891891892 

FourValues
 2 
 [0, 0, 0, 1, 0] 
 [0, 0, 0, 1, 0] 
 0.9973045822102425 

FourValues
 2 
 [0, 0, 1, 0, 0] 
 [0, 0, 1, 0, 0] 
 0.9949367088607595 

FourValues
 2 
 [0, 1, 0, 0, 0] 
 [0, 1, 0, 0, 0] 
 0.9692671394799054 

FourValues
 2 
 [0, 1, 1, 1, 1] 
 [1, 0, 0, 0, 0] 
 0.45727482678983833 

FourValues
 2 
 [1, 0, 0, 0, 0] 
 [1, 0, 0, 0, 0] 
 0.9976905311778291 

FourValues
 2 
 [1, 0, 1, 1, 1] 
 [0, 1, 0, 0, 0] 
 0.5224586288416075 

FourValues
 2 
 [1, 1, 0, 1, 1] 
 [0, 0, 1, 0, 0] 
 0.4810126582278481 

FourValues
 2 
 [1, 1, 1, 0, 1] 
 [0, 0, 0, 1, 0] 
 0.5121293800539084 

FourValues
 2 
 [1, 1, 1, 1, 0] 
 [0, 0, 0, 0, 1] 
 0.5216216216216216 

FourValues
 2 
 [1, 1, 1, 1, 1] 
 [0, 0, 0, 0, 1] 
 0.5621621621621622 

FourValues
 2 
 [1, 1, 1, 1, 1] 
 [0, 0, 0, 1, 0] 
 0.7951482479784366 

FourValues
 2 
 [1, 1, 1, 1, 1] 
 [0, 0, 1, 0, 0] 
 0.6177215189873417 

FourValues
 2 
 [1, 1, 1, 1, 1] 
 [0, 1, 0, 0, 0] 
 0.7257683215130024 

FourValues
 2 
 [1, 1, 1, 1, 1] 
 [1, 0, 0, 0, 0] 
 0.9815242494226328 

DataShapley
 3 
 [1] 
 [1, 1, 1, 1, 1] 
 0.5868473895582329 

DataShapley
 3 
 [1, 0] 
 [1, 1, 1, 1, 1] 
 0.697289156626506 

DataShapley
 3 
 [1, 0, 4] 
 [1, 1, 1, 1, 1] 
 0.7218875502008032 

DataShapley
 3 
 [1, 0, 4, 2] 
 [1, 1, 1, 1, 1] 
 0.767570281124498 

DataShapley
 3 
 [1, 0, 4, 2, 3] 
 [1, 1, 1, 1, 1] 
 0.802710843373494 

FourValues
 3 
 [0, 0, 0, 0, 1] 
 [0, 0, 0, 0, 1] 
 0.9864864864864865 

FourValues
 3 
 [0, 0, 0, 1, 0] 
 [0, 0, 0, 1, 0] 
 0.9973045822102425 

FourValues
 3 
 [0, 0, 1, 0, 0] 
 [0, 0, 1, 0, 0] 
 0.9949367088607595 

FourValues
 3 
 [0, 1, 0, 0, 0] 
 [0, 1, 0, 0, 0] 
 0.9692671394799054 

FourValues
 3 
 [0, 1, 1, 1, 1] 
 [1, 0, 0, 0, 0] 
 0.5011547344110855 

FourValues
 3 
 [1, 0, 0, 0, 0] 
 [1, 0, 0, 0, 0] 
 0.9976905311778291 

FourValues
 3 
 [1, 0, 1, 1, 1] 
 [0, 1, 0, 0, 0] 
 0.5555555555555556 

FourValues
 3 
 [1, 1, 0, 1, 1] 
 [0, 0, 1, 0, 0] 
 0.4810126582278481 

FourValues
 3 
 [1, 1, 1, 0, 1] 
 [0, 0, 0, 1, 0] 
 0.5795148247978437 

FourValues
 3 
 [1, 1, 1, 1, 0] 
 [0, 0, 0, 0, 1] 
 0.5216216216216216 

FourValues
 3 
 [1, 1, 1, 1, 1] 
 [0, 0, 0, 0, 1] 
 0.6486486486486487 

FourValues
 3 
 [1, 1, 1, 1, 1] 
 [0, 0, 0, 1, 0] 
 0.8679245283018868 

FourValues
 3 
 [1, 1, 1, 1, 1] 
 [0, 0, 1, 0, 0] 
 0.7063291139240506 

FourValues
 3 
 [1, 1, 1, 1, 1] 
 [0, 1, 0, 0, 0] 
 0.7872340425531915 

FourValues
 3 
 [1, 1, 1, 1, 1] 
 [1, 0, 0, 0, 0] 
 0.9815242494226328 

DataShapley
 4 
 [3] 
 [1, 1, 1, 1, 1] 
 0.5863453815261044 

DataShapley
 4 
 [3, 0] 
 [1, 1, 1, 1, 1] 
 0.6982931726907631 

DataShapley
 4 
 [3, 0, 1] 
 [1, 1, 1, 1, 1] 
 0.766566265060241 

DataShapley
 4 
 [3, 0, 1, 4] 
 [1, 1, 1, 1, 1] 
 0.7896586345381527 

DataShapley
 4 
 [3, 0, 1, 4, 2] 
 [1, 1, 1, 1, 1] 
 0.8403614457831325 

FourValues
 4 
 [0, 0, 0, 0, 1] 
 [0, 0, 0, 0, 1] 
 0.9918918918918919 

FourValues
 4 
 [0, 0, 0, 1, 0] 
 [0, 0, 0, 1, 0] 
 0.9973045822102425 

FourValues
 4 
 [0, 0, 1, 0, 0] 
 [0, 0, 1, 0, 0] 
 0.9974683544303797 

FourValues
 4 
 [0, 1, 0, 0, 0] 
 [0, 1, 0, 0, 0] 
 0.9787234042553191 

FourValues
 4 
 [0, 1, 1, 1, 1] 
 [1, 0, 0, 0, 0] 
 0.5542725173210161 

FourValues
 4 
 [1, 0, 0, 0, 0] 
 [1, 0, 0, 0, 0] 
 0.9976905311778291 

FourValues
 4 
 [1, 0, 1, 1, 1] 
 [0, 1, 0, 0, 0] 
 0.5981087470449172 

FourValues
 4 
 [1, 1, 0, 1, 1] 
 [0, 0, 1, 0, 0] 
 0.4810126582278481 

FourValues
 4 
 [1, 1, 1, 0, 1] 
 [0, 0, 0, 1, 0] 
 0.6684636118598383 

FourValues
 4 
 [1, 1, 1, 1, 0] 
 [0, 0, 0, 0, 1] 
 0.5216216216216216 

FourValues
 4 
 [1, 1, 1, 1, 1] 
 [0, 0, 0, 0, 1] 
 0.6945945945945946 

FourValues
 4 
 [1, 1, 1, 1, 1] 
 [0, 0, 0, 1, 0] 
 0.8921832884097035 

FourValues
 4 
 [1, 1, 1, 1, 1] 
 [0, 0, 1, 0, 0] 
 0.7924050632911392 

FourValues
 4 
 [1, 1, 1, 1, 1] 
 [0, 1, 0, 0, 0] 
 0.8274231678486997 

FourValues
 4 
 [1, 1, 1, 1, 1] 
 [1, 0, 0, 0, 0] 
 0.976905311778291 

DataShapley
 5 
 [1] 
 [1, 1, 1, 1, 1] 
 0.588855421686747 

DataShapley
 5 
 [1, 3] 
 [1, 1, 1, 1, 1] 
 0.6752008032128514 

DataShapley
 5 
 [1, 3, 0] 
 [1, 1, 1, 1, 1] 
 0.7821285140562249 

DataShapley
 5 
 [1, 3, 0, 2] 
 [1, 1, 1, 1, 1] 
 0.8293172690763052 

DataShapley
 5 
 [1, 3, 0, 2, 4] 
 [1, 1, 1, 1, 1] 
 0.8614457831325302 

FourValues
 5 
 [0, 0, 0, 0, 1] 
 [0, 0, 0, 0, 1] 
 0.9918918918918919 

FourValues
 5 
 [0, 0, 0, 1, 0] 
 [0, 0, 0, 1, 0] 
 0.9973045822102425 

FourValues
 5 
 [0, 0, 1, 0, 0] 
 [0, 0, 1, 0, 0] 
 0.9949367088607595 

FourValues
 5 
 [0, 1, 0, 0, 0] 
 [0, 1, 0, 0, 0] 
 0.9739952718676123 

FourValues
 5 
 [0, 1, 1, 1, 1] 
 [1, 0, 0, 0, 0] 
 0.6859122401847575 

FourValues
 5 
 [1, 0, 0, 0, 0] 
 [1, 0, 0, 0, 0] 
 0.9976905311778291 

FourValues
 5 
 [1, 0, 1, 1, 1] 
 [0, 1, 0, 0, 0] 
 0.6382978723404256 

FourValues
 5 
 [1, 1, 0, 1, 1] 
 [0, 0, 1, 0, 0] 
 0.4810126582278481 

FourValues
 5 
 [1, 1, 1, 0, 1] 
 [0, 0, 0, 1, 0] 
 0.7358490566037735 

FourValues
 5 
 [1, 1, 1, 1, 0] 
 [0, 0, 0, 0, 1] 
 0.5297297297297298 

FourValues
 5 
 [1, 1, 1, 1, 1] 
 [0, 0, 0, 0, 1] 
 0.754054054054054 

FourValues
 5 
 [1, 1, 1, 1, 1] 
 [0, 0, 0, 1, 0] 
 0.9110512129380054 

FourValues
 5 
 [1, 1, 1, 1, 1] 
 [0, 0, 1, 0, 0] 
 0.8 

FourValues
 5 
 [1, 1, 1, 1, 1] 
 [0, 1, 0, 0, 0] 
 0.8534278959810875 

FourValues
 5 
 [1, 1, 1, 1, 1] 
 [1, 0, 0, 0, 0] 
 0.9745958429561201 

DataShapley
 6 
 [4] 
 [1, 1, 1, 1, 1] 
 0.5768072289156626 

DataShapley
 6 
 [4, 0] 
 [1, 1, 1, 1, 1] 
 0.7243975903614458 

DataShapley
 6 
 [4, 0, 1] 
 [1, 1, 1, 1, 1] 
 0.7876506024096386 

DataShapley
 6 
 [4, 0, 1, 3] 
 [1, 1, 1, 1, 1] 
 0.8197791164658634 

DataShapley
 6 
 [4, 0, 1, 3, 2] 
 [1, 1, 1, 1, 1] 
 0.8795180722891566 

FourValues
 6 
 [0, 0, 0, 0, 1] 
 [0, 0, 0, 0, 1] 
 0.9891891891891892 

FourValues
 6 
 [0, 0, 0, 1, 0] 
 [0, 0, 0, 1, 0] 
 1.0 

FourValues
 6 
 [0, 0, 1, 0, 0] 
 [0, 0, 1, 0, 0] 
 0.9924050632911392 

FourValues
 6 
 [0, 1, 0, 0, 0] 
 [0, 1, 0, 0, 0] 
 0.9810874704491725 

FourValues
 6 
 [0, 1, 1, 1, 1] 
 [1, 0, 0, 0, 0] 
 0.7159353348729792 

FourValues
 6 
 [1, 0, 0, 0, 0] 
 [1, 0, 0, 0, 0] 
 0.9976905311778291 

FourValues
 6 
 [1, 0, 1, 1, 1] 
 [0, 1, 0, 0, 0] 
 0.6903073286052009 

FourValues
 6 
 [1, 1, 0, 1, 1] 
 [0, 0, 1, 0, 0] 
 0.48860759493670886 

FourValues
 6 
 [1, 1, 1, 0, 1] 
 [0, 0, 0, 1, 0] 
 0.7816711590296496 

FourValues
 6 
 [1, 1, 1, 1, 0] 
 [0, 0, 0, 0, 1] 
 0.5351351351351351 

FourValues
 6 
 [1, 1, 1, 1, 1] 
 [0, 0, 0, 0, 1] 
 0.7837837837837838 

FourValues
 6 
 [1, 1, 1, 1, 1] 
 [0, 0, 0, 1, 0] 
 0.9326145552560647 

FourValues
 6 
 [1, 1, 1, 1, 1] 
 [0, 0, 1, 0, 0] 
 0.830379746835443 

FourValues
 6 
 [1, 1, 1, 1, 1] 
 [0, 1, 0, 0, 0] 
 0.8652482269503546 

FourValues
 6 
 [1, 1, 1, 1, 1] 
 [1, 0, 0, 0, 0] 
 0.9745958429561201 

DataShapley
 7 
 [3] 
 [1, 1, 1, 1, 1] 
 0.6420682730923695 

DataShapley
 7 
 [3, 0] 
 [1, 1, 1, 1, 1] 
 0.7550200803212851 

DataShapley
 7 
 [3, 0, 4] 
 [1, 1, 1, 1, 1] 
 0.7971887550200804 

DataShapley
 7 
 [3, 0, 4, 2] 
 [1, 1, 1, 1, 1] 
 0.8684738955823293 

DataShapley
 7 
 [3, 0, 4, 2, 1] 
 [1, 1, 1, 1, 1] 
 0.891566265060241 

FourValues
 7 
 [0, 0, 0, 0, 1] 
 [0, 0, 0, 0, 1] 
 0.9891891891891892 

FourValues
 7 
 [0, 0, 0, 1, 0] 
 [0, 0, 0, 1, 0] 
 0.9973045822102425 

FourValues
 7 
 [0, 0, 1, 0, 0] 
 [0, 0, 1, 0, 0] 
 0.9974683544303797 

FourValues
 7 
 [0, 1, 0, 0, 0] 
 [0, 1, 0, 0, 0] 
 0.9716312056737588 

FourValues
 7 
 [0, 1, 1, 1, 1] 
 [1, 0, 0, 0, 0] 
 0.7990762124711316 

FourValues
 7 
 [1, 0, 0, 0, 0] 
 [1, 0, 0, 0, 0] 
 0.9976905311778291 

FourValues
 7 
 [1, 0, 1, 1, 1] 
 [0, 1, 0, 0, 0] 
 0.7186761229314421 

FourValues
 7 
 [1, 1, 0, 1, 1] 
 [0, 0, 1, 0, 0] 
 0.5037974683544304 

FourValues
 7 
 [1, 1, 1, 0, 1] 
 [0, 0, 0, 1, 0] 
 0.8059299191374663 

FourValues
 7 
 [1, 1, 1, 1, 0] 
 [0, 0, 0, 0, 1] 
 0.5486486486486486 

FourValues
 7 
 [1, 1, 1, 1, 1] 
 [0, 0, 0, 0, 1] 
 0.8054054054054054 

FourValues
 7 
 [1, 1, 1, 1, 1] 
 [0, 0, 0, 1, 0] 
 0.9299191374663073 

FourValues
 7 
 [1, 1, 1, 1, 1] 
 [0, 0, 1, 0, 0] 
 0.8607594936708861 

FourValues
 7 
 [1, 1, 1, 1, 1] 
 [0, 1, 0, 0, 0] 
 0.8699763593380615 

FourValues
 7 
 [1, 1, 1, 1, 1] 
 [1, 0, 0, 0, 0] 
 0.9815242494226328 

DataShapley
 8 
 [1] 
 [1, 1, 1, 1, 1] 
 0.6169678714859438 

DataShapley
 8 
 [1, 3] 
 [1, 1, 1, 1, 1] 
 0.7469879518072289 

DataShapley
 8 
 [1, 3, 0] 
 [1, 1, 1, 1, 1] 
 0.8232931726907631 

DataShapley
 8 
 [1, 3, 0, 4] 
 [1, 1, 1, 1, 1] 
 0.8383534136546185 

DataShapley
 8 
 [1, 3, 0, 4, 2] 
 [1, 1, 1, 1, 1] 
 0.8945783132530121 

FourValues
 8 
 [0, 0, 0, 0, 1] 
 [0, 0, 0, 0, 1] 
 0.9918918918918919 

FourValues
 8 
 [0, 0, 0, 1, 0] 
 [0, 0, 0, 1, 0] 
 0.9973045822102425 

FourValues
 8 
 [0, 0, 1, 0, 0] 
 [0, 0, 1, 0, 0] 
 0.9924050632911392 

FourValues
 8 
 [0, 1, 0, 0, 0] 
 [0, 1, 0, 0, 0] 
 0.9810874704491725 

FourValues
 8 
 [0, 1, 1, 1, 1] 
 [1, 0, 0, 0, 0] 
 0.8429561200923787 

FourValues
 8 
 [1, 0, 0, 0, 0] 
 [1, 0, 0, 0, 0] 
 0.9976905311778291 

FourValues
 8 
 [1, 0, 1, 1, 1] 
 [0, 1, 0, 0, 0] 
 0.7304964539007093 

FourValues
 8 
 [1, 1, 0, 1, 1] 
 [0, 0, 1, 0, 0] 
 0.5316455696202531 

FourValues
 8 
 [1, 1, 1, 0, 1] 
 [0, 0, 0, 1, 0] 
 0.8140161725067385 

FourValues
 8 
 [1, 1, 1, 1, 0] 
 [0, 0, 0, 0, 1] 
 0.5567567567567567 

FourValues
 8 
 [1, 1, 1, 1, 1] 
 [0, 0, 0, 0, 1] 
 0.8081081081081081 

FourValues
 8 
 [1, 1, 1, 1, 1] 
 [0, 0, 0, 1, 0] 
 0.9299191374663073 

FourValues
 8 
 [1, 1, 1, 1, 1] 
 [0, 0, 1, 0, 0] 
 0.8683544303797468 

FourValues
 8 
 [1, 1, 1, 1, 1] 
 [0, 1, 0, 0, 0] 
 0.8747044917257684 

FourValues
 8 
 [1, 1, 1, 1, 1] 
 [1, 0, 0, 0, 0] 
 0.9815242494226328 

DataShapley
 9 
 [2] 
 [1, 1, 1, 1, 1] 
 0.6275100401606426 

DataShapley
 9 
 [2, 0] 
 [1, 1, 1, 1, 1] 
 0.8022088353413654 

DataShapley
 9 
 [2, 0, 3] 
 [1, 1, 1, 1, 1] 
 0.8348393574297188 

DataShapley
 9 
 [2, 0, 3, 1] 
 [1, 1, 1, 1, 1] 
 0.8714859437751004 

DataShapley
 9 
 [2, 0, 3, 1, 4] 
 [1, 1, 1, 1, 1] 
 0.9066265060240963 

FourValues
 9 
 [0, 0, 0, 0, 1] 
 [0, 0, 0, 0, 1] 
 0.9891891891891892 

FourValues
 9 
 [0, 0, 0, 1, 0] 
 [0, 0, 0, 1, 0] 
 0.9973045822102425 

FourValues
 9 
 [0, 0, 1, 0, 0] 
 [0, 0, 1, 0, 0] 
 0.9974683544303797 

FourValues
 9 
 [0, 1, 0, 0, 0] 
 [0, 1, 0, 0, 0] 
 0.9810874704491725 

FourValues
 9 
 [0, 1, 1, 1, 1] 
 [1, 0, 0, 0, 0] 
 0.8637413394919169 

FourValues
 9 
 [1, 0, 0, 0, 0] 
 [1, 0, 0, 0, 0] 
 1.0 

FourValues
 9 
 [1, 0, 1, 1, 1] 
 [0, 1, 0, 0, 0] 
 0.7446808510638298 

FourValues
 9 
 [1, 1, 0, 1, 1] 
 [0, 0, 1, 0, 0] 
 0.5341772151898734 

FourValues
 9 
 [1, 1, 1, 0, 1] 
 [0, 0, 0, 1, 0] 
 0.8490566037735849 

FourValues
 9 
 [1, 1, 1, 1, 0] 
 [0, 0, 0, 0, 1] 
 0.5864864864864865 

FourValues
 9 
 [1, 1, 1, 1, 1] 
 [0, 0, 0, 0, 1] 
 0.8297297297297297 

FourValues
 9 
 [1, 1, 1, 1, 1] 
 [0, 0, 0, 1, 0] 
 0.9433962264150944 

FourValues
 9 
 [1, 1, 1, 1, 1] 
 [0, 0, 1, 0, 0] 
 0.8759493670886076 

FourValues
 9 
 [1, 1, 1, 1, 1] 
 [0, 1, 0, 0, 0] 
 0.8912529550827423 

FourValues
 9 
 [1, 1, 1, 1, 1] 
 [1, 0, 0, 0, 0] 
 0.9838337182448037 

DataShapley
 10 
 [1] 
 [1, 1, 1, 1, 1] 
 0.6511044176706827 

DataShapley
 10 
 [1, 2] 
 [1, 1, 1, 1, 1] 
 0.7670682730923695 

DataShapley
 10 
 [1, 2, 4] 
 [1, 1, 1, 1, 1] 
 0.8734939759036144 

DataShapley
 10 
 [1, 2, 4, 3] 
 [1, 1, 1, 1, 1] 
 0.9006024096385542 

DataShapley
 10 
 [1, 2, 4, 3, 0] 
 [1, 1, 1, 1, 1] 
 0.911144578313253 

FourValues
 10 
 [0, 0, 0, 0, 1] 
 [0, 0, 0, 0, 1] 
 0.9918918918918919 

FourValues
 10 
 [0, 0, 0, 1, 0] 
 [0, 0, 0, 1, 0] 
 0.9973045822102425 

FourValues
 10 
 [0, 0, 1, 0, 0] 
 [0, 0, 1, 0, 0] 
 0.9974683544303797 

FourValues
 10 
 [0, 1, 0, 0, 0] 
 [0, 1, 0, 0, 0] 
 0.9787234042553191 

FourValues
 10 
 [0, 1, 1, 1, 1] 
 [1, 0, 0, 0, 0] 
 0.8775981524249422 

FourValues
 10 
 [1, 0, 0, 0, 0] 
 [1, 0, 0, 0, 0] 
 0.9976905311778291 

FourValues
 10 
 [1, 0, 1, 1, 1] 
 [0, 1, 0, 0, 0] 
 0.7754137115839244 

FourValues
 10 
 [1, 1, 0, 1, 1] 
 [0, 0, 1, 0, 0] 
 0.5746835443037974 

FourValues
 10 
 [1, 1, 1, 0, 1] 
 [0, 0, 0, 1, 0] 
 0.862533692722372 

FourValues
 10 
 [1, 1, 1, 1, 0] 
 [0, 0, 0, 0, 1] 
 0.5891891891891892 

FourValues
 10 
 [1, 1, 1, 1, 1] 
 [0, 0, 0, 0, 1] 
 0.8351351351351352 

FourValues
 10 
 [1, 1, 1, 1, 1] 
 [0, 0, 0, 1, 0] 
 0.9460916442048517 

FourValues
 10 
 [1, 1, 1, 1, 1] 
 [0, 0, 1, 0, 0] 
 0.8860759493670886 

FourValues
 10 
 [1, 1, 1, 1, 1] 
 [0, 1, 0, 0, 0] 
 0.8959810874704491 

FourValues
 10 
 [1, 1, 1, 1, 1] 
 [1, 0, 0, 0, 0] 
 0.9838337182448037 

DataShapley
 11 
 [4] 
 [1, 1, 1, 1, 1] 
 0.6169678714859438 

DataShapley
 11 
 [4, 1] 
 [1, 1, 1, 1, 1] 
 0.7444779116465864 

DataShapley
 11 
 [4, 1, 3] 
 [1, 1, 1, 1, 1] 
 0.8303212851405622 

DataShapley
 11 
 [4, 1, 3, 0] 
 [1, 1, 1, 1, 1] 
 0.8619477911646586 

DataShapley
 11 
 [4, 1, 3, 0, 2] 
 [1, 1, 1, 1, 1] 
 0.9171686746987951 

FourValues
 11 
 [0, 0, 0, 0, 1] 
 [0, 0, 0, 0, 1] 
 0.9918918918918919 

FourValues
 11 
 [0, 0, 0, 1, 0] 
 [0, 0, 0, 1, 0] 
 0.9973045822102425 

FourValues
 11 
 [0, 0, 1, 0, 0] 
 [0, 0, 1, 0, 0] 
 0.9974683544303797 

FourValues
 11 
 [0, 1, 0, 0, 0] 
 [0, 1, 0, 0, 0] 
 0.9787234042553191 

FourValues
 11 
 [0, 1, 1, 1, 1] 
 [1, 0, 0, 0, 0] 
 0.8891454965357968 

FourValues
 11 
 [1, 0, 0, 0, 0] 
 [1, 0, 0, 0, 0] 
 0.9976905311778291 

FourValues
 11 
 [1, 0, 1, 1, 1] 
 [0, 1, 0, 0, 0] 
 0.7801418439716312 

FourValues
 11 
 [1, 1, 0, 1, 1] 
 [0, 0, 1, 0, 0] 
 0.589873417721519 

FourValues
 11 
 [1, 1, 1, 0, 1] 
 [0, 0, 0, 1, 0] 
 0.862533692722372 

FourValues
 11 
 [1, 1, 1, 1, 0] 
 [0, 0, 0, 0, 1] 
 0.6135135135135135 

FourValues
 11 
 [1, 1, 1, 1, 1] 
 [0, 0, 0, 0, 1] 
 0.8513513513513513 

FourValues
 11 
 [1, 1, 1, 1, 1] 
 [0, 0, 0, 1, 0] 
 0.9487870619946092 

FourValues
 11 
 [1, 1, 1, 1, 1] 
 [0, 0, 1, 0, 0] 
 0.8962025316455696 

FourValues
 11 
 [1, 1, 1, 1, 1] 
 [0, 1, 0, 0, 0] 
 0.8983451536643026 

FourValues
 11 
 [1, 1, 1, 1, 1] 
 [1, 0, 0, 0, 0] 
 0.9838337182448037 

DataShapley
 12 
 [2] 
 [1, 1, 1, 1, 1] 
 0.6465863453815262 

DataShapley
 12 
 [2, 0] 
 [1, 1, 1, 1, 1] 
 0.8237951807228916 

DataShapley
 12 
 [2, 0, 4] 
 [1, 1, 1, 1, 1] 
 0.892570281124498 

DataShapley
 12 
 [2, 0, 4, 1] 
 [1, 1, 1, 1, 1] 
 0.9106425702811245 

DataShapley
 12 
 [2, 0, 4, 1, 3] 
 [1, 1, 1, 1, 1] 
 0.9241967871485943 

FourValues
 12 
 [0, 0, 0, 0, 1] 
 [0, 0, 0, 0, 1] 
 0.9918918918918919 

FourValues
 12 
 [0, 0, 0, 1, 0] 
 [0, 0, 0, 1, 0] 
 1.0 

FourValues
 12 
 [0, 0, 1, 0, 0] 
 [0, 0, 1, 0, 0] 
 0.9974683544303797 

FourValues
 12 
 [0, 1, 0, 0, 0] 
 [0, 1, 0, 0, 0] 
 0.9810874704491725 

FourValues
 12 
 [0, 1, 1, 1, 1] 
 [1, 0, 0, 0, 0] 
 0.9191685912240185 

FourValues
 12 
 [1, 0, 0, 0, 0] 
 [1, 0, 0, 0, 0] 
 1.0 

FourValues
 12 
 [1, 0, 1, 1, 1] 
 [0, 1, 0, 0, 0] 
 0.7990543735224587 

FourValues
 12 
 [1, 1, 0, 1, 1] 
 [0, 0, 1, 0, 0] 
 0.6 

FourValues
 12 
 [1, 1, 1, 0, 1] 
 [0, 0, 0, 1, 0] 
 0.8652291105121294 

FourValues
 12 
 [1, 1, 1, 1, 0] 
 [0, 0, 0, 0, 1] 
 0.6216216216216216 

FourValues
 12 
 [1, 1, 1, 1, 1] 
 [0, 0, 0, 0, 1] 
 0.8648648648648649 

FourValues
 12 
 [1, 1, 1, 1, 1] 
 [0, 0, 0, 1, 0] 
 0.9649595687331537 

FourValues
 12 
 [1, 1, 1, 1, 1] 
 [0, 0, 1, 0, 0] 
 0.9037974683544304 

FourValues
 12 
 [1, 1, 1, 1, 1] 
 [0, 1, 0, 0, 0] 
 0.8983451536643026 

FourValues
 12 
 [1, 1, 1, 1, 1] 
 [1, 0, 0, 0, 0] 
 0.9838337182448037 

DataShapley
 13 
 [0] 
 [1, 1, 1, 1, 1] 
 0.7505020080321285 

DataShapley
 13 
 [0, 4] 
 [1, 1, 1, 1, 1] 
 0.8022088353413654 

DataShapley
 13 
 [0, 4, 1] 
 [1, 1, 1, 1, 1] 
 0.8458835341365462 

DataShapley
 13 
 [0, 4, 1, 3] 
 [1, 1, 1, 1, 1] 
 0.875 

DataShapley
 13 
 [0, 4, 1, 3, 2] 
 [1, 1, 1, 1, 1] 
 0.9252008032128514 

FourValues
 13 
 [0, 0, 0, 0, 1] 
 [0, 0, 0, 0, 1] 
 0.9918918918918919 

FourValues
 13 
 [0, 0, 0, 1, 0] 
 [0, 0, 0, 1, 0] 
 0.9973045822102425 

FourValues
 13 
 [0, 0, 1, 0, 0] 
 [0, 0, 1, 0, 0] 
 0.9974683544303797 

FourValues
 13 
 [0, 1, 0, 0, 0] 
 [0, 1, 0, 0, 0] 
 0.9787234042553191 

FourValues
 13 
 [0, 1, 1, 1, 1] 
 [1, 0, 0, 0, 0] 
 0.9399538106235565 

FourValues
 13 
 [1, 0, 0, 0, 0] 
 [1, 0, 0, 0, 0] 
 1.0 

FourValues
 13 
 [1, 0, 1, 1, 1] 
 [0, 1, 0, 0, 0] 
 0.7919621749408984 

FourValues
 13 
 [1, 1, 0, 1, 1] 
 [0, 0, 1, 0, 0] 
 0.6354430379746835 

FourValues
 13 
 [1, 1, 1, 0, 1] 
 [0, 0, 0, 1, 0] 
 0.889487870619946 

FourValues
 13 
 [1, 1, 1, 1, 0] 
 [0, 0, 0, 0, 1] 
 0.6459459459459459 

FourValues
 13 
 [1, 1, 1, 1, 1] 
 [0, 0, 0, 0, 1] 
 0.8648648648648649 

FourValues
 13 
 [1, 1, 1, 1, 1] 
 [0, 0, 0, 1, 0] 
 0.9622641509433962 

FourValues
 13 
 [1, 1, 1, 1, 1] 
 [0, 0, 1, 0, 0] 
 0.9063291139240506 

FourValues
 13 
 [1, 1, 1, 1, 1] 
 [0, 1, 0, 0, 0] 
 0.900709219858156 

FourValues
 13 
 [1, 1, 1, 1, 1] 
 [1, 0, 0, 0, 0] 
 0.9861431870669746 

DataShapley
 14 
 [3] 
 [1, 1, 1, 1, 1] 
 0.7630522088353414 

DataShapley
 14 
 [3, 1] 
 [1, 1, 1, 1, 1] 
 0.8217871485943775 

DataShapley
 14 
 [3, 1, 2] 
 [1, 1, 1, 1, 1] 
 0.873995983935743 

DataShapley
 14 
 [3, 1, 2, 4] 
 [1, 1, 1, 1, 1] 
 0.9262048192771084 

DataShapley
 14 
 [3, 1, 2, 4, 0] 
 [1, 1, 1, 1, 1] 
 0.9231927710843374 

FourValues
 14 
 [0, 0, 0, 0, 1] 
 [0, 0, 0, 0, 1] 
 0.9945945945945946 

FourValues
 14 
 [0, 0, 0, 1, 0] 
 [0, 0, 0, 1, 0] 
 0.9973045822102425 

FourValues
 14 
 [0, 0, 1, 0, 0] 
 [0, 0, 1, 0, 0] 
 0.9949367088607595 

FourValues
 14 
 [0, 1, 0, 0, 0] 
 [0, 1, 0, 0, 0] 
 0.983451536643026 

FourValues
 14 
 [0, 1, 1, 1, 1] 
 [1, 0, 0, 0, 0] 
 0.9399538106235565 

FourValues
 14 
 [1, 0, 0, 0, 0] 
 [1, 0, 0, 0, 0] 
 1.0 

FourValues
 14 
 [1, 0, 1, 1, 1] 
 [0, 1, 0, 0, 0] 
 0.7990543735224587 

FourValues
 14 
 [1, 1, 0, 1, 1] 
 [0, 0, 1, 0, 0] 
 0.6278481012658228 

FourValues
 14 
 [1, 1, 1, 0, 1] 
 [0, 0, 0, 1, 0] 
 0.889487870619946 

FourValues
 14 
 [1, 1, 1, 1, 0] 
 [0, 0, 0, 0, 1] 
 0.654054054054054 

FourValues
 14 
 [1, 1, 1, 1, 1] 
 [0, 0, 0, 0, 1] 
 0.8621621621621621 

FourValues
 14 
 [1, 1, 1, 1, 1] 
 [0, 0, 0, 1, 0] 
 0.9595687331536388 

FourValues
 14 
 [1, 1, 1, 1, 1] 
 [0, 0, 1, 0, 0] 
 0.8987341772151899 

FourValues
 14 
 [1, 1, 1, 1, 1] 
 [0, 1, 0, 0, 0] 
 0.900709219858156 

FourValues
 14 
 [1, 1, 1, 1, 1] 
 [1, 0, 0, 0, 0] 
 0.9884526558891455 

DataShapley
 15 
 [4] 
 [1, 1, 1, 1, 1] 
 0.6290160642570282 

DataShapley
 15 
 [4, 2] 
 [1, 1, 1, 1, 1] 
 0.8644578313253012 

DataShapley
 15 
 [4, 2, 3] 
 [1, 1, 1, 1, 1] 
 0.9151606425702812 

DataShapley
 15 
 [4, 2, 3, 0] 
 [1, 1, 1, 1, 1] 
 0.9161646586345381 

DataShapley
 15 
 [4, 2, 3, 0, 1] 
 [1, 1, 1, 1, 1] 
 0.9216867469879518 

FourValues
 15 
 [0, 0, 0, 0, 1] 
 [0, 0, 0, 0, 1] 
 0.9918918918918919 

FourValues
 15 
 [0, 0, 0, 1, 0] 
 [0, 0, 0, 1, 0] 
 1.0 

FourValues
 15 
 [0, 0, 1, 0, 0] 
 [0, 0, 1, 0, 0] 
 0.9974683544303797 

FourValues
 15 
 [0, 1, 0, 0, 0] 
 [0, 1, 0, 0, 0] 
 0.9763593380614657 

FourValues
 15 
 [0, 1, 1, 1, 1] 
 [1, 0, 0, 0, 0] 
 0.9422632794457275 

FourValues
 15 
 [1, 0, 0, 0, 0] 
 [1, 0, 0, 0, 0] 
 1.0 

FourValues
 15 
 [1, 0, 1, 1, 1] 
 [0, 1, 0, 0, 0] 
 0.8156028368794326 

FourValues
 15 
 [1, 1, 0, 1, 1] 
 [0, 0, 1, 0, 0] 
 0.620253164556962 

FourValues
 15 
 [1, 1, 1, 0, 1] 
 [0, 0, 0, 1, 0] 
 0.8921832884097035 

FourValues
 15 
 [1, 1, 1, 1, 0] 
 [0, 0, 0, 0, 1] 
 0.6702702702702703 

FourValues
 15 
 [1, 1, 1, 1, 1] 
 [0, 0, 0, 0, 1] 
 0.8621621621621621 

FourValues
 15 
 [1, 1, 1, 1, 1] 
 [0, 0, 0, 1, 0] 
 0.9622641509433962 

FourValues
 15 
 [1, 1, 1, 1, 1] 
 [0, 0, 1, 0, 0] 
 0.8936708860759494 

FourValues
 15 
 [1, 1, 1, 1, 1] 
 [0, 1, 0, 0, 0] 
 0.8983451536643026 

FourValues
 15 
 [1, 1, 1, 1, 1] 
 [1, 0, 0, 0, 0] 
 0.9861431870669746 

DataShapley
 16 
 [0] 
 [1, 1, 1, 1, 1] 
 0.7756024096385542 

DataShapley
 16 
 [0, 2] 
 [1, 1, 1, 1, 1] 
 0.8438755020080321 

DataShapley
 16 
 [0, 2, 3] 
 [1, 1, 1, 1, 1] 
 0.8744979919678715 

DataShapley
 16 
 [0, 2, 3, 1] 
 [1, 1, 1, 1, 1] 
 0.9006024096385542 

DataShapley
 16 
 [0, 2, 3, 1, 4] 
 [1, 1, 1, 1, 1] 
 0.9282128514056225 

FourValues
 16 
 [0, 0, 0, 0, 1] 
 [0, 0, 0, 0, 1] 
 0.9918918918918919 

FourValues
 16 
 [0, 0, 0, 1, 0] 
 [0, 0, 0, 1, 0] 
 0.9973045822102425 

FourValues
 16 
 [0, 0, 1, 0, 0] 
 [0, 0, 1, 0, 0] 
 0.9974683544303797 

FourValues
 16 
 [0, 1, 0, 0, 0] 
 [0, 1, 0, 0, 0] 
 0.9739952718676123 

FourValues
 16 
 [0, 1, 1, 1, 1] 
 [1, 0, 0, 0, 0] 
 0.9214780600461894 

FourValues
 16 
 [1, 0, 0, 0, 0] 
 [1, 0, 0, 0, 0] 
 1.0 

FourValues
 16 
 [1, 0, 1, 1, 1] 
 [0, 1, 0, 0, 0] 
 0.8226950354609929 

FourValues
 16 
 [1, 1, 0, 1, 1] 
 [0, 0, 1, 0, 0] 
 0.6506329113924051 

FourValues
 16 
 [1, 1, 1, 0, 1] 
 [0, 0, 0, 1, 0] 
 0.9002695417789758 

FourValues
 16 
 [1, 1, 1, 1, 0] 
 [0, 0, 0, 0, 1] 
 0.6756756756756757 

FourValues
 16 
 [1, 1, 1, 1, 1] 
 [0, 0, 0, 0, 1] 
 0.8702702702702703 

FourValues
 16 
 [1, 1, 1, 1, 1] 
 [0, 0, 0, 1, 0] 
 0.9703504043126685 

FourValues
 16 
 [1, 1, 1, 1, 1] 
 [0, 0, 1, 0, 0] 
 0.9113924050632911 

FourValues
 16 
 [1, 1, 1, 1, 1] 
 [0, 1, 0, 0, 0] 
 0.900709219858156 

FourValues
 16 
 [1, 1, 1, 1, 1] 
 [1, 0, 0, 0, 0] 
 0.9838337182448037 

DataShapley
 17 
 [2] 
 [1, 1, 1, 1, 1] 
 0.6606425702811245 

DataShapley
 17 
 [2, 4] 
 [1, 1, 1, 1, 1] 
 0.8714859437751004 

DataShapley
 17 
 [2, 4, 3] 
 [1, 1, 1, 1, 1] 
 0.9151606425702812 

DataShapley
 17 
 [2, 4, 3, 0] 
 [1, 1, 1, 1, 1] 
 0.9226907630522089 

DataShapley
 17 
 [2, 4, 3, 0, 1] 
 [1, 1, 1, 1, 1] 
 0.9307228915662651 

FourValues
 17 
 [0, 0, 0, 0, 1] 
 [0, 0, 0, 0, 1] 
 0.9918918918918919 

FourValues
 17 
 [0, 0, 0, 1, 0] 
 [0, 0, 0, 1, 0] 
 0.9973045822102425 

FourValues
 17 
 [0, 0, 1, 0, 0] 
 [0, 0, 1, 0, 0] 
 0.9974683544303797 

FourValues
 17 
 [0, 1, 0, 0, 0] 
 [0, 1, 0, 0, 0] 
 0.9810874704491725 

FourValues
 17 
 [0, 1, 1, 1, 1] 
 [1, 0, 0, 0, 0] 
 0.9330254041570438 

FourValues
 17 
 [1, 0, 0, 0, 0] 
 [1, 0, 0, 0, 0] 
 1.0 

FourValues
 17 
 [1, 0, 1, 1, 1] 
 [0, 1, 0, 0, 0] 
 0.8297872340425532 

FourValues
 17 
 [1, 1, 0, 1, 1] 
 [0, 0, 1, 0, 0] 
 0.6556962025316456 

FourValues
 17 
 [1, 1, 1, 0, 1] 
 [0, 0, 0, 1, 0] 
 0.9164420485175202 

FourValues
 17 
 [1, 1, 1, 1, 0] 
 [0, 0, 0, 0, 1] 
 0.6837837837837838 

FourValues
 17 
 [1, 1, 1, 1, 1] 
 [0, 0, 0, 0, 1] 
 0.8783783783783784 

FourValues
 17 
 [1, 1, 1, 1, 1] 
 [0, 0, 0, 1, 0] 
 0.9703504043126685 

FourValues
 17 
 [1, 1, 1, 1, 1] 
 [0, 0, 1, 0, 0] 
 0.9113924050632911 

FourValues
 17 
 [1, 1, 1, 1, 1] 
 [0, 1, 0, 0, 0] 
 0.9054373522458629 

FourValues
 17 
 [1, 1, 1, 1, 1] 
 [1, 0, 0, 0, 0] 
 0.9838337182448037 

DataShapley
 18 
 [3] 
 [1, 1, 1, 1, 1] 
 0.7841365461847389 

DataShapley
 18 
 [3, 0] 
 [1, 1, 1, 1, 1] 
 0.8664658634538153 

DataShapley
 18 
 [3, 0, 4] 
 [1, 1, 1, 1, 1] 
 0.8795180722891566 

DataShapley
 18 
 [3, 0, 4, 2] 
 [1, 1, 1, 1, 1] 
 0.9226907630522089 

DataShapley
 18 
 [3, 0, 4, 2, 1] 
 [1, 1, 1, 1, 1] 
 0.9332329317269076 

FourValues
 18 
 [0, 0, 0, 0, 1] 
 [0, 0, 0, 0, 1] 
 0.9918918918918919 

FourValues
 18 
 [0, 0, 0, 1, 0] 
 [0, 0, 0, 1, 0] 
 0.9973045822102425 

FourValues
 18 
 [0, 0, 1, 0, 0] 
 [0, 0, 1, 0, 0] 
 0.9924050632911392 

FourValues
 18 
 [0, 1, 0, 0, 0] 
 [0, 1, 0, 0, 0] 
 0.9810874704491725 

FourValues
 18 
 [0, 1, 1, 1, 1] 
 [1, 0, 0, 0, 0] 
 0.953810623556582 

FourValues
 18 
 [1, 0, 0, 0, 0] 
 [1, 0, 0, 0, 0] 
 0.9976905311778291 

FourValues
 18 
 [1, 0, 1, 1, 1] 
 [0, 1, 0, 0, 0] 
 0.8297872340425532 

FourValues
 18 
 [1, 1, 0, 1, 1] 
 [0, 0, 1, 0, 0] 
 0.7265822784810126 

FourValues
 18 
 [1, 1, 1, 0, 1] 
 [0, 0, 0, 1, 0] 
 0.9191374663072777 

FourValues
 18 
 [1, 1, 1, 1, 0] 
 [0, 0, 0, 0, 1] 
 0.6864864864864865 

FourValues
 18 
 [1, 1, 1, 1, 1] 
 [0, 0, 0, 0, 1] 
 0.8783783783783784 

FourValues
 18 
 [1, 1, 1, 1, 1] 
 [0, 0, 0, 1, 0] 
 0.9703504043126685 

FourValues
 18 
 [1, 1, 1, 1, 1] 
 [0, 0, 1, 0, 0] 
 0.9164556962025316 

FourValues
 18 
 [1, 1, 1, 1, 1] 
 [0, 1, 0, 0, 0] 
 0.9054373522458629 

FourValues
 18 
 [1, 1, 1, 1, 1] 
 [1, 0, 0, 0, 0] 
 0.9907621247113164 

DataShapley
 19 
 [2] 
 [1, 1, 1, 1, 1] 
 0.677710843373494 

DataShapley
 19 
 [2, 0] 
 [1, 1, 1, 1, 1] 
 0.8559236947791165 

DataShapley
 19 
 [2, 0, 4] 
 [1, 1, 1, 1, 1] 
 0.9161646586345381 

DataShapley
 19 
 [2, 0, 4, 3] 
 [1, 1, 1, 1, 1] 
 0.9226907630522089 

DataShapley
 19 
 [2, 0, 4, 3, 1] 
 [1, 1, 1, 1, 1] 
 0.9327309236947792 

FourValues
 19 
 [0, 0, 0, 0, 1] 
 [0, 0, 0, 0, 1] 
 0.9945945945945946 

FourValues
 19 
 [0, 0, 0, 1, 0] 
 [0, 0, 0, 1, 0] 
 0.9973045822102425 

FourValues
 19 
 [0, 0, 1, 0, 0] 
 [0, 0, 1, 0, 0] 
 0.9924050632911392 

FourValues
 19 
 [0, 1, 0, 0, 0] 
 [0, 1, 0, 0, 0] 
 0.9810874704491725 

FourValues
 19 
 [0, 1, 1, 1, 1] 
 [1, 0, 0, 0, 0] 
 0.9491916859122402 

FourValues
 19 
 [1, 0, 0, 0, 0] 
 [1, 0, 0, 0, 0] 
 1.0 

FourValues
 19 
 [1, 0, 1, 1, 1] 
 [0, 1, 0, 0, 0] 
 0.8297872340425532 

FourValues
 19 
 [1, 1, 0, 1, 1] 
 [0, 0, 1, 0, 0] 
 0.7189873417721518 

FourValues
 19 
 [1, 1, 1, 0, 1] 
 [0, 0, 0, 1, 0] 
 0.9272237196765498 

FourValues
 19 
 [1, 1, 1, 1, 0] 
 [0, 0, 0, 0, 1] 
 0.6702702702702703 

FourValues
 19 
 [1, 1, 1, 1, 1] 
 [0, 0, 0, 0, 1] 
 0.8810810810810811 

FourValues
 19 
 [1, 1, 1, 1, 1] 
 [0, 0, 0, 1, 0] 
 0.9703504043126685 

FourValues
 19 
 [1, 1, 1, 1, 1] 
 [0, 0, 1, 0, 0] 
 0.9088607594936708 

FourValues
 19 
 [1, 1, 1, 1, 1] 
 [0, 1, 0, 0, 0] 
 0.9125295508274232 

FourValues
 19 
 [1, 1, 1, 1, 1] 
 [1, 0, 0, 0, 0] 
 0.9861431870669746 

DataShapley
 20 
 [0] 
 [1, 1, 1, 1, 1] 
 0.8152610441767069 

DataShapley
 20 
 [0, 3] 
 [1, 1, 1, 1, 1] 
 0.8785140562248996 

DataShapley
 20 
 [0, 3, 4] 
 [1, 1, 1, 1, 1] 
 0.8800200803212851 

DataShapley
 20 
 [0, 3, 4, 2] 
 [1, 1, 1, 1, 1] 
 0.9241967871485943 

DataShapley
 20 
 [0, 3, 4, 2, 1] 
 [1, 1, 1, 1, 1] 
 0.9342369477911646 

FourValues
 20 
 [0, 0, 0, 0, 1] 
 [0, 0, 0, 0, 1] 
 0.9891891891891892 

FourValues
 20 
 [0, 0, 0, 1, 0] 
 [0, 0, 0, 1, 0] 
 0.9973045822102425 

FourValues
 20 
 [0, 0, 1, 0, 0] 
 [0, 0, 1, 0, 0] 
 0.9949367088607595 

FourValues
 20 
 [0, 1, 0, 0, 0] 
 [0, 1, 0, 0, 0] 
 0.9787234042553191 

FourValues
 20 
 [0, 1, 1, 1, 1] 
 [1, 0, 0, 0, 0] 
 0.9491916859122402 

FourValues
 20 
 [1, 0, 0, 0, 0] 
 [1, 0, 0, 0, 0] 
 1.0 

FourValues
 20 
 [1, 0, 1, 1, 1] 
 [0, 1, 0, 0, 0] 
 0.8368794326241135 

FourValues
 20 
 [1, 1, 0, 1, 1] 
 [0, 0, 1, 0, 0] 
 0.7265822784810126 

FourValues
 20 
 [1, 1, 1, 0, 1] 
 [0, 0, 0, 1, 0] 
 0.9299191374663073 

FourValues
 20 
 [1, 1, 1, 1, 0] 
 [0, 0, 0, 0, 1] 
 0.7054054054054054 

FourValues
 20 
 [1, 1, 1, 1, 1] 
 [0, 0, 0, 0, 1] 
 0.8810810810810811 

FourValues
 20 
 [1, 1, 1, 1, 1] 
 [0, 0, 0, 1, 0] 
 0.9703504043126685 

FourValues
 20 
 [1, 1, 1, 1, 1] 
 [0, 0, 1, 0, 0] 
 0.9164556962025316 

FourValues
 20 
 [1, 1, 1, 1, 1] 
 [0, 1, 0, 0, 0] 
 0.9125295508274232 

FourValues
 20 
 [1, 1, 1, 1, 1] 
 [1, 0, 0, 0, 0] 
 0.9861431870669746 

DataShapley
 21 
 [4] 
 [1, 1, 1, 1, 1] 
 0.677710843373494 

DataShapley
 21 
 [4, 2] 
 [1, 1, 1, 1, 1] 
 0.8920682730923695 

DataShapley
 21 
 [4, 2, 3] 
 [1, 1, 1, 1, 1] 
 0.9231927710843374 

DataShapley
 21 
 [4, 2, 3, 1] 
 [1, 1, 1, 1, 1] 
 0.9347389558232931 

DataShapley
 21 
 [4, 2, 3, 1, 0] 
 [1, 1, 1, 1, 1] 
 0.9382530120481928 

FourValues
 21 
 [0, 0, 0, 0, 1] 
 [0, 0, 0, 0, 1] 
 0.9918918918918919 

FourValues
 21 
 [0, 0, 0, 1, 0] 
 [0, 0, 0, 1, 0] 
 0.9973045822102425 

FourValues
 21 
 [0, 0, 1, 0, 0] 
 [0, 0, 1, 0, 0] 
 0.9974683544303797 

FourValues
 21 
 [0, 1, 0, 0, 0] 
 [0, 1, 0, 0, 0] 
 0.983451536643026 

FourValues
 21 
 [0, 1, 1, 1, 1] 
 [1, 0, 0, 0, 0] 
 0.9468822170900693 

FourValues
 21 
 [1, 0, 0, 0, 0] 
 [1, 0, 0, 0, 0] 
 0.9976905311778291 

FourValues
 21 
 [1, 0, 1, 1, 1] 
 [0, 1, 0, 0, 0] 
 0.83451536643026 

FourValues
 21 
 [1, 1, 0, 1, 1] 
 [0, 0, 1, 0, 0] 
 0.7316455696202532 

FourValues
 21 
 [1, 1, 1, 0, 1] 
 [0, 0, 0, 1, 0] 
 0.9299191374663073 

FourValues
 21 
 [1, 1, 1, 1, 0] 
 [0, 0, 0, 0, 1] 
 0.7054054054054054 

FourValues
 21 
 [1, 1, 1, 1, 1] 
 [0, 0, 0, 0, 1] 
 0.8945945945945946 

FourValues
 21 
 [1, 1, 1, 1, 1] 
 [0, 0, 0, 1, 0] 
 0.9703504043126685 

FourValues
 21 
 [1, 1, 1, 1, 1] 
 [0, 0, 1, 0, 0] 
 0.9189873417721519 

FourValues
 21 
 [1, 1, 1, 1, 1] 
 [0, 1, 0, 0, 0] 
 0.91725768321513 

FourValues
 21 
 [1, 1, 1, 1, 1] 
 [1, 0, 0, 0, 0] 
 0.9861431870669746 

DataShapley
 22 
 [1] 
 [1, 1, 1, 1, 1] 
 0.7404618473895582 

DataShapley
 22 
 [1, 0] 
 [1, 1, 1, 1, 1] 
 0.8890562248995983 

DataShapley
 22 
 [1, 0, 4] 
 [1, 1, 1, 1, 1] 
 0.8800200803212851 

DataShapley
 22 
 [1, 0, 4, 2] 
 [1, 1, 1, 1, 1] 
 0.9352409638554217 

DataShapley
 22 
 [1, 0, 4, 2, 3] 
 [1, 1, 1, 1, 1] 
 0.9397590361445783 

FourValues
 22 
 [0, 0, 0, 0, 1] 
 [0, 0, 0, 0, 1] 
 0.9918918918918919 

FourValues
 22 
 [0, 0, 0, 1, 0] 
 [0, 0, 0, 1, 0] 
 1.0 

FourValues
 22 
 [0, 0, 1, 0, 0] 
 [0, 0, 1, 0, 0] 
 0.9974683544303797 

FourValues
 22 
 [0, 1, 0, 0, 0] 
 [0, 1, 0, 0, 0] 
 0.983451536643026 

FourValues
 22 
 [0, 1, 1, 1, 1] 
 [1, 0, 0, 0, 0] 
 0.9561200923787528 

FourValues
 22 
 [1, 0, 0, 0, 0] 
 [1, 0, 0, 0, 0] 
 1.0 

FourValues
 22 
 [1, 0, 1, 1, 1] 
 [0, 1, 0, 0, 0] 
 0.8392434988179669 

FourValues
 22 
 [1, 1, 0, 1, 1] 
 [0, 0, 1, 0, 0] 
 0.7215189873417721 

FourValues
 22 
 [1, 1, 1, 0, 1] 
 [0, 0, 0, 1, 0] 
 0.9299191374663073 

FourValues
 22 
 [1, 1, 1, 1, 0] 
 [0, 0, 0, 0, 1] 
 0.7135135135135136 

FourValues
 22 
 [1, 1, 1, 1, 1] 
 [0, 0, 0, 0, 1] 
 0.8918918918918919 

FourValues
 22 
 [1, 1, 1, 1, 1] 
 [0, 0, 0, 1, 0] 
 0.9784366576819407 

FourValues
 22 
 [1, 1, 1, 1, 1] 
 [0, 0, 1, 0, 0] 
 0.9189873417721519 

FourValues
 22 
 [1, 1, 1, 1, 1] 
 [0, 1, 0, 0, 0] 
 0.9148936170212766 

FourValues
 22 
 [1, 1, 1, 1, 1] 
 [1, 0, 0, 0, 0] 
 0.9907621247113164 

DataShapley
 23 
 [0] 
 [1, 1, 1, 1, 1] 
 0.8293172690763052 

DataShapley
 23 
 [0, 1] 
 [1, 1, 1, 1, 1] 
 0.8955823293172691 

DataShapley
 23 
 [0, 1, 4] 
 [1, 1, 1, 1, 1] 
 0.8865461847389559 

DataShapley
 23 
 [0, 1, 4, 3] 
 [1, 1, 1, 1, 1] 
 0.9126506024096386 

DataShapley
 23 
 [0, 1, 4, 3, 2] 
 [1, 1, 1, 1, 1] 
 0.9397590361445783 

FourValues
 23 
 [0, 0, 0, 0, 1] 
 [0, 0, 0, 0, 1] 
 0.9945945945945946 

FourValues
 23 
 [0, 0, 0, 1, 0] 
 [0, 0, 0, 1, 0] 
 0.9973045822102425 

FourValues
 23 
 [0, 0, 1, 0, 0] 
 [0, 0, 1, 0, 0] 
 0.9974683544303797 

FourValues
 23 
 [0, 1, 0, 0, 0] 
 [0, 1, 0, 0, 0] 
 0.983451536643026 

FourValues
 23 
 [0, 1, 1, 1, 1] 
 [1, 0, 0, 0, 0] 
 0.953810623556582 

FourValues
 23 
 [1, 0, 0, 0, 0] 
 [1, 0, 0, 0, 0] 
 1.0 

FourValues
 23 
 [1, 0, 1, 1, 1] 
 [0, 1, 0, 0, 0] 
 0.8463356973995272 

FourValues
 23 
 [1, 1, 0, 1, 1] 
 [0, 0, 1, 0, 0] 
 0.7367088607594937 

FourValues
 23 
 [1, 1, 1, 0, 1] 
 [0, 0, 0, 1, 0] 
 0.9299191374663073 

FourValues
 23 
 [1, 1, 1, 1, 0] 
 [0, 0, 0, 0, 1] 
 0.7405405405405405 

FourValues
 23 
 [1, 1, 1, 1, 1] 
 [0, 0, 0, 0, 1] 
 0.8972972972972973 

FourValues
 23 
 [1, 1, 1, 1, 1] 
 [0, 0, 0, 1, 0] 
 0.9730458221024259 

FourValues
 23 
 [1, 1, 1, 1, 1] 
 [0, 0, 1, 0, 0] 
 0.9189873417721519 

FourValues
 23 
 [1, 1, 1, 1, 1] 
 [0, 1, 0, 0, 0] 
 0.9148936170212766 

FourValues
 23 
 [1, 1, 1, 1, 1] 
 [1, 0, 0, 0, 0] 
 0.9907621247113164 

DataShapley
 24 
 [2] 
 [1, 1, 1, 1, 1] 
 0.7038152610441767 

DataShapley
 24 
 [2, 3] 
 [1, 1, 1, 1, 1] 
 0.8644578313253012 

DataShapley
 24 
 [2, 3, 1] 
 [1, 1, 1, 1, 1] 
 0.9011044176706827 

DataShapley
 24 
 [2, 3, 1, 4] 
 [1, 1, 1, 1, 1] 
 0.9382530120481928 

DataShapley
 24 
 [2, 3, 1, 4, 0] 
 [1, 1, 1, 1, 1] 
 0.9397590361445783 

FourValues
 24 
 [0, 0, 0, 0, 1] 
 [0, 0, 0, 0, 1] 
 0.9918918918918919 

FourValues
 24 
 [0, 0, 0, 1, 0] 
 [0, 0, 0, 1, 0] 
 0.9973045822102425 

FourValues
 24 
 [0, 0, 1, 0, 0] 
 [0, 0, 1, 0, 0] 
 0.9924050632911392 

FourValues
 24 
 [0, 1, 0, 0, 0] 
 [0, 1, 0, 0, 0] 
 0.9810874704491725 

FourValues
 24 
 [0, 1, 1, 1, 1] 
 [1, 0, 0, 0, 0] 
 0.9584295612009238 

FourValues
 24 
 [1, 0, 0, 0, 0] 
 [1, 0, 0, 0, 0] 
 0.9976905311778291 

FourValues
 24 
 [1, 0, 1, 1, 1] 
 [0, 1, 0, 0, 0] 
 0.8534278959810875 

FourValues
 24 
 [1, 1, 0, 1, 1] 
 [0, 0, 1, 0, 0] 
 0.7493670886075949 

FourValues
 24 
 [1, 1, 1, 0, 1] 
 [0, 0, 0, 1, 0] 
 0.9353099730458221 

FourValues
 24 
 [1, 1, 1, 1, 0] 
 [0, 0, 0, 0, 1] 
 0.7405405405405405 

FourValues
 24 
 [1, 1, 1, 1, 1] 
 [0, 0, 0, 0, 1] 
 0.8972972972972973 

FourValues
 24 
 [1, 1, 1, 1, 1] 
 [0, 0, 0, 1, 0] 
 0.9757412398921833 

FourValues
 24 
 [1, 1, 1, 1, 1] 
 [0, 0, 1, 0, 0] 
 0.9164556962025316 

FourValues
 24 
 [1, 1, 1, 1, 1] 
 [0, 1, 0, 0, 0] 
 0.9125295508274232 

FourValues
 24 
 [1, 1, 1, 1, 1] 
 [1, 0, 0, 0, 0] 
 0.9930715935334873 

DataShapley
 25 
 [0] 
 [1, 1, 1, 1, 1] 
 0.8448795180722891 

DataShapley
 25 
 [0, 4] 
 [1, 1, 1, 1, 1] 
 0.8428714859437751 

DataShapley
 25 
 [0, 4, 2] 
 [1, 1, 1, 1, 1] 
 0.928714859437751 

DataShapley
 25 
 [0, 4, 2, 1] 
 [1, 1, 1, 1, 1] 
 0.9382530120481928 

DataShapley
 25 
 [0, 4, 2, 1, 3] 
 [1, 1, 1, 1, 1] 
 0.9412650602409639 

FourValues
 25 
 [0, 0, 0, 0, 1] 
 [0, 0, 0, 0, 1] 
 0.9918918918918919 

FourValues
 25 
 [0, 0, 0, 1, 0] 
 [0, 0, 0, 1, 0] 
 0.9973045822102425 

FourValues
 25 
 [0, 0, 1, 0, 0] 
 [0, 0, 1, 0, 0] 
 0.9974683544303797 

FourValues
 25 
 [0, 1, 0, 0, 0] 
 [0, 1, 0, 0, 0] 
 0.983451536643026 

FourValues
 25 
 [0, 1, 1, 1, 1] 
 [1, 0, 0, 0, 0] 
 0.9630484988452656 

FourValues
 25 
 [1, 0, 0, 0, 0] 
 [1, 0, 0, 0, 0] 
 0.9976905311778291 

FourValues
 25 
 [1, 0, 1, 1, 1] 
 [0, 1, 0, 0, 0] 
 0.8416075650118203 

FourValues
 25 
 [1, 1, 0, 1, 1] 
 [0, 0, 1, 0, 0] 
 0.7265822784810126 

FourValues
 25 
 [1, 1, 1, 0, 1] 
 [0, 0, 0, 1, 0] 
 0.9353099730458221 

FourValues
 25 
 [1, 1, 1, 1, 0] 
 [0, 0, 0, 0, 1] 
 0.7567567567567568 

FourValues
 25 
 [1, 1, 1, 1, 1] 
 [0, 0, 0, 0, 1] 
 0.9027027027027027 

FourValues
 25 
 [1, 1, 1, 1, 1] 
 [0, 0, 0, 1, 0] 
 0.9757412398921833 

FourValues
 25 
 [1, 1, 1, 1, 1] 
 [0, 0, 1, 0, 0] 
 0.9164556962025316 

FourValues
 25 
 [1, 1, 1, 1, 1] 
 [0, 1, 0, 0, 0] 
 0.9125295508274232 

FourValues
 25 
 [1, 1, 1, 1, 1] 
 [1, 0, 0, 0, 0] 
 0.9953810623556582 

DataShapley
 26 
 [3] 
 [1, 1, 1, 1, 1] 
 0.8614457831325302 

DataShapley
 26 
 [3, 1] 
 [1, 1, 1, 1, 1] 
 0.8830321285140562 

DataShapley
 26 
 [3, 1, 0] 
 [1, 1, 1, 1, 1] 
 0.9206827309236948 

DataShapley
 26 
 [3, 1, 0, 2] 
 [1, 1, 1, 1, 1] 
 0.9252008032128514 

DataShapley
 26 
 [3, 1, 0, 2, 4] 
 [1, 1, 1, 1, 1] 
 0.9442771084337349 

FourValues
 26 
 [0, 0, 0, 0, 1] 
 [0, 0, 0, 0, 1] 
 0.9918918918918919 

FourValues
 26 
 [0, 0, 0, 1, 0] 
 [0, 0, 0, 1, 0] 
 0.9973045822102425 

FourValues
 26 
 [0, 0, 1, 0, 0] 
 [0, 0, 1, 0, 0] 
 0.9974683544303797 

FourValues
 26 
 [0, 1, 0, 0, 0] 
 [0, 1, 0, 0, 0] 
 0.983451536643026 

FourValues
 26 
 [0, 1, 1, 1, 1] 
 [1, 0, 0, 0, 0] 
 0.9653579676674365 

FourValues
 26 
 [1, 0, 0, 0, 0] 
 [1, 0, 0, 0, 0] 
 0.9976905311778291 

FourValues
 26 
 [1, 0, 1, 1, 1] 
 [0, 1, 0, 0, 0] 
 0.8534278959810875 

FourValues
 26 
 [1, 1, 0, 1, 1] 
 [0, 0, 1, 0, 0] 
 0.7645569620253164 

FourValues
 26 
 [1, 1, 1, 0, 1] 
 [0, 0, 0, 1, 0] 
 0.9326145552560647 

FourValues
 26 
 [1, 1, 1, 1, 0] 
 [0, 0, 0, 0, 1] 
 0.7648648648648648 

FourValues
 26 
 [1, 1, 1, 1, 1] 
 [0, 0, 0, 0, 1] 
 0.9108108108108108 

FourValues
 26 
 [1, 1, 1, 1, 1] 
 [0, 0, 0, 1, 0] 
 0.9784366576819407 

FourValues
 26 
 [1, 1, 1, 1, 1] 
 [0, 0, 1, 0, 0] 
 0.9189873417721519 

FourValues
 26 
 [1, 1, 1, 1, 1] 
 [0, 1, 0, 0, 0] 
 0.9148936170212766 

FourValues
 26 
 [1, 1, 1, 1, 1] 
 [1, 0, 0, 0, 0] 
 0.9953810623556582 

DataShapley
 27 
 [0] 
 [1, 1, 1, 1, 1] 
 0.8524096385542169 

DataShapley
 27 
 [0, 4] 
 [1, 1, 1, 1, 1] 
 0.8519076305220884 

DataShapley
 27 
 [0, 4, 1] 
 [1, 1, 1, 1, 1] 
 0.9026104417670683 

DataShapley
 27 
 [0, 4, 1, 2] 
 [1, 1, 1, 1, 1] 
 0.9412650602409639 

DataShapley
 27 
 [0, 4, 1, 2, 3] 
 [1, 1, 1, 1, 1] 
 0.9412650602409639 

FourValues
 27 
 [0, 0, 0, 0, 1] 
 [0, 0, 0, 0, 1] 
 0.9918918918918919 

FourValues
 27 
 [0, 0, 0, 1, 0] 
 [0, 0, 0, 1, 0] 
 0.9973045822102425 

FourValues
 27 
 [0, 0, 1, 0, 0] 
 [0, 0, 1, 0, 0] 
 0.9974683544303797 

FourValues
 27 
 [0, 1, 0, 0, 0] 
 [0, 1, 0, 0, 0] 
 0.983451536643026 

FourValues
 27 
 [0, 1, 1, 1, 1] 
 [1, 0, 0, 0, 0] 
 0.9722863741339491 

FourValues
 27 
 [1, 0, 0, 0, 0] 
 [1, 0, 0, 0, 0] 
 0.9976905311778291 

FourValues
 27 
 [1, 0, 1, 1, 1] 
 [0, 1, 0, 0, 0] 
 0.851063829787234 

FourValues
 27 
 [1, 1, 0, 1, 1] 
 [0, 0, 1, 0, 0] 
 0.7848101265822784 

FourValues
 27 
 [1, 1, 1, 0, 1] 
 [0, 0, 0, 1, 0] 
 0.9407008086253369 

FourValues
 27 
 [1, 1, 1, 1, 0] 
 [0, 0, 0, 0, 1] 
 0.7567567567567568 

FourValues
 27 
 [1, 1, 1, 1, 1] 
 [0, 0, 0, 0, 1] 
 0.8972972972972973 

FourValues
 27 
 [1, 1, 1, 1, 1] 
 [0, 0, 0, 1, 0] 
 0.9811320754716981 

FourValues
 27 
 [1, 1, 1, 1, 1] 
 [0, 0, 1, 0, 0] 
 0.9189873417721519 

FourValues
 27 
 [1, 1, 1, 1, 1] 
 [0, 1, 0, 0, 0] 
 0.9125295508274232 

FourValues
 27 
 [1, 1, 1, 1, 1] 
 [1, 0, 0, 0, 0] 
 0.9930715935334873 

DataShapley
 28 
 [4] 
 [1, 1, 1, 1, 1] 
 0.7284136546184738 

DataShapley
 28 
 [4, 3] 
 [1, 1, 1, 1, 1] 
 0.8755020080321285 

DataShapley
 28 
 [4, 3, 0] 
 [1, 1, 1, 1, 1] 
 0.8980923694779116 

DataShapley
 28 
 [4, 3, 0, 1] 
 [1, 1, 1, 1, 1] 
 0.9231927710843374 

DataShapley
 28 
 [4, 3, 0, 1, 2] 
 [1, 1, 1, 1, 1] 
 0.9427710843373494 

FourValues
 28 
 [0, 0, 0, 0, 1] 
 [0, 0, 0, 0, 1] 
 0.9945945945945946 

FourValues
 28 
 [0, 0, 0, 1, 0] 
 [0, 0, 0, 1, 0] 
 0.9973045822102425 

FourValues
 28 
 [0, 0, 1, 0, 0] 
 [0, 0, 1, 0, 0] 
 0.9974683544303797 

FourValues
 28 
 [0, 1, 0, 0, 0] 
 [0, 1, 0, 0, 0] 
 0.983451536643026 

FourValues
 28 
 [0, 1, 1, 1, 1] 
 [1, 0, 0, 0, 0] 
 0.976905311778291 

FourValues
 28 
 [1, 0, 0, 0, 0] 
 [1, 0, 0, 0, 0] 
 0.9976905311778291 

FourValues
 28 
 [1, 0, 1, 1, 1] 
 [0, 1, 0, 0, 0] 
 0.8628841607565012 

FourValues
 28 
 [1, 1, 0, 1, 1] 
 [0, 0, 1, 0, 0] 
 0.7670886075949367 

FourValues
 28 
 [1, 1, 1, 0, 1] 
 [0, 0, 0, 1, 0] 
 0.9487870619946092 

FourValues
 28 
 [1, 1, 1, 1, 0] 
 [0, 0, 0, 0, 1] 
 0.7594594594594595 

FourValues
 28 
 [1, 1, 1, 1, 1] 
 [0, 0, 0, 0, 1] 
 0.9054054054054054 

FourValues
 28 
 [1, 1, 1, 1, 1] 
 [0, 0, 0, 1, 0] 
 0.9811320754716981 

FourValues
 28 
 [1, 1, 1, 1, 1] 
 [0, 0, 1, 0, 0] 
 0.9164556962025316 

FourValues
 28 
 [1, 1, 1, 1, 1] 
 [0, 1, 0, 0, 0] 
 0.9148936170212766 

FourValues
 28 
 [1, 1, 1, 1, 1] 
 [1, 0, 0, 0, 0] 
 0.9930715935334873 

DataShapley
 29 
 [0] 
 [1, 1, 1, 1, 1] 
 0.856425702811245 

DataShapley
 29 
 [0, 3] 
 [1, 1, 1, 1, 1] 
 0.9051204819277109 

DataShapley
 29 
 [0, 3, 1] 
 [1, 1, 1, 1, 1] 
 0.9211847389558233 

DataShapley
 29 
 [0, 3, 1, 2] 
 [1, 1, 1, 1, 1] 
 0.9307228915662651 

DataShapley
 29 
 [0, 3, 1, 2, 4] 
 [1, 1, 1, 1, 1] 
 0.946285140562249 

FourValues
 29 
 [0, 0, 0, 0, 1] 
 [0, 0, 0, 0, 1] 
 0.9918918918918919 

FourValues
 29 
 [0, 0, 0, 1, 0] 
 [0, 0, 0, 1, 0] 
 0.9973045822102425 

FourValues
 29 
 [0, 0, 1, 0, 0] 
 [0, 0, 1, 0, 0] 
 0.9974683544303797 

FourValues
 29 
 [0, 1, 0, 0, 0] 
 [0, 1, 0, 0, 0] 
 0.983451536643026 

FourValues
 29 
 [0, 1, 1, 1, 1] 
 [1, 0, 0, 0, 0] 
 0.9676674364896074 

FourValues
 29 
 [1, 0, 0, 0, 0] 
 [1, 0, 0, 0, 0] 
 0.9976905311778291 

FourValues
 29 
 [1, 0, 1, 1, 1] 
 [0, 1, 0, 0, 0] 
 0.8699763593380615 

FourValues
 29 
 [1, 1, 0, 1, 1] 
 [0, 0, 1, 0, 0] 
 0.7873417721518987 

FourValues
 29 
 [1, 1, 1, 0, 1] 
 [0, 0, 0, 1, 0] 
 0.9487870619946092 

FourValues
 29 
 [1, 1, 1, 1, 0] 
 [0, 0, 0, 0, 1] 
 0.7783783783783784 

FourValues
 29 
 [1, 1, 1, 1, 1] 
 [0, 0, 0, 0, 1] 
 0.9054054054054054 

FourValues
 29 
 [1, 1, 1, 1, 1] 
 [0, 0, 0, 1, 0] 
 0.9838274932614556 

FourValues
 29 
 [1, 1, 1, 1, 1] 
 [0, 0, 1, 0, 0] 
 0.9189873417721519 

FourValues
 29 
 [1, 1, 1, 1, 1] 
 [0, 1, 0, 0, 0] 
 0.9267139479905437 

FourValues
 29 
 [1, 1, 1, 1, 1] 
 [1, 0, 0, 0, 0] 
 0.9930715935334873 

DataShapley
 30 
 [0] 
 [1, 1, 1, 1, 1] 
 0.8619477911646586 

DataShapley
 30 
 [0, 4] 
 [1, 1, 1, 1, 1] 
 0.8604417670682731 

DataShapley
 30 
 [0, 4, 2] 
 [1, 1, 1, 1, 1] 
 0.9307228915662651 

DataShapley
 30 
 [0, 4, 2, 3] 
 [1, 1, 1, 1, 1] 
 0.9347389558232931 

DataShapley
 30 
 [0, 4, 2, 3, 1] 
 [1, 1, 1, 1, 1] 
 0.9407630522088354 

FourValues
 30 
 [0, 0, 0, 0, 1] 
 [0, 0, 0, 0, 1] 
 0.9891891891891892 

FourValues
 30 
 [0, 0, 0, 1, 0] 
 [0, 0, 0, 1, 0] 
 0.9973045822102425 

FourValues
 30 
 [0, 0, 1, 0, 0] 
 [0, 0, 1, 0, 0] 
 0.9974683544303797 

FourValues
 30 
 [0, 1, 0, 0, 0] 
 [0, 1, 0, 0, 0] 
 0.983451536643026 

FourValues
 30 
 [0, 1, 1, 1, 1] 
 [1, 0, 0, 0, 0] 
 0.9722863741339491 

FourValues
 30 
 [1, 0, 0, 0, 0] 
 [1, 0, 0, 0, 0] 
 0.9976905311778291 

FourValues
 30 
 [1, 0, 1, 1, 1] 
 [0, 1, 0, 0, 0] 
 0.8676122931442081 

FourValues
 30 
 [1, 1, 0, 1, 1] 
 [0, 0, 1, 0, 0] 
 0.8 

FourValues
 30 
 [1, 1, 1, 0, 1] 
 [0, 0, 0, 1, 0] 
 0.9487870619946092 

FourValues
 30 
 [1, 1, 1, 1, 0] 
 [0, 0, 0, 0, 1] 
 0.7648648648648648 

FourValues
 30 
 [1, 1, 1, 1, 1] 
 [0, 0, 0, 0, 1] 
 0.8918918918918919 

FourValues
 30 
 [1, 1, 1, 1, 1] 
 [0, 0, 0, 1, 0] 
 0.9757412398921833 

FourValues
 30 
 [1, 1, 1, 1, 1] 
 [0, 0, 1, 0, 0] 
 0.9215189873417722 

FourValues
 30 
 [1, 1, 1, 1, 1] 
 [0, 1, 0, 0, 0] 
 0.91725768321513 

FourValues
 30 
 [1, 1, 1, 1, 1] 
 [1, 0, 0, 0, 0] 
 0.9930715935334873 

DataShapley
 31 
 [4] 
 [1, 1, 1, 1, 1] 
 0.7505020080321285 

DataShapley
 31 
 [4, 2] 
 [1, 1, 1, 1, 1] 
 0.9106425702811245 

DataShapley
 31 
 [4, 2, 3] 
 [1, 1, 1, 1, 1] 
 0.9387550200803213 

DataShapley
 31 
 [4, 2, 3, 1] 
 [1, 1, 1, 1, 1] 
 0.946285140562249 

DataShapley
 31 
 [4, 2, 3, 1, 0] 
 [1, 1, 1, 1, 1] 
 0.9437751004016064 

FourValues
 31 
 [0, 0, 0, 0, 1] 
 [0, 0, 0, 0, 1] 
 0.9945945945945946 

FourValues
 31 
 [0, 0, 0, 1, 0] 
 [0, 0, 0, 1, 0] 
 0.9973045822102425 

FourValues
 31 
 [0, 0, 1, 0, 0] 
 [0, 0, 1, 0, 0] 
 0.9974683544303797 

FourValues
 31 
 [0, 1, 0, 0, 0] 
 [0, 1, 0, 0, 0] 
 0.983451536643026 

FourValues
 31 
 [0, 1, 1, 1, 1] 
 [1, 0, 0, 0, 0] 
 0.9722863741339491 

FourValues
 31 
 [1, 0, 0, 0, 0] 
 [1, 0, 0, 0, 0] 
 0.9976905311778291 

FourValues
 31 
 [1, 0, 1, 1, 1] 
 [0, 1, 0, 0, 0] 
 0.8628841607565012 

FourValues
 31 
 [1, 1, 0, 1, 1] 
 [0, 0, 1, 0, 0] 
 0.789873417721519 

FourValues
 31 
 [1, 1, 1, 0, 1] 
 [0, 0, 0, 1, 0] 
 0.9487870619946092 

FourValues
 31 
 [1, 1, 1, 1, 0] 
 [0, 0, 0, 0, 1] 
 0.7864864864864864 

FourValues
 31 
 [1, 1, 1, 1, 1] 
 [0, 0, 0, 0, 1] 
 0.9081081081081082 

FourValues
 31 
 [1, 1, 1, 1, 1] 
 [0, 0, 0, 1, 0] 
 0.9757412398921833 

FourValues
 31 
 [1, 1, 1, 1, 1] 
 [0, 0, 1, 0, 0] 
 0.9164556962025316 

FourValues
 31 
 [1, 1, 1, 1, 1] 
 [0, 1, 0, 0, 0] 
 0.9219858156028369 

FourValues
 31 
 [1, 1, 1, 1, 1] 
 [1, 0, 0, 0, 0] 
 0.9930715935334873 

DataShapley
 32 
 [3] 
 [1, 1, 1, 1, 1] 
 0.8639558232931727 

DataShapley
 32 
 [3, 1] 
 [1, 1, 1, 1, 1] 
 0.9016064257028112 

DataShapley
 32 
 [3, 1, 4] 
 [1, 1, 1, 1, 1] 
 0.9161646586345381 

DataShapley
 32 
 [3, 1, 4, 2] 
 [1, 1, 1, 1, 1] 
 0.946285140562249 

DataShapley
 32 
 [3, 1, 4, 2, 0] 
 [1, 1, 1, 1, 1] 
 0.9432730923694779 

FourValues
 32 
 [0, 0, 0, 0, 1] 
 [0, 0, 0, 0, 1] 
 0.9891891891891892 

FourValues
 32 
 [0, 0, 0, 1, 0] 
 [0, 0, 0, 1, 0] 
 1.0 

FourValues
 32 
 [0, 0, 1, 0, 0] 
 [0, 0, 1, 0, 0] 
 0.9949367088607595 

FourValues
 32 
 [0, 1, 0, 0, 0] 
 [0, 1, 0, 0, 0] 
 0.9810874704491725 

FourValues
 32 
 [0, 1, 1, 1, 1] 
 [1, 0, 0, 0, 0] 
 0.9745958429561201 

FourValues
 32 
 [1, 0, 0, 0, 0] 
 [1, 0, 0, 0, 0] 
 0.9976905311778291 

FourValues
 32 
 [1, 0, 1, 1, 1] 
 [0, 1, 0, 0, 0] 
 0.8676122931442081 

FourValues
 32 
 [1, 1, 0, 1, 1] 
 [0, 0, 1, 0, 0] 
 0.810126582278481 

FourValues
 32 
 [1, 1, 1, 0, 1] 
 [0, 0, 0, 1, 0] 
 0.9487870619946092 

FourValues
 32 
 [1, 1, 1, 1, 0] 
 [0, 0, 0, 0, 1] 
 0.7972972972972973 

FourValues
 32 
 [1, 1, 1, 1, 1] 
 [0, 0, 0, 0, 1] 
 0.9027027027027027 

FourValues
 32 
 [1, 1, 1, 1, 1] 
 [0, 0, 0, 1, 0] 
 0.9757412398921833 

FourValues
 32 
 [1, 1, 1, 1, 1] 
 [0, 0, 1, 0, 0] 
 0.9265822784810127 

FourValues
 32 
 [1, 1, 1, 1, 1] 
 [0, 1, 0, 0, 0] 
 0.9148936170212766 

FourValues
 32 
 [1, 1, 1, 1, 1] 
 [1, 0, 0, 0, 0] 
 0.9930715935334873 

DataShapley
 33 
 [1] 
 [1, 1, 1, 1, 1] 
 0.7841365461847389 

DataShapley
 33 
 [1, 4] 
 [1, 1, 1, 1, 1] 
 0.8674698795180723 

DataShapley
 33 
 [1, 4, 0] 
 [1, 1, 1, 1, 1] 
 0.9201807228915663 

DataShapley
 33 
 [1, 4, 0, 3] 
 [1, 1, 1, 1, 1] 
 0.9322289156626506 

DataShapley
 33 
 [1, 4, 0, 3, 2] 
 [1, 1, 1, 1, 1] 
 0.9437751004016064 

FourValues
 33 
 [0, 0, 0, 0, 1] 
 [0, 0, 0, 0, 1] 
 0.9918918918918919 

FourValues
 33 
 [0, 0, 0, 1, 0] 
 [0, 0, 0, 1, 0] 
 0.9973045822102425 

FourValues
 33 
 [0, 0, 1, 0, 0] 
 [0, 0, 1, 0, 0] 
 0.9974683544303797 

FourValues
 33 
 [0, 1, 0, 0, 0] 
 [0, 1, 0, 0, 0] 
 0.983451536643026 

FourValues
 33 
 [0, 1, 1, 1, 1] 
 [1, 0, 0, 0, 0] 
 0.976905311778291 

FourValues
 33 
 [1, 0, 0, 0, 0] 
 [1, 0, 0, 0, 0] 
 0.9976905311778291 

FourValues
 33 
 [1, 0, 1, 1, 1] 
 [0, 1, 0, 0, 0] 
 0.8581560283687943 

FourValues
 33 
 [1, 1, 0, 1, 1] 
 [0, 0, 1, 0, 0] 
 0.8177215189873418 

FourValues
 33 
 [1, 1, 1, 0, 1] 
 [0, 0, 0, 1, 0] 
 0.9487870619946092 

FourValues
 33 
 [1, 1, 1, 1, 0] 
 [0, 0, 0, 0, 1] 
 0.7864864864864864 

FourValues
 33 
 [1, 1, 1, 1, 1] 
 [0, 0, 0, 0, 1] 
 0.9027027027027027 

FourValues
 33 
 [1, 1, 1, 1, 1] 
 [0, 0, 0, 1, 0] 
 0.9757412398921833 

FourValues
 33 
 [1, 1, 1, 1, 1] 
 [0, 0, 1, 0, 0] 
 0.9265822784810127 

FourValues
 33 
 [1, 1, 1, 1, 1] 
 [0, 1, 0, 0, 0] 
 0.91725768321513 

FourValues
 33 
 [1, 1, 1, 1, 1] 
 [1, 0, 0, 0, 0] 
 0.9930715935334873 

DataShapley
 34 
 [2] 
 [1, 1, 1, 1, 1] 
 0.7203815261044176 

DataShapley
 34 
 [2, 1] 
 [1, 1, 1, 1, 1] 
 0.8825301204819277 

DataShapley
 34 
 [2, 1, 0] 
 [1, 1, 1, 1, 1] 
 0.9221887550200804 

DataShapley
 34 
 [2, 1, 0, 4] 
 [1, 1, 1, 1, 1] 
 0.9503012048192772 

DataShapley
 34 
 [2, 1, 0, 4, 3] 
 [1, 1, 1, 1, 1] 
 0.9477911646586346 

FourValues
 34 
 [0, 0, 0, 0, 1] 
 [0, 0, 0, 0, 1] 
 0.9918918918918919 

FourValues
 34 
 [0, 0, 0, 1, 0] 
 [0, 0, 0, 1, 0] 
 0.9973045822102425 

FourValues
 34 
 [0, 0, 1, 0, 0] 
 [0, 0, 1, 0, 0] 
 0.9974683544303797 

FourValues
 34 
 [0, 1, 0, 0, 0] 
 [0, 1, 0, 0, 0] 
 0.983451536643026 

FourValues
 34 
 [0, 1, 1, 1, 1] 
 [1, 0, 0, 0, 0] 
 0.9745958429561201 

FourValues
 34 
 [1, 0, 0, 0, 0] 
 [1, 0, 0, 0, 0] 
 0.9976905311778291 

FourValues
 34 
 [1, 0, 1, 1, 1] 
 [0, 1, 0, 0, 0] 
 0.8794326241134752 

FourValues
 34 
 [1, 1, 0, 1, 1] 
 [0, 0, 1, 0, 0] 
 0.8075949367088607 

FourValues
 34 
 [1, 1, 1, 0, 1] 
 [0, 0, 0, 1, 0] 
 0.954177897574124 

FourValues
 34 
 [1, 1, 1, 1, 0] 
 [0, 0, 0, 0, 1] 
 0.7783783783783784 

FourValues
 34 
 [1, 1, 1, 1, 1] 
 [0, 0, 0, 0, 1] 
 0.9054054054054054 

FourValues
 34 
 [1, 1, 1, 1, 1] 
 [0, 0, 0, 1, 0] 
 0.9784366576819407 

FourValues
 34 
 [1, 1, 1, 1, 1] 
 [0, 0, 1, 0, 0] 
 0.9265822784810127 

FourValues
 34 
 [1, 1, 1, 1, 1] 
 [0, 1, 0, 0, 0] 
 0.9290780141843972 

FourValues
 34 
 [1, 1, 1, 1, 1] 
 [1, 0, 0, 0, 0] 
 0.9953810623556582 

DataShapley
 35 
 [1] 
 [1, 1, 1, 1, 1] 
 0.786144578313253 

DataShapley
 35 
 [1, 2] 
 [1, 1, 1, 1, 1] 
 0.8890562248995983 

DataShapley
 35 
 [1, 2, 0] 
 [1, 1, 1, 1, 1] 
 0.9241967871485943 

DataShapley
 35 
 [1, 2, 0, 4] 
 [1, 1, 1, 1, 1] 
 0.947289156626506 

DataShapley
 35 
 [1, 2, 0, 4, 3] 
 [1, 1, 1, 1, 1] 
 0.9457831325301205 

FourValues
 35 
 [0, 0, 0, 0, 1] 
 [0, 0, 0, 0, 1] 
 0.9945945945945946 

FourValues
 35 
 [0, 0, 0, 1, 0] 
 [0, 0, 0, 1, 0] 
 0.9973045822102425 

FourValues
 35 
 [0, 0, 1, 0, 0] 
 [0, 0, 1, 0, 0] 
 0.9974683544303797 

FourValues
 35 
 [0, 1, 0, 0, 0] 
 [0, 1, 0, 0, 0] 
 0.9787234042553191 

FourValues
 35 
 [0, 1, 1, 1, 1] 
 [1, 0, 0, 0, 0] 
 0.976905311778291 

FourValues
 35 
 [1, 0, 0, 0, 0] 
 [1, 0, 0, 0, 0] 
 0.9976905311778291 

FourValues
 35 
 [1, 0, 1, 1, 1] 
 [0, 1, 0, 0, 0] 
 0.8841607565011821 

FourValues
 35 
 [1, 1, 0, 1, 1] 
 [0, 0, 1, 0, 0] 
 0.8050632911392405 

FourValues
 35 
 [1, 1, 1, 0, 1] 
 [0, 0, 0, 1, 0] 
 0.9487870619946092 

FourValues
 35 
 [1, 1, 1, 1, 0] 
 [0, 0, 0, 0, 1] 
 0.8 

FourValues
 35 
 [1, 1, 1, 1, 1] 
 [0, 0, 0, 0, 1] 
 0.9054054054054054 

FourValues
 35 
 [1, 1, 1, 1, 1] 
 [0, 0, 0, 1, 0] 
 0.9757412398921833 

FourValues
 35 
 [1, 1, 1, 1, 1] 
 [0, 0, 1, 0, 0] 
 0.9215189873417722 

FourValues
 35 
 [1, 1, 1, 1, 1] 
 [0, 1, 0, 0, 0] 
 0.9267139479905437 

FourValues
 35 
 [1, 1, 1, 1, 1] 
 [1, 0, 0, 0, 0] 
 0.9953810623556582 

DataShapley
 36 
 [2] 
 [1, 1, 1, 1, 1] 
 0.7243975903614458 

DataShapley
 36 
 [2, 4] 
 [1, 1, 1, 1, 1] 
 0.9252008032128514 

DataShapley
 36 
 [2, 4, 1] 
 [1, 1, 1, 1, 1] 
 0.9492971887550201 

DataShapley
 36 
 [2, 4, 1, 3] 
 [1, 1, 1, 1, 1] 
 0.9503012048192772 

DataShapley
 36 
 [2, 4, 1, 3, 0] 
 [1, 1, 1, 1, 1] 
 0.9482931726907631 

FourValues
 36 
 [0, 0, 0, 0, 1] 
 [0, 0, 0, 0, 1] 
 0.9891891891891892 

FourValues
 36 
 [0, 0, 0, 1, 0] 
 [0, 0, 0, 1, 0] 
 1.0 

FourValues
 36 
 [0, 0, 1, 0, 0] 
 [0, 0, 1, 0, 0] 
 0.9974683544303797 

FourValues
 36 
 [0, 1, 0, 0, 0] 
 [0, 1, 0, 0, 0] 
 0.983451536643026 

FourValues
 36 
 [0, 1, 1, 1, 1] 
 [1, 0, 0, 0, 0] 
 0.9792147806004619 

FourValues
 36 
 [1, 0, 0, 0, 0] 
 [1, 0, 0, 0, 0] 
 0.9976905311778291 

FourValues
 36 
 [1, 0, 1, 1, 1] 
 [0, 1, 0, 0, 0] 
 0.8865248226950354 

FourValues
 36 
 [1, 1, 0, 1, 1] 
 [0, 0, 1, 0, 0] 
 0.8151898734177215 

FourValues
 36 
 [1, 1, 1, 0, 1] 
 [0, 0, 0, 1, 0] 
 0.954177897574124 

FourValues
 36 
 [1, 1, 1, 1, 0] 
 [0, 0, 0, 0, 1] 
 0.8027027027027027 

FourValues
 36 
 [1, 1, 1, 1, 1] 
 [0, 0, 0, 0, 1] 
 0.9108108108108108 

FourValues
 36 
 [1, 1, 1, 1, 1] 
 [0, 0, 0, 1, 0] 
 0.9784366576819407 

FourValues
 36 
 [1, 1, 1, 1, 1] 
 [0, 0, 1, 0, 0] 
 0.9240506329113924 

FourValues
 36 
 [1, 1, 1, 1, 1] 
 [0, 1, 0, 0, 0] 
 0.9290780141843972 

FourValues
 36 
 [1, 1, 1, 1, 1] 
 [1, 0, 0, 0, 0] 
 0.9953810623556582 

DataShapley
 37 
 [1] 
 [1, 1, 1, 1, 1] 
 0.802710843373494 

DataShapley
 37 
 [1, 0] 
 [1, 1, 1, 1, 1] 
 0.9181726907630522 

DataShapley
 37 
 [1, 0, 3] 
 [1, 1, 1, 1, 1] 
 0.9302208835341366 

DataShapley
 37 
 [1, 0, 3, 2] 
 [1, 1, 1, 1, 1] 
 0.9352409638554217 

DataShapley
 37 
 [1, 0, 3, 2, 4] 
 [1, 1, 1, 1, 1] 
 0.9467871485943775 

FourValues
 37 
 [0, 0, 0, 0, 1] 
 [0, 0, 0, 0, 1] 
 0.9918918918918919 

FourValues
 37 
 [0, 0, 0, 1, 0] 
 [0, 0, 0, 1, 0] 
 0.9973045822102425 

FourValues
 37 
 [0, 0, 1, 0, 0] 
 [0, 0, 1, 0, 0] 
 0.9974683544303797 

FourValues
 37 
 [0, 1, 0, 0, 0] 
 [0, 1, 0, 0, 0] 
 0.9810874704491725 

FourValues
 37 
 [0, 1, 1, 1, 1] 
 [1, 0, 0, 0, 0] 
 0.9815242494226328 

FourValues
 37 
 [1, 0, 0, 0, 0] 
 [1, 0, 0, 0, 0] 
 0.9976905311778291 

FourValues
 37 
 [1, 0, 1, 1, 1] 
 [0, 1, 0, 0, 0] 
 0.8747044917257684 

FourValues
 37 
 [1, 1, 0, 1, 1] 
 [0, 0, 1, 0, 0] 
 0.8151898734177215 

FourValues
 37 
 [1, 1, 1, 0, 1] 
 [0, 0, 0, 1, 0] 
 0.9649595687331537 

FourValues
 37 
 [1, 1, 1, 1, 0] 
 [0, 0, 0, 0, 1] 
 0.8081081081081081 

FourValues
 37 
 [1, 1, 1, 1, 1] 
 [0, 0, 0, 0, 1] 
 0.9135135135135135 

FourValues
 37 
 [1, 1, 1, 1, 1] 
 [0, 0, 0, 1, 0] 
 0.9757412398921833 

FourValues
 37 
 [1, 1, 1, 1, 1] 
 [0, 0, 1, 0, 0] 
 0.9240506329113924 

FourValues
 37 
 [1, 1, 1, 1, 1] 
 [0, 1, 0, 0, 0] 
 0.9219858156028369 

FourValues
 37 
 [1, 1, 1, 1, 1] 
 [1, 0, 0, 0, 0] 
 0.9953810623556582 

DataShapley
 38 
 [1] 
 [1, 1, 1, 1, 1] 
 0.7745983935742972 

DataShapley
 38 
 [1, 4] 
 [1, 1, 1, 1, 1] 
 0.8719879518072289 

DataShapley
 38 
 [1, 4, 2] 
 [1, 1, 1, 1, 1] 
 0.9508032128514057 

DataShapley
 38 
 [1, 4, 2, 3] 
 [1, 1, 1, 1, 1] 
 0.9508032128514057 

DataShapley
 38 
 [1, 4, 2, 3, 0] 
 [1, 1, 1, 1, 1] 
 0.9497991967871486 

FourValues
 38 
 [0, 0, 0, 0, 1] 
 [0, 0, 0, 0, 1] 
 0.9945945945945946 

FourValues
 38 
 [0, 0, 0, 1, 0] 
 [0, 0, 0, 1, 0] 
 0.9973045822102425 

FourValues
 38 
 [0, 0, 1, 0, 0] 
 [0, 0, 1, 0, 0] 
 0.9974683544303797 

FourValues
 38 
 [0, 1, 0, 0, 0] 
 [0, 1, 0, 0, 0] 
 0.9858156028368794 

FourValues
 38 
 [0, 1, 1, 1, 1] 
 [1, 0, 0, 0, 0] 
 0.976905311778291 

FourValues
 38 
 [1, 0, 0, 0, 0] 
 [1, 0, 0, 0, 0] 
 0.9976905311778291 

FourValues
 38 
 [1, 0, 1, 1, 1] 
 [0, 1, 0, 0, 0] 
 0.8723404255319149 

FourValues
 38 
 [1, 1, 0, 1, 1] 
 [0, 0, 1, 0, 0] 
 0.8253164556962025 

FourValues
 38 
 [1, 1, 1, 0, 1] 
 [0, 0, 0, 1, 0] 
 0.9649595687331537 

FourValues
 38 
 [1, 1, 1, 1, 0] 
 [0, 0, 0, 0, 1] 
 0.8081081081081081 

FourValues
 38 
 [1, 1, 1, 1, 1] 
 [0, 0, 0, 0, 1] 
 0.9162162162162162 

FourValues
 38 
 [1, 1, 1, 1, 1] 
 [0, 0, 0, 1, 0] 
 0.9811320754716981 

FourValues
 38 
 [1, 1, 1, 1, 1] 
 [0, 0, 1, 0, 0] 
 0.9265822784810127 

FourValues
 38 
 [1, 1, 1, 1, 1] 
 [0, 1, 0, 0, 0] 
 0.9290780141843972 

FourValues
 38 
 [1, 1, 1, 1, 1] 
 [1, 0, 0, 0, 0] 
 0.9930715935334873 

DataShapley
 39 
 [2] 
 [1, 1, 1, 1, 1] 
 0.7264056224899599 

DataShapley
 39 
 [2, 0] 
 [1, 1, 1, 1, 1] 
 0.9011044176706827 

DataShapley
 39 
 [2, 0, 1] 
 [1, 1, 1, 1, 1] 
 0.9322289156626506 

DataShapley
 39 
 [2, 0, 1, 4] 
 [1, 1, 1, 1, 1] 
 0.9523092369477911 

DataShapley
 39 
 [2, 0, 1, 4, 3] 
 [1, 1, 1, 1, 1] 
 0.9508032128514057 

FourValues
 39 
 [0, 0, 0, 0, 1] 
 [0, 0, 0, 0, 1] 
 0.9891891891891892 

FourValues
 39 
 [0, 0, 0, 1, 0] 
 [0, 0, 0, 1, 0] 
 0.9973045822102425 

FourValues
 39 
 [0, 0, 1, 0, 0] 
 [0, 0, 1, 0, 0] 
 0.9974683544303797 

FourValues
 39 
 [0, 1, 0, 0, 0] 
 [0, 1, 0, 0, 0] 
 0.983451536643026 

FourValues
 39 
 [0, 1, 1, 1, 1] 
 [1, 0, 0, 0, 0] 
 0.976905311778291 

FourValues
 39 
 [1, 0, 0, 0, 0] 
 [1, 0, 0, 0, 0] 
 0.9976905311778291 

FourValues
 39 
 [1, 0, 1, 1, 1] 
 [0, 1, 0, 0, 0] 
 0.8865248226950354 

FourValues
 39 
 [1, 1, 0, 1, 1] 
 [0, 0, 1, 0, 0] 
 0.8126582278481013 

FourValues
 39 
 [1, 1, 1, 0, 1] 
 [0, 0, 0, 1, 0] 
 0.9622641509433962 

FourValues
 39 
 [1, 1, 1, 1, 0] 
 [0, 0, 0, 0, 1] 
 0.827027027027027 

FourValues
 39 
 [1, 1, 1, 1, 1] 
 [0, 0, 0, 0, 1] 
 0.9216216216216216 

FourValues
 39 
 [1, 1, 1, 1, 1] 
 [0, 0, 0, 1, 0] 
 0.9784366576819407 

FourValues
 39 
 [1, 1, 1, 1, 1] 
 [0, 0, 1, 0, 0] 
 0.9215189873417722 

FourValues
 39 
 [1, 1, 1, 1, 1] 
 [0, 1, 0, 0, 0] 
 0.933806146572104 

FourValues
 39 
 [1, 1, 1, 1, 1] 
 [1, 0, 0, 0, 0] 
 0.9953810623556582 

DataShapley
 40 
 [1] 
 [1, 1, 1, 1, 1] 
 0.8162650602409639 

DataShapley
 40 
 [1, 0] 
 [1, 1, 1, 1, 1] 
 0.9211847389558233 

DataShapley
 40 
 [1, 0, 4] 
 [1, 1, 1, 1, 1] 
 0.9206827309236948 

DataShapley
 40 
 [1, 0, 4, 3] 
 [1, 1, 1, 1, 1] 
 0.9362449799196787 

DataShapley
 40 
 [1, 0, 4, 3, 2] 
 [1, 1, 1, 1, 1] 
 0.9503012048192772 

FourValues
 40 
 [0, 0, 0, 0, 1] 
 [0, 0, 0, 0, 1] 
 0.9945945945945946 

FourValues
 40 
 [0, 0, 0, 1, 0] 
 [0, 0, 0, 1, 0] 
 0.9973045822102425 

FourValues
 40 
 [0, 0, 1, 0, 0] 
 [0, 0, 1, 0, 0] 
 0.9949367088607595 

FourValues
 40 
 [0, 1, 0, 0, 0] 
 [0, 1, 0, 0, 0] 
 0.983451536643026 

FourValues
 40 
 [0, 1, 1, 1, 1] 
 [1, 0, 0, 0, 0] 
 0.9792147806004619 

FourValues
 40 
 [1, 0, 0, 0, 0] 
 [1, 0, 0, 0, 0] 
 0.9976905311778291 

FourValues
 40 
 [1, 0, 1, 1, 1] 
 [0, 1, 0, 0, 0] 
 0.8912529550827423 

FourValues
 40 
 [1, 1, 0, 1, 1] 
 [0, 0, 1, 0, 0] 
 0.8177215189873418 

FourValues
 40 
 [1, 1, 1, 0, 1] 
 [0, 0, 0, 1, 0] 
 0.954177897574124 

FourValues
 40 
 [1, 1, 1, 1, 0] 
 [0, 0, 0, 0, 1] 
 0.8297297297297297 

FourValues
 40 
 [1, 1, 1, 1, 1] 
 [0, 0, 0, 0, 1] 
 0.9243243243243243 

FourValues
 40 
 [1, 1, 1, 1, 1] 
 [0, 0, 0, 1, 0] 
 0.9784366576819407 

FourValues
 40 
 [1, 1, 1, 1, 1] 
 [0, 0, 1, 0, 0] 
 0.9189873417721519 

FourValues
 40 
 [1, 1, 1, 1, 1] 
 [0, 1, 0, 0, 0] 
 0.9314420803782506 

FourValues
 40 
 [1, 1, 1, 1, 1] 
 [1, 0, 0, 0, 0] 
 0.9953810623556582 

DataShapley
 41 
 [4] 
 [1, 1, 1, 1, 1] 
 0.8082329317269076 

DataShapley
 41 
 [4, 3] 
 [1, 1, 1, 1, 1] 
 0.9031124497991968 

DataShapley
 41 
 [4, 3, 1] 
 [1, 1, 1, 1, 1] 
 0.9211847389558233 

DataShapley
 41 
 [4, 3, 1, 0] 
 [1, 1, 1, 1, 1] 
 0.9347389558232931 

DataShapley
 41 
 [4, 3, 1, 0, 2] 
 [1, 1, 1, 1, 1] 
 0.9487951807228916 

FourValues
 41 
 [0, 0, 0, 0, 1] 
 [0, 0, 0, 0, 1] 
 0.9891891891891892 

FourValues
 41 
 [0, 0, 0, 1, 0] 
 [0, 0, 0, 1, 0] 
 0.9973045822102425 

FourValues
 41 
 [0, 0, 1, 0, 0] 
 [0, 0, 1, 0, 0] 
 0.9974683544303797 

FourValues
 41 
 [0, 1, 0, 0, 0] 
 [0, 1, 0, 0, 0] 
 0.983451536643026 

FourValues
 41 
 [0, 1, 1, 1, 1] 
 [1, 0, 0, 0, 0] 
 0.9861431870669746 

FourValues
 41 
 [1, 0, 0, 0, 0] 
 [1, 0, 0, 0, 0] 
 0.9976905311778291 

FourValues
 41 
 [1, 0, 1, 1, 1] 
 [0, 1, 0, 0, 0] 
 0.8841607565011821 

FourValues
 41 
 [1, 1, 0, 1, 1] 
 [0, 0, 1, 0, 0] 
 0.8202531645569621 

FourValues
 41 
 [1, 1, 1, 0, 1] 
 [0, 0, 0, 1, 0] 
 0.9568733153638814 

FourValues
 41 
 [1, 1, 1, 1, 0] 
 [0, 0, 0, 0, 1] 
 0.827027027027027 

FourValues
 41 
 [1, 1, 1, 1, 1] 
 [0, 0, 0, 0, 1] 
 0.918918918918919 

FourValues
 41 
 [1, 1, 1, 1, 1] 
 [0, 0, 0, 1, 0] 
 0.9757412398921833 

FourValues
 41 
 [1, 1, 1, 1, 1] 
 [0, 0, 1, 0, 0] 
 0.9215189873417722 

FourValues
 41 
 [1, 1, 1, 1, 1] 
 [0, 1, 0, 0, 0] 
 0.9290780141843972 

FourValues
 41 
 [1, 1, 1, 1, 1] 
 [1, 0, 0, 0, 0] 
 0.9953810623556582 

DataShapley
 42 
 [1] 
 [1, 1, 1, 1, 1] 
 0.7866465863453815 

DataShapley
 42 
 [1, 4] 
 [1, 1, 1, 1, 1] 
 0.876004016064257 

DataShapley
 42 
 [1, 4, 2] 
 [1, 1, 1, 1, 1] 
 0.9503012048192772 

DataShapley
 42 
 [1, 4, 2, 3] 
 [1, 1, 1, 1, 1] 
 0.9508032128514057 

DataShapley
 42 
 [1, 4, 2, 3, 0] 
 [1, 1, 1, 1, 1] 
 0.9508032128514057 

FourValues
 42 
 [0, 0, 0, 0, 1] 
 [0, 0, 0, 0, 1] 
 0.9945945945945946 

FourValues
 42 
 [0, 0, 0, 1, 0] 
 [0, 0, 0, 1, 0] 
 0.9973045822102425 

FourValues
 42 
 [0, 0, 1, 0, 0] 
 [0, 0, 1, 0, 0] 
 0.9974683544303797 

FourValues
 42 
 [0, 1, 0, 0, 0] 
 [0, 1, 0, 0, 0] 
 0.983451536643026 

FourValues
 42 
 [0, 1, 1, 1, 1] 
 [1, 0, 0, 0, 0] 
 0.9815242494226328 

FourValues
 42 
 [1, 0, 0, 0, 0] 
 [1, 0, 0, 0, 0] 
 0.9976905311778291 

FourValues
 42 
 [1, 0, 1, 1, 1] 
 [0, 1, 0, 0, 0] 
 0.8747044917257684 

FourValues
 42 
 [1, 1, 0, 1, 1] 
 [0, 0, 1, 0, 0] 
 0.8278481012658228 

FourValues
 42 
 [1, 1, 1, 0, 1] 
 [0, 0, 0, 1, 0] 
 0.9595687331536388 

FourValues
 42 
 [1, 1, 1, 1, 0] 
 [0, 0, 0, 0, 1] 
 0.8162162162162162 

FourValues
 42 
 [1, 1, 1, 1, 1] 
 [0, 0, 0, 0, 1] 
 0.918918918918919 

FourValues
 42 
 [1, 1, 1, 1, 1] 
 [0, 0, 0, 1, 0] 
 0.9784366576819407 

FourValues
 42 
 [1, 1, 1, 1, 1] 
 [0, 0, 1, 0, 0] 
 0.9291139240506329 

FourValues
 42 
 [1, 1, 1, 1, 1] 
 [0, 1, 0, 0, 0] 
 0.9290780141843972 

FourValues
 42 
 [1, 1, 1, 1, 1] 
 [1, 0, 0, 0, 0] 
 0.9953810623556582 

DataShapley
 43 
 [3] 
 [1, 1, 1, 1, 1] 
 0.8940763052208835 

DataShapley
 43 
 [3, 2] 
 [1, 1, 1, 1, 1] 
 0.9011044176706827 

DataShapley
 43 
 [3, 2, 0] 
 [1, 1, 1, 1, 1] 
 0.9246987951807228 

DataShapley
 43 
 [3, 2, 0, 1] 
 [1, 1, 1, 1, 1] 
 0.9402610441767069 

DataShapley
 43 
 [3, 2, 0, 1, 4] 
 [1, 1, 1, 1, 1] 
 0.9503012048192772 

FourValues
 43 
 [0, 0, 0, 0, 1] 
 [0, 0, 0, 0, 1] 
 0.9945945945945946 

FourValues
 43 
 [0, 0, 0, 1, 0] 
 [0, 0, 0, 1, 0] 
 0.9973045822102425 

FourValues
 43 
 [0, 0, 1, 0, 0] 
 [0, 0, 1, 0, 0] 
 0.9949367088607595 

FourValues
 43 
 [0, 1, 0, 0, 0] 
 [0, 1, 0, 0, 0] 
 0.983451536643026 

FourValues
 43 
 [0, 1, 1, 1, 1] 
 [1, 0, 0, 0, 0] 
 0.9815242494226328 

FourValues
 43 
 [1, 0, 0, 0, 0] 
 [1, 0, 0, 0, 0] 
 0.9976905311778291 

FourValues
 43 
 [1, 0, 1, 1, 1] 
 [0, 1, 0, 0, 0] 
 0.8841607565011821 

FourValues
 43 
 [1, 1, 0, 1, 1] 
 [0, 0, 1, 0, 0] 
 0.8278481012658228 

FourValues
 43 
 [1, 1, 1, 0, 1] 
 [0, 0, 0, 1, 0] 
 0.9568733153638814 

FourValues
 43 
 [1, 1, 1, 1, 0] 
 [0, 0, 0, 0, 1] 
 0.8297297297297297 

FourValues
 43 
 [1, 1, 1, 1, 1] 
 [0, 0, 0, 0, 1] 
 0.9216216216216216 

FourValues
 43 
 [1, 1, 1, 1, 1] 
 [0, 0, 0, 1, 0] 
 0.9784366576819407 

FourValues
 43 
 [1, 1, 1, 1, 1] 
 [0, 0, 1, 0, 0] 
 0.9240506329113924 

FourValues
 43 
 [1, 1, 1, 1, 1] 
 [0, 1, 0, 0, 0] 
 0.9290780141843972 

FourValues
 43 
 [1, 1, 1, 1, 1] 
 [1, 0, 0, 0, 0] 
 0.9953810623556582 

DataShapley
 44 
 [4] 
 [1, 1, 1, 1, 1] 
 0.7946787148594378 

DataShapley
 44 
 [4, 2] 
 [1, 1, 1, 1, 1] 
 0.927710843373494 

DataShapley
 44 
 [4, 2, 1] 
 [1, 1, 1, 1, 1] 
 0.9518072289156626 

DataShapley
 44 
 [4, 2, 1, 3] 
 [1, 1, 1, 1, 1] 
 0.9508032128514057 

DataShapley
 44 
 [4, 2, 1, 3, 0] 
 [1, 1, 1, 1, 1] 
 0.9508032128514057 

FourValues
 44 
 [0, 0, 0, 0, 1] 
 [0, 0, 0, 0, 1] 
 0.9945945945945946 

FourValues
 44 
 [0, 0, 0, 1, 0] 
 [0, 0, 0, 1, 0] 
 0.9973045822102425 

FourValues
 44 
 [0, 0, 1, 0, 0] 
 [0, 0, 1, 0, 0] 
 0.9949367088607595 

FourValues
 44 
 [0, 1, 0, 0, 0] 
 [0, 1, 0, 0, 0] 
 0.983451536643026 

FourValues
 44 
 [0, 1, 1, 1, 1] 
 [1, 0, 0, 0, 0] 
 0.9792147806004619 

FourValues
 44 
 [1, 0, 0, 0, 0] 
 [1, 0, 0, 0, 0] 
 0.9976905311778291 

FourValues
 44 
 [1, 0, 1, 1, 1] 
 [0, 1, 0, 0, 0] 
 0.8841607565011821 

FourValues
 44 
 [1, 1, 0, 1, 1] 
 [0, 0, 1, 0, 0] 
 0.8227848101265823 

FourValues
 44 
 [1, 1, 1, 0, 1] 
 [0, 0, 0, 1, 0] 
 0.9595687331536388 

FourValues
 44 
 [1, 1, 1, 1, 0] 
 [0, 0, 0, 0, 1] 
 0.8324324324324325 

FourValues
 44 
 [1, 1, 1, 1, 1] 
 [0, 0, 0, 0, 1] 
 0.9243243243243243 

FourValues
 44 
 [1, 1, 1, 1, 1] 
 [0, 0, 0, 1, 0] 
 0.9811320754716981 

FourValues
 44 
 [1, 1, 1, 1, 1] 
 [0, 0, 1, 0, 0] 
 0.9215189873417722 

FourValues
 44 
 [1, 1, 1, 1, 1] 
 [0, 1, 0, 0, 0] 
 0.9290780141843972 

FourValues
 44 
 [1, 1, 1, 1, 1] 
 [1, 0, 0, 0, 0] 
 0.9953810623556582 

DataShapley
 45 
 [4] 
 [1, 1, 1, 1, 1] 
 0.7821285140562249 

DataShapley
 45 
 [4, 1] 
 [1, 1, 1, 1, 1] 
 0.8734939759036144 

DataShapley
 45 
 [4, 1, 3] 
 [1, 1, 1, 1, 1] 
 0.9267068273092369 

DataShapley
 45 
 [4, 1, 3, 2] 
 [1, 1, 1, 1, 1] 
 0.9548192771084337 

DataShapley
 45 
 [4, 1, 3, 2, 0] 
 [1, 1, 1, 1, 1] 
 0.9518072289156626 

FourValues
 45 
 [0, 0, 0, 0, 1] 
 [0, 0, 0, 0, 1] 
 0.9945945945945946 

FourValues
 45 
 [0, 0, 0, 1, 0] 
 [0, 0, 0, 1, 0] 
 0.9973045822102425 

FourValues
 45 
 [0, 0, 1, 0, 0] 
 [0, 0, 1, 0, 0] 
 0.9974683544303797 

FourValues
 45 
 [0, 1, 0, 0, 0] 
 [0, 1, 0, 0, 0] 
 0.983451536643026 

FourValues
 45 
 [0, 1, 1, 1, 1] 
 [1, 0, 0, 0, 0] 
 0.9792147806004619 

FourValues
 45 
 [1, 0, 0, 0, 0] 
 [1, 0, 0, 0, 0] 
 0.9976905311778291 

FourValues
 45 
 [1, 0, 1, 1, 1] 
 [0, 1, 0, 0, 0] 
 0.8747044917257684 

FourValues
 45 
 [1, 1, 0, 1, 1] 
 [0, 0, 1, 0, 0] 
 0.8227848101265823 

FourValues
 45 
 [1, 1, 1, 0, 1] 
 [0, 0, 0, 1, 0] 
 0.954177897574124 

FourValues
 45 
 [1, 1, 1, 1, 0] 
 [0, 0, 0, 0, 1] 
 0.8378378378378378 

FourValues
 45 
 [1, 1, 1, 1, 1] 
 [0, 0, 0, 0, 1] 
 0.9351351351351351 

FourValues
 45 
 [1, 1, 1, 1, 1] 
 [0, 0, 0, 1, 0] 
 0.9784366576819407 

FourValues
 45 
 [1, 1, 1, 1, 1] 
 [0, 0, 1, 0, 0] 
 0.9215189873417722 

FourValues
 45 
 [1, 1, 1, 1, 1] 
 [0, 1, 0, 0, 0] 
 0.9267139479905437 

FourValues
 45 
 [1, 1, 1, 1, 1] 
 [1, 0, 0, 0, 0] 
 0.9953810623556582 

DataShapley
 46 
 [3] 
 [1, 1, 1, 1, 1] 
 0.9131526104417671 

DataShapley
 46 
 [3, 0] 
 [1, 1, 1, 1, 1] 
 0.927710843373494 

DataShapley
 46 
 [3, 0, 1] 
 [1, 1, 1, 1, 1] 
 0.9377510040160643 

DataShapley
 46 
 [3, 0, 1, 4] 
 [1, 1, 1, 1, 1] 
 0.9392570281124498 

DataShapley
 46 
 [3, 0, 1, 4, 2] 
 [1, 1, 1, 1, 1] 
 0.9518072289156626 

FourValues
 46 
 [0, 0, 0, 0, 1] 
 [0, 0, 0, 0, 1] 
 0.9918918918918919 

FourValues
 46 
 [0, 0, 0, 1, 0] 
 [0, 0, 0, 1, 0] 
 0.9973045822102425 

FourValues
 46 
 [0, 0, 1, 0, 0] 
 [0, 0, 1, 0, 0] 
 0.9974683544303797 

FourValues
 46 
 [0, 1, 0, 0, 0] 
 [0, 1, 0, 0, 0] 
 0.9787234042553191 

FourValues
 46 
 [0, 1, 1, 1, 1] 
 [1, 0, 0, 0, 0] 
 0.9792147806004619 

FourValues
 46 
 [1, 0, 0, 0, 0] 
 [1, 0, 0, 0, 0] 
 0.9976905311778291 

FourValues
 46 
 [1, 0, 1, 1, 1] 
 [0, 1, 0, 0, 0] 
 0.8865248226950354 

FourValues
 46 
 [1, 1, 0, 1, 1] 
 [0, 0, 1, 0, 0] 
 0.8278481012658228 

FourValues
 46 
 [1, 1, 1, 0, 1] 
 [0, 0, 0, 1, 0] 
 0.954177897574124 

FourValues
 46 
 [1, 1, 1, 1, 0] 
 [0, 0, 0, 0, 1] 
 0.8324324324324325 

FourValues
 46 
 [1, 1, 1, 1, 1] 
 [0, 0, 0, 0, 1] 
 0.9378378378378378 

FourValues
 46 
 [1, 1, 1, 1, 1] 
 [0, 0, 0, 1, 0] 
 0.9757412398921833 

FourValues
 46 
 [1, 1, 1, 1, 1] 
 [0, 0, 1, 0, 0] 
 0.9265822784810127 

FourValues
 46 
 [1, 1, 1, 1, 1] 
 [0, 1, 0, 0, 0] 
 0.9243498817966903 

FourValues
 46 
 [1, 1, 1, 1, 1] 
 [1, 0, 0, 0, 0] 
 0.9930715935334873 

DataShapley
 47 
 [2] 
 [1, 1, 1, 1, 1] 
 0.7469879518072289 

DataShapley
 47 
 [2, 4] 
 [1, 1, 1, 1, 1] 
 0.9282128514056225 

DataShapley
 47 
 [2, 4, 1] 
 [1, 1, 1, 1, 1] 
 0.9533132530120482 

DataShapley
 47 
 [2, 4, 1, 0] 
 [1, 1, 1, 1, 1] 
 0.9543172690763052 

DataShapley
 47 
 [2, 4, 1, 0, 3] 
 [1, 1, 1, 1, 1] 
 0.9523092369477911 

FourValues
 47 
 [0, 0, 0, 0, 1] 
 [0, 0, 0, 0, 1] 
 0.9945945945945946 

FourValues
 47 
 [0, 0, 0, 1, 0] 
 [0, 0, 0, 1, 0] 
 0.9973045822102425 

FourValues
 47 
 [0, 0, 1, 0, 0] 
 [0, 0, 1, 0, 0] 
 0.9974683544303797 

FourValues
 47 
 [0, 1, 0, 0, 0] 
 [0, 1, 0, 0, 0] 
 0.983451536643026 

FourValues
 47 
 [0, 1, 1, 1, 1] 
 [1, 0, 0, 0, 0] 
 0.9884526558891455 

FourValues
 47 
 [1, 0, 0, 0, 0] 
 [1, 0, 0, 0, 0] 
 0.9976905311778291 

FourValues
 47 
 [1, 0, 1, 1, 1] 
 [0, 1, 0, 0, 0] 
 0.8770685579196218 

FourValues
 47 
 [1, 1, 0, 1, 1] 
 [0, 0, 1, 0, 0] 
 0.8329113924050633 

FourValues
 47 
 [1, 1, 1, 0, 1] 
 [0, 0, 0, 1, 0] 
 0.9595687331536388 

FourValues
 47 
 [1, 1, 1, 1, 0] 
 [0, 0, 0, 0, 1] 
 0.8378378378378378 

FourValues
 47 
 [1, 1, 1, 1, 1] 
 [0, 0, 0, 0, 1] 
 0.927027027027027 

FourValues
 47 
 [1, 1, 1, 1, 1] 
 [0, 0, 0, 1, 0] 
 0.9811320754716981 

FourValues
 47 
 [1, 1, 1, 1, 1] 
 [0, 0, 1, 0, 0] 
 0.9265822784810127 

FourValues
 47 
 [1, 1, 1, 1, 1] 
 [0, 1, 0, 0, 0] 
 0.9290780141843972 

FourValues
 47 
 [1, 1, 1, 1, 1] 
 [1, 0, 0, 0, 0] 
 0.9953810623556582 

DataShapley
 48 
 [2] 
 [1, 1, 1, 1, 1] 
 0.7319277108433735 

DataShapley
 48 
 [2, 0] 
 [1, 1, 1, 1, 1] 
 0.9056224899598394 

DataShapley
 48 
 [2, 0, 1] 
 [1, 1, 1, 1, 1] 
 0.9412650602409639 

DataShapley
 48 
 [2, 0, 1, 3] 
 [1, 1, 1, 1, 1] 
 0.9432730923694779 

DataShapley
 48 
 [2, 0, 1, 3, 4] 
 [1, 1, 1, 1, 1] 
 0.9538152610441767 

FourValues
 48 
 [0, 0, 0, 0, 1] 
 [0, 0, 0, 0, 1] 
 0.9945945945945946 

FourValues
 48 
 [0, 0, 0, 1, 0] 
 [0, 0, 0, 1, 0] 
 0.9973045822102425 

FourValues
 48 
 [0, 0, 1, 0, 0] 
 [0, 0, 1, 0, 0] 
 0.9974683544303797 

FourValues
 48 
 [0, 1, 0, 0, 0] 
 [0, 1, 0, 0, 0] 
 0.983451536643026 

FourValues
 48 
 [0, 1, 1, 1, 1] 
 [1, 0, 0, 0, 0] 
 0.9884526558891455 

FourValues
 48 
 [1, 0, 0, 0, 0] 
 [1, 0, 0, 0, 0] 
 0.9976905311778291 

FourValues
 48 
 [1, 0, 1, 1, 1] 
 [0, 1, 0, 0, 0] 
 0.8865248226950354 

FourValues
 48 
 [1, 1, 0, 1, 1] 
 [0, 0, 1, 0, 0] 
 0.8329113924050633 

FourValues
 48 
 [1, 1, 1, 0, 1] 
 [0, 0, 0, 1, 0] 
 0.9622641509433962 

FourValues
 48 
 [1, 1, 1, 1, 0] 
 [0, 0, 0, 0, 1] 
 0.845945945945946 

FourValues
 48 
 [1, 1, 1, 1, 1] 
 [0, 0, 0, 0, 1] 
 0.9378378378378378 

FourValues
 48 
 [1, 1, 1, 1, 1] 
 [0, 0, 0, 1, 0] 
 0.9811320754716981 

FourValues
 48 
 [1, 1, 1, 1, 1] 
 [0, 0, 1, 0, 0] 
 0.9265822784810127 

FourValues
 48 
 [1, 1, 1, 1, 1] 
 [0, 1, 0, 0, 0] 
 0.9290780141843972 

FourValues
 48 
 [1, 1, 1, 1, 1] 
 [1, 0, 0, 0, 0] 
 0.9930715935334873 

DataShapley
 49 
 [4] 
 [1, 1, 1, 1, 1] 
 0.8017068273092369 

DataShapley
 49 
 [4, 0] 
 [1, 1, 1, 1, 1] 
 0.8885542168674698 

DataShapley
 49 
 [4, 0, 2] 
 [1, 1, 1, 1, 1] 
 0.9422690763052208 

DataShapley
 49 
 [4, 0, 2, 3] 
 [1, 1, 1, 1, 1] 
 0.9467871485943775 

DataShapley
 49 
 [4, 0, 2, 3, 1] 
 [1, 1, 1, 1, 1] 
 0.9523092369477911 

FourValues
 49 
 [0, 0, 0, 0, 1] 
 [0, 0, 0, 0, 1] 
 0.9945945945945946 

FourValues
 49 
 [0, 0, 0, 1, 0] 
 [0, 0, 0, 1, 0] 
 0.9973045822102425 

FourValues
 49 
 [0, 0, 1, 0, 0] 
 [0, 0, 1, 0, 0] 
 0.9974683544303797 

FourValues
 49 
 [0, 1, 0, 0, 0] 
 [0, 1, 0, 0, 0] 
 0.9810874704491725 

FourValues
 49 
 [0, 1, 1, 1, 1] 
 [1, 0, 0, 0, 0] 
 0.9907621247113164 

FourValues
 49 
 [1, 0, 0, 0, 0] 
 [1, 0, 0, 0, 0] 
 0.9976905311778291 

FourValues
 49 
 [1, 0, 1, 1, 1] 
 [0, 1, 0, 0, 0] 
 0.8888888888888888 

FourValues
 49 
 [1, 1, 0, 1, 1] 
 [0, 0, 1, 0, 0] 
 0.8253164556962025 

FourValues
 49 
 [1, 1, 1, 0, 1] 
 [0, 0, 0, 1, 0] 
 0.9622641509433962 

FourValues
 49 
 [1, 1, 1, 1, 0] 
 [0, 0, 0, 0, 1] 
 0.8405405405405405 

FourValues
 49 
 [1, 1, 1, 1, 1] 
 [0, 0, 0, 0, 1] 
 0.9324324324324325 

FourValues
 49 
 [1, 1, 1, 1, 1] 
 [0, 0, 0, 1, 0] 
 0.9784366576819407 

FourValues
 49 
 [1, 1, 1, 1, 1] 
 [0, 0, 1, 0, 0] 
 0.9215189873417722 

FourValues
 49 
 [1, 1, 1, 1, 1] 
 [0, 1, 0, 0, 0] 
 0.9314420803782506 

FourValues
 49 
 [1, 1, 1, 1, 1] 
 [1, 0, 0, 0, 0] 
 0.9953810623556582 

