
Experimental details:
    Model     : cnn
    Optimizer : sgd
    Learning  : 0.01
    Global Rounds   : 50

    Federated parameters:
    Non-IID
    Fraction of users  : 0.1
    Local Batch size   : 10
    Local Epochs       : 1

DataShapley
 0 
 [3] 
 [1, 1, 1, 1, 1] 
 0.5848393574297188 

DataShapley
 0 
 [3, 0] 
 [1, 1, 1, 1, 1] 
 0.5507028112449799 

DataShapley
 0 
 [3, 0, 2] 
 [1, 1, 1, 1, 1] 
 0.4924698795180723 

DataShapley
 0 
 [3, 0, 2, 1] 
 [1, 1, 1, 1, 1] 
 0.4919678714859438 

DataShapley
 0 
 [3, 0, 2, 1, 4] 
 [1, 1, 1, 1, 1] 
 0.4919678714859438 

FourValues
 0 
 [0, 0, 0, 0, 1] 
 [0, 0, 0, 0, 1] 
 0.9783783783783784 

FourValues
 0 
 [0, 0, 0, 1, 0] 
 [0, 0, 0, 1, 0] 
 0.9973045822102425 

FourValues
 0 
 [0, 0, 1, 0, 0] 
 [0, 0, 1, 0, 0] 
 1.0 

FourValues
 0 
 [0, 1, 0, 0, 0] 
 [0, 1, 0, 0, 0] 
 0.9787234042553191 

FourValues
 0 
 [0, 1, 1, 1, 1] 
 [1, 0, 0, 0, 0] 
 0.44803695150115475 

FourValues
 0 
 [1, 0, 0, 0, 0] 
 [1, 0, 0, 0, 0] 
 0.9976905311778291 

FourValues
 0 
 [1, 0, 1, 1, 1] 
 [0, 1, 0, 0, 0] 
 0.5177304964539007 

FourValues
 0 
 [1, 1, 0, 1, 1] 
 [0, 0, 1, 0, 0] 
 0.4810126582278481 

FourValues
 0 
 [1, 1, 1, 0, 1] 
 [0, 0, 0, 1, 0] 
 0.49595687331536387 

FourValues
 0 
 [1, 1, 1, 1, 0] 
 [0, 0, 0, 0, 1] 
 0.5216216216216216 

FourValues
 0 
 [1, 1, 1, 1, 1] 
 [0, 0, 0, 0, 1] 
 0.5216216216216216 

FourValues
 0 
 [1, 1, 1, 1, 1] 
 [0, 0, 0, 1, 0] 
 0.49595687331536387 

FourValues
 0 
 [1, 1, 1, 1, 1] 
 [0, 0, 1, 0, 0] 
 0.4810126582278481 

FourValues
 0 
 [1, 1, 1, 1, 1] 
 [0, 1, 0, 0, 0] 
 0.5177304964539007 

FourValues
 0 
 [1, 1, 1, 1, 1] 
 [1, 0, 0, 0, 0] 
 0.44803695150115475 

DataShapley
 1 
 [1] 
 [1, 1, 1, 1, 1] 
 0.588855421686747 

DataShapley
 1 
 [1, 0] 
 [1, 1, 1, 1, 1] 
 0.6596385542168675 

DataShapley
 1 
 [1, 0, 2] 
 [1, 1, 1, 1, 1] 
 0.6390562248995983 

DataShapley
 1 
 [1, 0, 2, 4] 
 [1, 1, 1, 1, 1] 
 0.6209839357429718 

DataShapley
 1 
 [1, 0, 2, 4, 3] 
 [1, 1, 1, 1, 1] 
 0.6234939759036144 

FourValues
 1 
 [0, 0, 0, 0, 1] 
 [0, 0, 0, 0, 1] 
 0.9891891891891892 

FourValues
 1 
 [0, 0, 0, 1, 0] 
 [0, 0, 0, 1, 0] 
 1.0 

FourValues
 1 
 [0, 0, 1, 0, 0] 
 [0, 0, 1, 0, 0] 
 0.9974683544303797 

FourValues
 1 
 [0, 1, 0, 0, 0] 
 [0, 1, 0, 0, 0] 
 0.9810874704491725 

FourValues
 1 
 [0, 1, 1, 1, 1] 
 [1, 0, 0, 0, 0] 
 0.44803695150115475 

FourValues
 1 
 [1, 0, 0, 0, 0] 
 [1, 0, 0, 0, 0] 
 0.9976905311778291 

FourValues
 1 
 [1, 0, 1, 1, 1] 
 [0, 1, 0, 0, 0] 
 0.5177304964539007 

FourValues
 1 
 [1, 1, 0, 1, 1] 
 [0, 0, 1, 0, 0] 
 0.4810126582278481 

FourValues
 1 
 [1, 1, 1, 0, 1] 
 [0, 0, 0, 1, 0] 
 0.49595687331536387 

FourValues
 1 
 [1, 1, 1, 1, 0] 
 [0, 0, 0, 0, 1] 
 0.5216216216216216 

FourValues
 1 
 [1, 1, 1, 1, 1] 
 [0, 0, 0, 0, 1] 
 0.5216216216216216 

FourValues
 1 
 [1, 1, 1, 1, 1] 
 [0, 0, 0, 1, 0] 
 0.5579514824797843 

FourValues
 1 
 [1, 1, 1, 1, 1] 
 [0, 0, 1, 0, 0] 
 0.5063291139240507 

FourValues
 1 
 [1, 1, 1, 1, 1] 
 [0, 1, 0, 0, 0] 
 0.6028368794326241 

FourValues
 1 
 [1, 1, 1, 1, 1] 
 [1, 0, 0, 0, 0] 
 0.8937644341801386 

DataShapley
 2 
 [1] 
 [1, 1, 1, 1, 1] 
 0.5883534136546185 

DataShapley
 2 
 [1, 4] 
 [1, 1, 1, 1, 1] 
 0.6204819277108434 

DataShapley
 2 
 [1, 4, 3] 
 [1, 1, 1, 1, 1] 
 0.6495983935742972 

DataShapley
 2 
 [1, 4, 3, 2] 
 [1, 1, 1, 1, 1] 
 0.6586345381526104 

DataShapley
 2 
 [1, 4, 3, 2, 0] 
 [1, 1, 1, 1, 1] 
 0.7419678714859438 

FourValues
 2 
 [0, 0, 0, 0, 1] 
 [0, 0, 0, 0, 1] 
 0.9891891891891892 

FourValues
 2 
 [0, 0, 0, 1, 0] 
 [0, 0, 0, 1, 0] 
 0.9892183288409704 

FourValues
 2 
 [0, 0, 1, 0, 0] 
 [0, 0, 1, 0, 0] 
 1.0 

FourValues
 2 
 [0, 1, 0, 0, 0] 
 [0, 1, 0, 0, 0] 
 0.9716312056737588 

FourValues
 2 
 [0, 1, 1, 1, 1] 
 [1, 0, 0, 0, 0] 
 0.4503464203233256 

FourValues
 2 
 [1, 0, 0, 0, 0] 
 [1, 0, 0, 0, 0] 
 0.9976905311778291 

FourValues
 2 
 [1, 0, 1, 1, 1] 
 [0, 1, 0, 0, 0] 
 0.5177304964539007 

FourValues
 2 
 [1, 1, 0, 1, 1] 
 [0, 0, 1, 0, 0] 
 0.4810126582278481 

FourValues
 2 
 [1, 1, 1, 0, 1] 
 [0, 0, 0, 1, 0] 
 0.49595687331536387 

FourValues
 2 
 [1, 1, 1, 1, 0] 
 [0, 0, 0, 0, 1] 
 0.5216216216216216 

FourValues
 2 
 [1, 1, 1, 1, 1] 
 [0, 0, 0, 0, 1] 
 0.5648648648648649 

FourValues
 2 
 [1, 1, 1, 1, 1] 
 [0, 0, 0, 1, 0] 
 0.7466307277628033 

FourValues
 2 
 [1, 1, 1, 1, 1] 
 [0, 0, 1, 0, 0] 
 0.6759493670886076 

FourValues
 2 
 [1, 1, 1, 1, 1] 
 [0, 1, 0, 0, 0] 
 0.7163120567375887 

FourValues
 2 
 [1, 1, 1, 1, 1] 
 [1, 0, 0, 0, 0] 
 0.9745958429561201 

DataShapley
 3 
 [2] 
 [1, 1, 1, 1, 1] 
 0.5923694779116466 

DataShapley
 3 
 [2, 4] 
 [1, 1, 1, 1, 1] 
 0.6445783132530121 

DataShapley
 3 
 [2, 4, 0] 
 [1, 1, 1, 1, 1] 
 0.7284136546184738 

DataShapley
 3 
 [2, 4, 0, 1] 
 [1, 1, 1, 1, 1] 
 0.7771084337349398 

DataShapley
 3 
 [2, 4, 0, 1, 3] 
 [1, 1, 1, 1, 1] 
 0.8127510040160643 

FourValues
 3 
 [0, 0, 0, 0, 1] 
 [0, 0, 0, 0, 1] 
 0.9945945945945946 

FourValues
 3 
 [0, 0, 0, 1, 0] 
 [0, 0, 0, 1, 0] 
 0.9973045822102425 

FourValues
 3 
 [0, 0, 1, 0, 0] 
 [0, 0, 1, 0, 0] 
 0.9974683544303797 

FourValues
 3 
 [0, 1, 0, 0, 0] 
 [0, 1, 0, 0, 0] 
 0.9858156028368794 

FourValues
 3 
 [0, 1, 1, 1, 1] 
 [1, 0, 0, 0, 0] 
 0.4503464203233256 

FourValues
 3 
 [1, 0, 0, 0, 0] 
 [1, 0, 0, 0, 0] 
 1.0 

FourValues
 3 
 [1, 0, 1, 1, 1] 
 [0, 1, 0, 0, 0] 
 0.5177304964539007 

FourValues
 3 
 [1, 1, 0, 1, 1] 
 [0, 0, 1, 0, 0] 
 0.4810126582278481 

FourValues
 3 
 [1, 1, 1, 0, 1] 
 [0, 0, 0, 1, 0] 
 0.49865229110512127 

FourValues
 3 
 [1, 1, 1, 1, 0] 
 [0, 0, 0, 0, 1] 
 0.5216216216216216 

FourValues
 3 
 [1, 1, 1, 1, 1] 
 [0, 0, 0, 0, 1] 
 0.6891891891891891 

FourValues
 3 
 [1, 1, 1, 1, 1] 
 [0, 0, 0, 1, 0] 
 0.8328840970350404 

FourValues
 3 
 [1, 1, 1, 1, 1] 
 [0, 0, 1, 0, 0] 
 0.7873417721518987 

FourValues
 3 
 [1, 1, 1, 1, 1] 
 [0, 1, 0, 0, 0] 
 0.7683215130023641 

FourValues
 3 
 [1, 1, 1, 1, 1] 
 [1, 0, 0, 0, 0] 
 0.9676674364896074 

DataShapley
 4 
 [0] 
 [1, 1, 1, 1, 1] 
 0.6109437751004017 

DataShapley
 4 
 [0, 3] 
 [1, 1, 1, 1, 1] 
 0.6917670682730924 

DataShapley
 4 
 [0, 3, 2] 
 [1, 1, 1, 1, 1] 
 0.7635542168674698 

DataShapley
 4 
 [0, 3, 2, 4] 
 [1, 1, 1, 1, 1] 
 0.7811244979919679 

DataShapley
 4 
 [0, 3, 2, 4, 1] 
 [1, 1, 1, 1, 1] 
 0.8263052208835341 

FourValues
 4 
 [0, 0, 0, 0, 1] 
 [0, 0, 0, 0, 1] 
 0.9486486486486486 

FourValues
 4 
 [0, 0, 0, 1, 0] 
 [0, 0, 0, 1, 0] 
 0.9946091644204852 

FourValues
 4 
 [0, 0, 1, 0, 0] 
 [0, 0, 1, 0, 0] 
 1.0 

FourValues
 4 
 [0, 1, 0, 0, 0] 
 [0, 1, 0, 0, 0] 
 0.983451536643026 

FourValues
 4 
 [0, 1, 1, 1, 1] 
 [1, 0, 0, 0, 0] 
 0.5842956120092379 

FourValues
 4 
 [1, 0, 0, 0, 0] 
 [1, 0, 0, 0, 0] 
 0.9976905311778291 

FourValues
 4 
 [1, 0, 1, 1, 1] 
 [0, 1, 0, 0, 0] 
 0.5224586288416075 

FourValues
 4 
 [1, 1, 0, 1, 1] 
 [0, 0, 1, 0, 0] 
 0.4810126582278481 

FourValues
 4 
 [1, 1, 1, 0, 1] 
 [0, 0, 0, 1, 0] 
 0.5040431266846361 

FourValues
 4 
 [1, 1, 1, 1, 0] 
 [0, 0, 0, 0, 1] 
 0.5243243243243243 

FourValues
 4 
 [1, 1, 1, 1, 1] 
 [0, 0, 0, 0, 1] 
 0.7 

FourValues
 4 
 [1, 1, 1, 1, 1] 
 [0, 0, 0, 1, 0] 
 0.8490566037735849 

FourValues
 4 
 [1, 1, 1, 1, 1] 
 [0, 0, 1, 0, 0] 
 0.779746835443038 

FourValues
 4 
 [1, 1, 1, 1, 1] 
 [0, 1, 0, 0, 0] 
 0.7943262411347518 

FourValues
 4 
 [1, 1, 1, 1, 1] 
 [1, 0, 0, 0, 0] 
 0.9884526558891455 

DataShapley
 5 
 [0] 
 [1, 1, 1, 1, 1] 
 0.6109437751004017 

DataShapley
 5 
 [0, 2] 
 [1, 1, 1, 1, 1] 
 0.7053212851405622 

DataShapley
 5 
 [0, 2, 4] 
 [1, 1, 1, 1, 1] 
 0.7494979919678715 

DataShapley
 5 
 [0, 2, 4, 3] 
 [1, 1, 1, 1, 1] 
 0.8227911646586346 

DataShapley
 5 
 [0, 2, 4, 3, 1] 
 [1, 1, 1, 1, 1] 
 0.8714859437751004 

FourValues
 5 
 [0, 0, 0, 0, 1] 
 [0, 0, 0, 0, 1] 
 0.9891891891891892 

FourValues
 5 
 [0, 0, 0, 1, 0] 
 [0, 0, 0, 1, 0] 
 1.0 

FourValues
 5 
 [0, 0, 1, 0, 0] 
 [0, 0, 1, 0, 0] 
 1.0 

FourValues
 5 
 [0, 1, 0, 0, 0] 
 [0, 1, 0, 0, 0] 
 0.9763593380614657 

FourValues
 5 
 [0, 1, 1, 1, 1] 
 [1, 0, 0, 0, 0] 
 0.5496535796766744 

FourValues
 5 
 [1, 0, 0, 0, 0] 
 [1, 0, 0, 0, 0] 
 0.9976905311778291 

FourValues
 5 
 [1, 0, 1, 1, 1] 
 [0, 1, 0, 0, 0] 
 0.5626477541371159 

FourValues
 5 
 [1, 1, 0, 1, 1] 
 [0, 0, 1, 0, 0] 
 0.5164556962025316 

FourValues
 5 
 [1, 1, 1, 0, 1] 
 [0, 0, 0, 1, 0] 
 0.5336927223719676 

FourValues
 5 
 [1, 1, 1, 1, 0] 
 [0, 0, 0, 0, 1] 
 0.5243243243243243 

FourValues
 5 
 [1, 1, 1, 1, 1] 
 [0, 0, 0, 0, 1] 
 0.7405405405405405 

FourValues
 5 
 [1, 1, 1, 1, 1] 
 [0, 0, 0, 1, 0] 
 0.8840970350404312 

FourValues
 5 
 [1, 1, 1, 1, 1] 
 [0, 0, 1, 0, 0] 
 0.8810126582278481 

FourValues
 5 
 [1, 1, 1, 1, 1] 
 [0, 1, 0, 0, 0] 
 0.8534278959810875 

FourValues
 5 
 [1, 1, 1, 1, 1] 
 [1, 0, 0, 0, 0] 
 0.9815242494226328 

DataShapley
 6 
 [0] 
 [1, 1, 1, 1, 1] 
 0.6124497991967871 

DataShapley
 6 
 [0, 2] 
 [1, 1, 1, 1, 1] 
 0.7078313253012049 

DataShapley
 6 
 [0, 2, 3] 
 [1, 1, 1, 1, 1] 
 0.7821285140562249 

DataShapley
 6 
 [0, 2, 3, 4] 
 [1, 1, 1, 1, 1] 
 0.8393574297188755 

DataShapley
 6 
 [0, 2, 3, 4, 1] 
 [1, 1, 1, 1, 1] 
 0.8830321285140562 

FourValues
 6 
 [0, 0, 0, 0, 1] 
 [0, 0, 0, 0, 1] 
 0.9972972972972973 

FourValues
 6 
 [0, 0, 0, 1, 0] 
 [0, 0, 0, 1, 0] 
 0.9946091644204852 

FourValues
 6 
 [0, 0, 1, 0, 0] 
 [0, 0, 1, 0, 0] 
 1.0 

FourValues
 6 
 [0, 1, 0, 0, 0] 
 [0, 1, 0, 0, 0] 
 0.9787234042553191 

FourValues
 6 
 [0, 1, 1, 1, 1] 
 [1, 0, 0, 0, 0] 
 0.7251732101616628 

FourValues
 6 
 [1, 0, 0, 0, 0] 
 [1, 0, 0, 0, 0] 
 0.9976905311778291 

FourValues
 6 
 [1, 0, 1, 1, 1] 
 [0, 1, 0, 0, 0] 
 0.607565011820331 

FourValues
 6 
 [1, 1, 0, 1, 1] 
 [0, 0, 1, 0, 0] 
 0.5063291139240507 

FourValues
 6 
 [1, 1, 1, 0, 1] 
 [0, 0, 0, 1, 0] 
 0.6091644204851752 

FourValues
 6 
 [1, 1, 1, 1, 0] 
 [0, 0, 0, 0, 1] 
 0.5405405405405406 

FourValues
 6 
 [1, 1, 1, 1, 1] 
 [0, 0, 0, 0, 1] 
 0.7891891891891892 

FourValues
 6 
 [1, 1, 1, 1, 1] 
 [0, 0, 0, 1, 0] 
 0.894878706199461 

FourValues
 6 
 [1, 1, 1, 1, 1] 
 [0, 0, 1, 0, 0] 
 0.8658227848101265 

FourValues
 6 
 [1, 1, 1, 1, 1] 
 [0, 1, 0, 0, 0] 
 0.8652482269503546 

FourValues
 6 
 [1, 1, 1, 1, 1] 
 [1, 0, 0, 0, 0] 
 0.9861431870669746 

DataShapley
 7 
 [0] 
 [1, 1, 1, 1, 1] 
 0.6159638554216867 

DataShapley
 7 
 [0, 2] 
 [1, 1, 1, 1, 1] 
 0.7183734939759037 

DataShapley
 7 
 [0, 2, 3] 
 [1, 1, 1, 1, 1] 
 0.7981927710843374 

DataShapley
 7 
 [0, 2, 3, 1] 
 [1, 1, 1, 1, 1] 
 0.8654618473895582 

DataShapley
 7 
 [0, 2, 3, 1, 4] 
 [1, 1, 1, 1, 1] 
 0.9041164658634538 

FourValues
 7 
 [0, 0, 0, 0, 1] 
 [0, 0, 0, 0, 1] 
 0.9918918918918919 

FourValues
 7 
 [0, 0, 0, 1, 0] 
 [0, 0, 0, 1, 0] 
 0.9973045822102425 

FourValues
 7 
 [0, 0, 1, 0, 0] 
 [0, 0, 1, 0, 0] 
 1.0 

FourValues
 7 
 [0, 1, 0, 0, 0] 
 [0, 1, 0, 0, 0] 
 0.9881796690307328 

FourValues
 7 
 [0, 1, 1, 1, 1] 
 [1, 0, 0, 0, 0] 
 0.7043879907621247 

FourValues
 7 
 [1, 0, 0, 0, 0] 
 [1, 0, 0, 0, 0] 
 0.9976905311778291 

FourValues
 7 
 [1, 0, 1, 1, 1] 
 [0, 1, 0, 0, 0] 
 0.6572104018912529 

FourValues
 7 
 [1, 1, 0, 1, 1] 
 [0, 0, 1, 0, 0] 
 0.5316455696202531 

FourValues
 7 
 [1, 1, 1, 0, 1] 
 [0, 0, 0, 1, 0] 
 0.6037735849056604 

FourValues
 7 
 [1, 1, 1, 1, 0] 
 [0, 0, 0, 0, 1] 
 0.5783783783783784 

FourValues
 7 
 [1, 1, 1, 1, 1] 
 [0, 0, 0, 0, 1] 
 0.845945945945946 

FourValues
 7 
 [1, 1, 1, 1, 1] 
 [0, 0, 0, 1, 0] 
 0.9299191374663073 

FourValues
 7 
 [1, 1, 1, 1, 1] 
 [0, 0, 1, 0, 0] 
 0.8658227848101265 

FourValues
 7 
 [1, 1, 1, 1, 1] 
 [0, 1, 0, 0, 0] 
 0.8865248226950354 

FourValues
 7 
 [1, 1, 1, 1, 1] 
 [1, 0, 0, 0, 0] 
 0.9838337182448037 

DataShapley
 8 
 [1] 
 [1, 1, 1, 1, 1] 
 0.5913654618473896 

DataShapley
 8 
 [1, 3] 
 [1, 1, 1, 1, 1] 
 0.6992971887550201 

DataShapley
 8 
 [1, 3, 2] 
 [1, 1, 1, 1, 1] 
 0.7991967871485943 

DataShapley
 8 
 [1, 3, 2, 0] 
 [1, 1, 1, 1, 1] 
 0.8755020080321285 

DataShapley
 8 
 [1, 3, 2, 0, 4] 
 [1, 1, 1, 1, 1] 
 0.9156626506024096 

FourValues
 8 
 [0, 0, 0, 0, 1] 
 [0, 0, 0, 0, 1] 
 1.0 

FourValues
 8 
 [0, 0, 0, 1, 0] 
 [0, 0, 0, 1, 0] 
 0.9973045822102425 

FourValues
 8 
 [0, 0, 1, 0, 0] 
 [0, 0, 1, 0, 0] 
 1.0 

FourValues
 8 
 [0, 1, 0, 0, 0] 
 [0, 1, 0, 0, 0] 
 0.9858156028368794 

FourValues
 8 
 [0, 1, 1, 1, 1] 
 [1, 0, 0, 0, 0] 
 0.766743648960739 

FourValues
 8 
 [1, 0, 0, 0, 0] 
 [1, 0, 0, 0, 0] 
 0.9976905311778291 

FourValues
 8 
 [1, 0, 1, 1, 1] 
 [0, 1, 0, 0, 0] 
 0.7163120567375887 

FourValues
 8 
 [1, 1, 0, 1, 1] 
 [0, 0, 1, 0, 0] 
 0.589873417721519 

FourValues
 8 
 [1, 1, 1, 0, 1] 
 [0, 0, 0, 1, 0] 
 0.7169811320754716 

FourValues
 8 
 [1, 1, 1, 1, 0] 
 [0, 0, 0, 0, 1] 
 0.5702702702702702 

FourValues
 8 
 [1, 1, 1, 1, 1] 
 [0, 0, 0, 0, 1] 
 0.8567567567567568 

FourValues
 8 
 [1, 1, 1, 1, 1] 
 [0, 0, 0, 1, 0] 
 0.9353099730458221 

FourValues
 8 
 [1, 1, 1, 1, 1] 
 [0, 0, 1, 0, 0] 
 0.9012658227848102 

FourValues
 8 
 [1, 1, 1, 1, 1] 
 [0, 1, 0, 0, 0] 
 0.8959810874704491 

FourValues
 8 
 [1, 1, 1, 1, 1] 
 [1, 0, 0, 0, 0] 
 0.9815242494226328 

DataShapley
 9 
 [2] 
 [1, 1, 1, 1, 1] 
 0.5943775100401606 

DataShapley
 9 
 [2, 3] 
 [1, 1, 1, 1, 1] 
 0.6887550200803213 

DataShapley
 9 
 [2, 3, 4] 
 [1, 1, 1, 1, 1] 
 0.8147590361445783 

DataShapley
 9 
 [2, 3, 4, 0] 
 [1, 1, 1, 1, 1] 
 0.8965863453815262 

DataShapley
 9 
 [2, 3, 4, 0, 1] 
 [1, 1, 1, 1, 1] 
 0.9252008032128514 

FourValues
 9 
 [0, 0, 0, 0, 1] 
 [0, 0, 0, 0, 1] 
 0.9945945945945946 

FourValues
 9 
 [0, 0, 0, 1, 0] 
 [0, 0, 0, 1, 0] 
 1.0 

FourValues
 9 
 [0, 0, 1, 0, 0] 
 [0, 0, 1, 0, 0] 
 1.0 

FourValues
 9 
 [0, 1, 0, 0, 0] 
 [0, 1, 0, 0, 0] 
 0.983451536643026 

FourValues
 9 
 [0, 1, 1, 1, 1] 
 [1, 0, 0, 0, 0] 
 0.7852193995381063 

FourValues
 9 
 [1, 0, 0, 0, 0] 
 [1, 0, 0, 0, 0] 
 1.0 

FourValues
 9 
 [1, 0, 1, 1, 1] 
 [0, 1, 0, 0, 0] 
 0.735224586288416 

FourValues
 9 
 [1, 1, 0, 1, 1] 
 [0, 0, 1, 0, 0] 
 0.6810126582278481 

FourValues
 9 
 [1, 1, 1, 0, 1] 
 [0, 0, 0, 1, 0] 
 0.7331536388140162 

FourValues
 9 
 [1, 1, 1, 1, 0] 
 [0, 0, 0, 0, 1] 
 0.6054054054054054 

FourValues
 9 
 [1, 1, 1, 1, 1] 
 [0, 0, 0, 0, 1] 
 0.8702702702702703 

FourValues
 9 
 [1, 1, 1, 1, 1] 
 [0, 0, 0, 1, 0] 
 0.9353099730458221 

FourValues
 9 
 [1, 1, 1, 1, 1] 
 [0, 0, 1, 0, 0] 
 0.9367088607594937 

FourValues
 9 
 [1, 1, 1, 1, 1] 
 [0, 1, 0, 0, 0] 
 0.9054373522458629 

FourValues
 9 
 [1, 1, 1, 1, 1] 
 [1, 0, 0, 0, 0] 
 0.9722863741339491 

DataShapley
 10 
 [4] 
 [1, 1, 1, 1, 1] 
 0.6179718875502008 

DataShapley
 10 
 [4, 1] 
 [1, 1, 1, 1, 1] 
 0.6807228915662651 

DataShapley
 10 
 [4, 1, 0] 
 [1, 1, 1, 1, 1] 
 0.8207831325301205 

DataShapley
 10 
 [4, 1, 0, 3] 
 [1, 1, 1, 1, 1] 
 0.8654618473895582 

DataShapley
 10 
 [4, 1, 0, 3, 2] 
 [1, 1, 1, 1, 1] 
 0.9191767068273092 

FourValues
 10 
 [0, 0, 0, 0, 1] 
 [0, 0, 0, 0, 1] 
 0.9945945945945946 

FourValues
 10 
 [0, 0, 0, 1, 0] 
 [0, 0, 0, 1, 0] 
 0.9973045822102425 

FourValues
 10 
 [0, 0, 1, 0, 0] 
 [0, 0, 1, 0, 0] 
 1.0 

FourValues
 10 
 [0, 1, 0, 0, 0] 
 [0, 1, 0, 0, 0] 
 0.9858156028368794 

FourValues
 10 
 [0, 1, 1, 1, 1] 
 [1, 0, 0, 0, 0] 
 0.8244803695150116 

FourValues
 10 
 [1, 0, 0, 0, 0] 
 [1, 0, 0, 0, 0] 
 1.0 

FourValues
 10 
 [1, 0, 1, 1, 1] 
 [0, 1, 0, 0, 0] 
 0.7257683215130024 

FourValues
 10 
 [1, 1, 0, 1, 1] 
 [0, 0, 1, 0, 0] 
 0.5949367088607594 

FourValues
 10 
 [1, 1, 1, 0, 1] 
 [0, 0, 0, 1, 0] 
 0.8059299191374663 

FourValues
 10 
 [1, 1, 1, 1, 0] 
 [0, 0, 0, 0, 1] 
 0.5891891891891892 

FourValues
 10 
 [1, 1, 1, 1, 1] 
 [0, 0, 0, 0, 1] 
 0.8567567567567568 

FourValues
 10 
 [1, 1, 1, 1, 1] 
 [0, 0, 0, 1, 0] 
 0.9299191374663073 

FourValues
 10 
 [1, 1, 1, 1, 1] 
 [0, 0, 1, 0, 0] 
 0.9189873417721519 

FourValues
 10 
 [1, 1, 1, 1, 1] 
 [0, 1, 0, 0, 0] 
 0.8959810874704491 

FourValues
 10 
 [1, 1, 1, 1, 1] 
 [1, 0, 0, 0, 0] 
 0.9861431870669746 

DataShapley
 11 
 [3] 
 [1, 1, 1, 1, 1] 
 0.6054216867469879 

DataShapley
 11 
 [3, 2] 
 [1, 1, 1, 1, 1] 
 0.6892570281124498 

DataShapley
 11 
 [3, 2, 0] 
 [1, 1, 1, 1, 1] 
 0.8298192771084337 

DataShapley
 11 
 [3, 2, 0, 1] 
 [1, 1, 1, 1, 1] 
 0.8905622489959839 

DataShapley
 11 
 [3, 2, 0, 1, 4] 
 [1, 1, 1, 1, 1] 
 0.9302208835341366 

FourValues
 11 
 [0, 0, 0, 0, 1] 
 [0, 0, 0, 0, 1] 
 0.9945945945945946 

FourValues
 11 
 [0, 0, 0, 1, 0] 
 [0, 0, 0, 1, 0] 
 0.9946091644204852 

FourValues
 11 
 [0, 0, 1, 0, 0] 
 [0, 0, 1, 0, 0] 
 1.0 

FourValues
 11 
 [0, 1, 0, 0, 0] 
 [0, 1, 0, 0, 0] 
 0.9905437352245863 

FourValues
 11 
 [0, 1, 1, 1, 1] 
 [1, 0, 0, 0, 0] 
 0.8337182448036952 

FourValues
 11 
 [1, 0, 0, 0, 0] 
 [1, 0, 0, 0, 0] 
 0.9976905311778291 

FourValues
 11 
 [1, 0, 1, 1, 1] 
 [0, 1, 0, 0, 0] 
 0.7375886524822695 

FourValues
 11 
 [1, 1, 0, 1, 1] 
 [0, 0, 1, 0, 0] 
 0.6177215189873417 

FourValues
 11 
 [1, 1, 1, 0, 1] 
 [0, 0, 0, 1, 0] 
 0.8517520215633423 

FourValues
 11 
 [1, 1, 1, 1, 0] 
 [0, 0, 0, 0, 1] 
 0.6405405405405405 

FourValues
 11 
 [1, 1, 1, 1, 1] 
 [0, 0, 0, 0, 1] 
 0.8783783783783784 

FourValues
 11 
 [1, 1, 1, 1, 1] 
 [0, 0, 0, 1, 0] 
 0.9487870619946092 

FourValues
 11 
 [1, 1, 1, 1, 1] 
 [0, 0, 1, 0, 0] 
 0.9265822784810127 

FourValues
 11 
 [1, 1, 1, 1, 1] 
 [0, 1, 0, 0, 0] 
 0.9030732860520094 

FourValues
 11 
 [1, 1, 1, 1, 1] 
 [1, 0, 0, 0, 0] 
 0.9884526558891455 

DataShapley
 12 
 [2] 
 [1, 1, 1, 1, 1] 
 0.5933734939759037 

DataShapley
 12 
 [2, 3] 
 [1, 1, 1, 1, 1] 
 0.6867469879518072 

DataShapley
 12 
 [2, 3, 4] 
 [1, 1, 1, 1, 1] 
 0.8514056224899599 

DataShapley
 12 
 [2, 3, 4, 0] 
 [1, 1, 1, 1, 1] 
 0.9071285140562249 

DataShapley
 12 
 [2, 3, 4, 0, 1] 
 [1, 1, 1, 1, 1] 
 0.9322289156626506 

FourValues
 12 
 [0, 0, 0, 0, 1] 
 [0, 0, 0, 0, 1] 
 1.0 

FourValues
 12 
 [0, 0, 0, 1, 0] 
 [0, 0, 0, 1, 0] 
 0.9892183288409704 

FourValues
 12 
 [0, 0, 1, 0, 0] 
 [0, 0, 1, 0, 0] 
 1.0 

FourValues
 12 
 [0, 1, 0, 0, 0] 
 [0, 1, 0, 0, 0] 
 0.9858156028368794 

FourValues
 12 
 [0, 1, 1, 1, 1] 
 [1, 0, 0, 0, 0] 
 0.8960739030023095 

FourValues
 12 
 [1, 0, 0, 0, 0] 
 [1, 0, 0, 0, 0] 
 0.9976905311778291 

FourValues
 12 
 [1, 0, 1, 1, 1] 
 [0, 1, 0, 0, 0] 
 0.7659574468085106 

FourValues
 12 
 [1, 1, 0, 1, 1] 
 [0, 0, 1, 0, 0] 
 0.6354430379746835 

FourValues
 12 
 [1, 1, 1, 0, 1] 
 [0, 0, 0, 1, 0] 
 0.8005390835579514 

FourValues
 12 
 [1, 1, 1, 1, 0] 
 [0, 0, 0, 0, 1] 
 0.6513513513513514 

FourValues
 12 
 [1, 1, 1, 1, 1] 
 [0, 0, 0, 0, 1] 
 0.8837837837837837 

FourValues
 12 
 [1, 1, 1, 1, 1] 
 [0, 0, 0, 1, 0] 
 0.9326145552560647 

FourValues
 12 
 [1, 1, 1, 1, 1] 
 [0, 0, 1, 0, 0] 
 0.9367088607594937 

FourValues
 12 
 [1, 1, 1, 1, 1] 
 [0, 1, 0, 0, 0] 
 0.9101654846335697 

FourValues
 12 
 [1, 1, 1, 1, 1] 
 [1, 0, 0, 0, 0] 
 0.9907621247113164 

DataShapley
 13 
 [4] 
 [1, 1, 1, 1, 1] 
 0.6445783132530121 

DataShapley
 13 
 [4, 1] 
 [1, 1, 1, 1, 1] 
 0.6862449799196787 

DataShapley
 13 
 [4, 1, 0] 
 [1, 1, 1, 1, 1] 
 0.8358433734939759 

DataShapley
 13 
 [4, 1, 0, 3] 
 [1, 1, 1, 1, 1] 
 0.8990963855421686 

DataShapley
 13 
 [4, 1, 0, 3, 2] 
 [1, 1, 1, 1, 1] 
 0.9362449799196787 

FourValues
 13 
 [0, 0, 0, 0, 1] 
 [0, 0, 0, 0, 1] 
 0.9945945945945946 

FourValues
 13 
 [0, 0, 0, 1, 0] 
 [0, 0, 0, 1, 0] 
 0.9973045822102425 

FourValues
 13 
 [0, 0, 1, 0, 0] 
 [0, 0, 1, 0, 0] 
 1.0 

FourValues
 13 
 [0, 1, 0, 0, 0] 
 [0, 1, 0, 0, 0] 
 0.9905437352245863 

FourValues
 13 
 [0, 1, 1, 1, 1] 
 [1, 0, 0, 0, 0] 
 0.8752886836027713 

FourValues
 13 
 [1, 0, 0, 0, 0] 
 [1, 0, 0, 0, 0] 
 0.9976905311778291 

FourValues
 13 
 [1, 0, 1, 1, 1] 
 [0, 1, 0, 0, 0] 
 0.735224586288416 

FourValues
 13 
 [1, 1, 0, 1, 1] 
 [0, 0, 1, 0, 0] 
 0.6835443037974683 

FourValues
 13 
 [1, 1, 1, 0, 1] 
 [0, 0, 0, 1, 0] 
 0.8301886792452831 

FourValues
 13 
 [1, 1, 1, 1, 0] 
 [0, 0, 0, 0, 1] 
 0.6459459459459459 

FourValues
 13 
 [1, 1, 1, 1, 1] 
 [0, 0, 0, 0, 1] 
 0.8783783783783784 

FourValues
 13 
 [1, 1, 1, 1, 1] 
 [0, 0, 0, 1, 0] 
 0.9407008086253369 

FourValues
 13 
 [1, 1, 1, 1, 1] 
 [0, 0, 1, 0, 0] 
 0.9468354430379747 

FourValues
 13 
 [1, 1, 1, 1, 1] 
 [0, 1, 0, 0, 0] 
 0.9196217494089834 

FourValues
 13 
 [1, 1, 1, 1, 1] 
 [1, 0, 0, 0, 0] 
 0.9884526558891455 

DataShapley
 14 
 [2] 
 [1, 1, 1, 1, 1] 
 0.5978915662650602 

DataShapley
 14 
 [2, 1] 
 [1, 1, 1, 1, 1] 
 0.7590361445783133 

DataShapley
 14 
 [2, 1, 0] 
 [1, 1, 1, 1, 1] 
 0.8850401606425703 

DataShapley
 14 
 [2, 1, 0, 3] 
 [1, 1, 1, 1, 1] 
 0.8985943775100401 

DataShapley
 14 
 [2, 1, 0, 3, 4] 
 [1, 1, 1, 1, 1] 
 0.9342369477911646 

FourValues
 14 
 [0, 0, 0, 0, 1] 
 [0, 0, 0, 0, 1] 
 0.9945945945945946 

FourValues
 14 
 [0, 0, 0, 1, 0] 
 [0, 0, 0, 1, 0] 
 0.9946091644204852 

FourValues
 14 
 [0, 0, 1, 0, 0] 
 [0, 0, 1, 0, 0] 
 1.0 

FourValues
 14 
 [0, 1, 0, 0, 0] 
 [0, 1, 0, 0, 0] 
 0.9858156028368794 

FourValues
 14 
 [0, 1, 1, 1, 1] 
 [1, 0, 0, 0, 0] 
 0.9330254041570438 

FourValues
 14 
 [1, 0, 0, 0, 0] 
 [1, 0, 0, 0, 0] 
 0.9976905311778291 

FourValues
 14 
 [1, 0, 1, 1, 1] 
 [0, 1, 0, 0, 0] 
 0.7825059101654847 

FourValues
 14 
 [1, 1, 0, 1, 1] 
 [0, 0, 1, 0, 0] 
 0.739240506329114 

FourValues
 14 
 [1, 1, 1, 0, 1] 
 [0, 0, 0, 1, 0] 
 0.862533692722372 

FourValues
 14 
 [1, 1, 1, 1, 0] 
 [0, 0, 0, 0, 1] 
 0.6432432432432432 

FourValues
 14 
 [1, 1, 1, 1, 1] 
 [0, 0, 0, 0, 1] 
 0.8729729729729729 

FourValues
 14 
 [1, 1, 1, 1, 1] 
 [0, 0, 0, 1, 0] 
 0.9433962264150944 

FourValues
 14 
 [1, 1, 1, 1, 1] 
 [0, 0, 1, 0, 0] 
 0.9417721518987342 

FourValues
 14 
 [1, 1, 1, 1, 1] 
 [0, 1, 0, 0, 0] 
 0.9148936170212766 

FourValues
 14 
 [1, 1, 1, 1, 1] 
 [1, 0, 0, 0, 0] 
 0.9907621247113164 

DataShapley
 15 
 [2] 
 [1, 1, 1, 1, 1] 
 0.5918674698795181 

DataShapley
 15 
 [2, 4] 
 [1, 1, 1, 1, 1] 
 0.7745983935742972 

DataShapley
 15 
 [2, 4, 3] 
 [1, 1, 1, 1, 1] 
 0.9186746987951807 

DataShapley
 15 
 [2, 4, 3, 1] 
 [1, 1, 1, 1, 1] 
 0.9422690763052208 

DataShapley
 15 
 [2, 4, 3, 1, 0] 
 [1, 1, 1, 1, 1] 
 0.9492971887550201 

FourValues
 15 
 [0, 0, 0, 0, 1] 
 [0, 0, 0, 0, 1] 
 0.9972972972972973 

FourValues
 15 
 [0, 0, 0, 1, 0] 
 [0, 0, 0, 1, 0] 
 0.9973045822102425 

FourValues
 15 
 [0, 0, 1, 0, 0] 
 [0, 0, 1, 0, 0] 
 0.9974683544303797 

FourValues
 15 
 [0, 1, 0, 0, 0] 
 [0, 1, 0, 0, 0] 
 0.9881796690307328 

FourValues
 15 
 [0, 1, 1, 1, 1] 
 [1, 0, 0, 0, 0] 
 0.9076212471131639 

FourValues
 15 
 [1, 0, 0, 0, 0] 
 [1, 0, 0, 0, 0] 
 0.9976905311778291 

FourValues
 15 
 [1, 0, 1, 1, 1] 
 [0, 1, 0, 0, 0] 
 0.8132387706855791 

FourValues
 15 
 [1, 1, 0, 1, 1] 
 [0, 0, 1, 0, 0] 
 0.6531645569620254 

FourValues
 15 
 [1, 1, 1, 0, 1] 
 [0, 0, 0, 1, 0] 
 0.8436657681940701 

FourValues
 15 
 [1, 1, 1, 1, 0] 
 [0, 0, 0, 0, 1] 
 0.6567567567567567 

FourValues
 15 
 [1, 1, 1, 1, 1] 
 [0, 0, 0, 0, 1] 
 0.927027027027027 

FourValues
 15 
 [1, 1, 1, 1, 1] 
 [0, 0, 0, 1, 0] 
 0.9568733153638814 

FourValues
 15 
 [1, 1, 1, 1, 1] 
 [0, 0, 1, 0, 0] 
 0.9240506329113924 

FourValues
 15 
 [1, 1, 1, 1, 1] 
 [0, 1, 0, 0, 0] 
 0.9361702127659575 

FourValues
 15 
 [1, 1, 1, 1, 1] 
 [1, 0, 0, 0, 0] 
 0.9976905311778291 

DataShapley
 16 
 [0] 
 [1, 1, 1, 1, 1] 
 0.6626506024096386 

DataShapley
 16 
 [0, 4] 
 [1, 1, 1, 1, 1] 
 0.768574297188755 

DataShapley
 16 
 [0, 4, 2] 
 [1, 1, 1, 1, 1] 
 0.8980923694779116 

DataShapley
 16 
 [0, 4, 2, 1] 
 [1, 1, 1, 1, 1] 
 0.9377510040160643 

DataShapley
 16 
 [0, 4, 2, 1, 3] 
 [1, 1, 1, 1, 1] 
 0.9518072289156626 

FourValues
 16 
 [0, 0, 0, 0, 1] 
 [0, 0, 0, 0, 1] 
 0.9972972972972973 

FourValues
 16 
 [0, 0, 0, 1, 0] 
 [0, 0, 0, 1, 0] 
 0.9973045822102425 

FourValues
 16 
 [0, 0, 1, 0, 0] 
 [0, 0, 1, 0, 0] 
 1.0 

FourValues
 16 
 [0, 1, 0, 0, 0] 
 [0, 1, 0, 0, 0] 
 0.9858156028368794 

FourValues
 16 
 [0, 1, 1, 1, 1] 
 [1, 0, 0, 0, 0] 
 0.9030023094688222 

FourValues
 16 
 [1, 0, 0, 0, 0] 
 [1, 0, 0, 0, 0] 
 0.9976905311778291 

FourValues
 16 
 [1, 0, 1, 1, 1] 
 [0, 1, 0, 0, 0] 
 0.8321513002364066 

FourValues
 16 
 [1, 1, 0, 1, 1] 
 [0, 0, 1, 0, 0] 
 0.6962025316455697 

FourValues
 16 
 [1, 1, 1, 0, 1] 
 [0, 0, 0, 1, 0] 
 0.8598382749326146 

FourValues
 16 
 [1, 1, 1, 1, 0] 
 [0, 0, 0, 0, 1] 
 0.6837837837837838 

FourValues
 16 
 [1, 1, 1, 1, 1] 
 [0, 0, 0, 0, 1] 
 0.9243243243243243 

FourValues
 16 
 [1, 1, 1, 1, 1] 
 [0, 0, 0, 1, 0] 
 0.9595687331536388 

FourValues
 16 
 [1, 1, 1, 1, 1] 
 [0, 0, 1, 0, 0] 
 0.9443037974683545 

FourValues
 16 
 [1, 1, 1, 1, 1] 
 [0, 1, 0, 0, 0] 
 0.933806146572104 

FourValues
 16 
 [1, 1, 1, 1, 1] 
 [1, 0, 0, 0, 0] 
 0.9930715935334873 

DataShapley
 17 
 [1] 
 [1, 1, 1, 1, 1] 
 0.7008032128514057 

DataShapley
 17 
 [1, 2] 
 [1, 1, 1, 1, 1] 
 0.8253012048192772 

DataShapley
 17 
 [1, 2, 0] 
 [1, 1, 1, 1, 1] 
 0.8975903614457831 

DataShapley
 17 
 [1, 2, 0, 3] 
 [1, 1, 1, 1, 1] 
 0.9081325301204819 

DataShapley
 17 
 [1, 2, 0, 3, 4] 
 [1, 1, 1, 1, 1] 
 0.9487951807228916 

FourValues
 17 
 [0, 0, 0, 0, 1] 
 [0, 0, 0, 0, 1] 
 0.9945945945945946 

FourValues
 17 
 [0, 0, 0, 1, 0] 
 [0, 0, 0, 1, 0] 
 0.9973045822102425 

FourValues
 17 
 [0, 0, 1, 0, 0] 
 [0, 0, 1, 0, 0] 
 0.9949367088607595 

FourValues
 17 
 [0, 1, 0, 0, 0] 
 [0, 1, 0, 0, 0] 
 0.9858156028368794 

FourValues
 17 
 [0, 1, 1, 1, 1] 
 [1, 0, 0, 0, 0] 
 0.9376443418013857 

FourValues
 17 
 [1, 0, 0, 0, 0] 
 [1, 0, 0, 0, 0] 
 0.9976905311778291 

FourValues
 17 
 [1, 0, 1, 1, 1] 
 [0, 1, 0, 0, 0] 
 0.8321513002364066 

FourValues
 17 
 [1, 1, 0, 1, 1] 
 [0, 0, 1, 0, 0] 
 0.7493670886075949 

FourValues
 17 
 [1, 1, 1, 0, 1] 
 [0, 0, 0, 1, 0] 
 0.8517520215633423 

FourValues
 17 
 [1, 1, 1, 1, 0] 
 [0, 0, 0, 0, 1] 
 0.6783783783783783 

FourValues
 17 
 [1, 1, 1, 1, 1] 
 [0, 0, 0, 0, 1] 
 0.9108108108108108 

FourValues
 17 
 [1, 1, 1, 1, 1] 
 [0, 0, 0, 1, 0] 
 0.9622641509433962 

FourValues
 17 
 [1, 1, 1, 1, 1] 
 [0, 0, 1, 0, 0] 
 0.9518987341772152 

FourValues
 17 
 [1, 1, 1, 1, 1] 
 [0, 1, 0, 0, 0] 
 0.9219858156028369 

FourValues
 17 
 [1, 1, 1, 1, 1] 
 [1, 0, 0, 0, 0] 
 0.9930715935334873 

DataShapley
 18 
 [2] 
 [1, 1, 1, 1, 1] 
 0.5968875502008032 

DataShapley
 18 
 [2, 0] 
 [1, 1, 1, 1, 1] 
 0.7876506024096386 

DataShapley
 18 
 [2, 0, 4] 
 [1, 1, 1, 1, 1] 
 0.9191767068273092 

DataShapley
 18 
 [2, 0, 4, 1] 
 [1, 1, 1, 1, 1] 
 0.9427710843373494 

DataShapley
 18 
 [2, 0, 4, 1, 3] 
 [1, 1, 1, 1, 1] 
 0.946285140562249 

FourValues
 18 
 [0, 0, 0, 0, 1] 
 [0, 0, 0, 0, 1] 
 0.9972972972972973 

FourValues
 18 
 [0, 0, 0, 1, 0] 
 [0, 0, 0, 1, 0] 
 0.9973045822102425 

FourValues
 18 
 [0, 0, 1, 0, 0] 
 [0, 0, 1, 0, 0] 
 1.0 

FourValues
 18 
 [0, 1, 0, 0, 0] 
 [0, 1, 0, 0, 0] 
 0.9858156028368794 

FourValues
 18 
 [0, 1, 1, 1, 1] 
 [1, 0, 0, 0, 0] 
 0.9099307159353349 

FourValues
 18 
 [1, 0, 0, 0, 0] 
 [1, 0, 0, 0, 0] 
 0.9976905311778291 

FourValues
 18 
 [1, 0, 1, 1, 1] 
 [0, 1, 0, 0, 0] 
 0.8534278959810875 

FourValues
 18 
 [1, 1, 0, 1, 1] 
 [0, 0, 1, 0, 0] 
 0.7316455696202532 

FourValues
 18 
 [1, 1, 1, 0, 1] 
 [0, 0, 0, 1, 0] 
 0.9056603773584906 

FourValues
 18 
 [1, 1, 1, 1, 0] 
 [0, 0, 0, 0, 1] 
 0.6378378378378379 

FourValues
 18 
 [1, 1, 1, 1, 1] 
 [0, 0, 0, 0, 1] 
 0.8783783783783784 

FourValues
 18 
 [1, 1, 1, 1, 1] 
 [0, 0, 0, 1, 0] 
 0.9757412398921833 

FourValues
 18 
 [1, 1, 1, 1, 1] 
 [0, 0, 1, 0, 0] 
 0.9468354430379747 

FourValues
 18 
 [1, 1, 1, 1, 1] 
 [0, 1, 0, 0, 0] 
 0.9385342789598109 

FourValues
 18 
 [1, 1, 1, 1, 1] 
 [1, 0, 0, 0, 0] 
 0.9861431870669746 

DataShapley
 19 
 [4] 
 [1, 1, 1, 1, 1] 
 0.6812248995983936 

DataShapley
 19 
 [4, 2] 
 [1, 1, 1, 1, 1] 
 0.8729919678714859 

DataShapley
 19 
 [4, 2, 0] 
 [1, 1, 1, 1, 1] 
 0.9317269076305221 

DataShapley
 19 
 [4, 2, 0, 1] 
 [1, 1, 1, 1, 1] 
 0.9533132530120482 

DataShapley
 19 
 [4, 2, 0, 1, 3] 
 [1, 1, 1, 1, 1] 
 0.9568273092369478 

FourValues
 19 
 [0, 0, 0, 0, 1] 
 [0, 0, 0, 0, 1] 
 1.0 

FourValues
 19 
 [0, 0, 0, 1, 0] 
 [0, 0, 0, 1, 0] 
 1.0 

FourValues
 19 
 [0, 0, 1, 0, 0] 
 [0, 0, 1, 0, 0] 
 0.9974683544303797 

FourValues
 19 
 [0, 1, 0, 0, 0] 
 [0, 1, 0, 0, 0] 
 0.9881796690307328 

FourValues
 19 
 [0, 1, 1, 1, 1] 
 [1, 0, 0, 0, 0] 
 0.9260969976905312 

FourValues
 19 
 [1, 0, 0, 0, 0] 
 [1, 0, 0, 0, 0] 
 0.9976905311778291 

FourValues
 19 
 [1, 0, 1, 1, 1] 
 [0, 1, 0, 0, 0] 
 0.8628841607565012 

FourValues
 19 
 [1, 1, 0, 1, 1] 
 [0, 0, 1, 0, 0] 
 0.660759493670886 

FourValues
 19 
 [1, 1, 1, 0, 1] 
 [0, 0, 0, 1, 0] 
 0.921832884097035 

FourValues
 19 
 [1, 1, 1, 1, 0] 
 [0, 0, 0, 0, 1] 
 0.7081081081081081 

FourValues
 19 
 [1, 1, 1, 1, 1] 
 [0, 0, 0, 0, 1] 
 0.9351351351351351 

FourValues
 19 
 [1, 1, 1, 1, 1] 
 [0, 0, 0, 1, 0] 
 0.9757412398921833 

FourValues
 19 
 [1, 1, 1, 1, 1] 
 [0, 0, 1, 0, 0] 
 0.9291139240506329 

FourValues
 19 
 [1, 1, 1, 1, 1] 
 [0, 1, 0, 0, 0] 
 0.950354609929078 

FourValues
 19 
 [1, 1, 1, 1, 1] 
 [1, 0, 0, 0, 0] 
 0.9907621247113164 

DataShapley
 20 
 [1] 
 [1, 1, 1, 1, 1] 
 0.6209839357429718 

DataShapley
 20 
 [1, 2] 
 [1, 1, 1, 1, 1] 
 0.8112449799196787 

DataShapley
 20 
 [1, 2, 0] 
 [1, 1, 1, 1, 1] 
 0.9041164658634538 

DataShapley
 20 
 [1, 2, 0, 3] 
 [1, 1, 1, 1, 1] 
 0.9226907630522089 

DataShapley
 20 
 [1, 2, 0, 3, 4] 
 [1, 1, 1, 1, 1] 
 0.9553212851405622 

FourValues
 20 
 [0, 0, 0, 0, 1] 
 [0, 0, 0, 0, 1] 
 0.9972972972972973 

FourValues
 20 
 [0, 0, 0, 1, 0] 
 [0, 0, 0, 1, 0] 
 0.9946091644204852 

FourValues
 20 
 [0, 0, 1, 0, 0] 
 [0, 0, 1, 0, 0] 
 1.0 

FourValues
 20 
 [0, 1, 0, 0, 0] 
 [0, 1, 0, 0, 0] 
 0.9905437352245863 

FourValues
 20 
 [0, 1, 1, 1, 1] 
 [1, 0, 0, 0, 0] 
 0.9376443418013857 

FourValues
 20 
 [1, 0, 0, 0, 0] 
 [1, 0, 0, 0, 0] 
 0.9976905311778291 

FourValues
 20 
 [1, 0, 1, 1, 1] 
 [0, 1, 0, 0, 0] 
 0.8605200945626478 

FourValues
 20 
 [1, 1, 0, 1, 1] 
 [0, 0, 1, 0, 0] 
 0.6481012658227848 

FourValues
 20 
 [1, 1, 1, 0, 1] 
 [0, 0, 0, 1, 0] 
 0.8571428571428571 

FourValues
 20 
 [1, 1, 1, 1, 0] 
 [0, 0, 0, 0, 1] 
 0.754054054054054 

FourValues
 20 
 [1, 1, 1, 1, 1] 
 [0, 0, 0, 0, 1] 
 0.9513513513513514 

FourValues
 20 
 [1, 1, 1, 1, 1] 
 [0, 0, 0, 1, 0] 
 0.9595687331536388 

FourValues
 20 
 [1, 1, 1, 1, 1] 
 [0, 0, 1, 0, 0] 
 0.9240506329113924 

FourValues
 20 
 [1, 1, 1, 1, 1] 
 [0, 1, 0, 0, 0] 
 0.9432624113475178 

FourValues
 20 
 [1, 1, 1, 1, 1] 
 [1, 0, 0, 0, 0] 
 0.9953810623556582 

DataShapley
 21 
 [2] 
 [1, 1, 1, 1, 1] 
 0.6004016064257028 

DataShapley
 21 
 [2, 1] 
 [1, 1, 1, 1, 1] 
 0.7966867469879518 

DataShapley
 21 
 [2, 1, 3] 
 [1, 1, 1, 1, 1] 
 0.8800200803212851 

DataShapley
 21 
 [2, 1, 3, 0] 
 [1, 1, 1, 1, 1] 
 0.9211847389558233 

DataShapley
 21 
 [2, 1, 3, 0, 4] 
 [1, 1, 1, 1, 1] 
 0.9588353413654619 

FourValues
 21 
 [0, 0, 0, 0, 1] 
 [0, 0, 0, 0, 1] 
 0.9945945945945946 

FourValues
 21 
 [0, 0, 0, 1, 0] 
 [0, 0, 0, 1, 0] 
 0.9973045822102425 

FourValues
 21 
 [0, 0, 1, 0, 0] 
 [0, 0, 1, 0, 0] 
 1.0 

FourValues
 21 
 [0, 1, 0, 0, 0] 
 [0, 1, 0, 0, 0] 
 0.9881796690307328 

FourValues
 21 
 [0, 1, 1, 1, 1] 
 [1, 0, 0, 0, 0] 
 0.9399538106235565 

FourValues
 21 
 [1, 0, 0, 0, 0] 
 [1, 0, 0, 0, 0] 
 0.9976905311778291 

FourValues
 21 
 [1, 0, 1, 1, 1] 
 [0, 1, 0, 0, 0] 
 0.8699763593380615 

FourValues
 21 
 [1, 1, 0, 1, 1] 
 [0, 0, 1, 0, 0] 
 0.6810126582278481 

FourValues
 21 
 [1, 1, 1, 0, 1] 
 [0, 0, 0, 1, 0] 
 0.8706199460916442 

FourValues
 21 
 [1, 1, 1, 1, 0] 
 [0, 0, 0, 0, 1] 
 0.7108108108108108 

FourValues
 21 
 [1, 1, 1, 1, 1] 
 [0, 0, 0, 0, 1] 
 0.9486486486486486 

FourValues
 21 
 [1, 1, 1, 1, 1] 
 [0, 0, 0, 1, 0] 
 0.9703504043126685 

FourValues
 21 
 [1, 1, 1, 1, 1] 
 [0, 0, 1, 0, 0] 
 0.9291139240506329 

FourValues
 21 
 [1, 1, 1, 1, 1] 
 [0, 1, 0, 0, 0] 
 0.950354609929078 

FourValues
 21 
 [1, 1, 1, 1, 1] 
 [1, 0, 0, 0, 0] 
 0.9930715935334873 

DataShapley
 22 
 [3] 
 [1, 1, 1, 1, 1] 
 0.6721887550200804 

DataShapley
 22 
 [3, 4] 
 [1, 1, 1, 1, 1] 
 0.8800200803212851 

DataShapley
 22 
 [3, 4, 1] 
 [1, 1, 1, 1, 1] 
 0.8985943775100401 

DataShapley
 22 
 [3, 4, 1, 2] 
 [1, 1, 1, 1, 1] 
 0.9477911646586346 

DataShapley
 22 
 [3, 4, 1, 2, 0] 
 [1, 1, 1, 1, 1] 
 0.9558232931726908 

FourValues
 22 
 [0, 0, 0, 0, 1] 
 [0, 0, 0, 0, 1] 
 0.9945945945945946 

FourValues
 22 
 [0, 0, 0, 1, 0] 
 [0, 0, 0, 1, 0] 
 0.9973045822102425 

FourValues
 22 
 [0, 0, 1, 0, 0] 
 [0, 0, 1, 0, 0] 
 1.0 

FourValues
 22 
 [0, 1, 0, 0, 0] 
 [0, 1, 0, 0, 0] 
 0.9905437352245863 

FourValues
 22 
 [0, 1, 1, 1, 1] 
 [1, 0, 0, 0, 0] 
 0.9491916859122402 

FourValues
 22 
 [1, 0, 0, 0, 0] 
 [1, 0, 0, 0, 0] 
 0.9976905311778291 

FourValues
 22 
 [1, 0, 1, 1, 1] 
 [0, 1, 0, 0, 0] 
 0.851063829787234 

FourValues
 22 
 [1, 1, 0, 1, 1] 
 [0, 0, 1, 0, 0] 
 0.769620253164557 

FourValues
 22 
 [1, 1, 1, 0, 1] 
 [0, 0, 0, 1, 0] 
 0.9029649595687331 

FourValues
 22 
 [1, 1, 1, 1, 0] 
 [0, 0, 0, 0, 1] 
 0.6972972972972973 

FourValues
 22 
 [1, 1, 1, 1, 1] 
 [0, 0, 0, 0, 1] 
 0.9081081081081082 

FourValues
 22 
 [1, 1, 1, 1, 1] 
 [0, 0, 0, 1, 0] 
 0.9730458221024259 

FourValues
 22 
 [1, 1, 1, 1, 1] 
 [0, 0, 1, 0, 0] 
 0.9569620253164557 

FourValues
 22 
 [1, 1, 1, 1, 1] 
 [0, 1, 0, 0, 0] 
 0.9408983451536643 

FourValues
 22 
 [1, 1, 1, 1, 1] 
 [1, 0, 0, 0, 0] 
 0.9953810623556582 

DataShapley
 23 
 [3] 
 [1, 1, 1, 1, 1] 
 0.6480923694779116 

DataShapley
 23 
 [3, 4] 
 [1, 1, 1, 1, 1] 
 0.8383534136546185 

DataShapley
 23 
 [3, 4, 0] 
 [1, 1, 1, 1, 1] 
 0.8885542168674698 

DataShapley
 23 
 [3, 4, 0, 1] 
 [1, 1, 1, 1, 1] 
 0.9141566265060241 

DataShapley
 23 
 [3, 4, 0, 1, 2] 
 [1, 1, 1, 1, 1] 
 0.9573293172690763 

FourValues
 23 
 [0, 0, 0, 0, 1] 
 [0, 0, 0, 0, 1] 
 0.9972972972972973 

FourValues
 23 
 [0, 0, 0, 1, 0] 
 [0, 0, 0, 1, 0] 
 0.9946091644204852 

FourValues
 23 
 [0, 0, 1, 0, 0] 
 [0, 0, 1, 0, 0] 
 1.0 

FourValues
 23 
 [0, 1, 0, 0, 0] 
 [0, 1, 0, 0, 0] 
 0.9905437352245863 

FourValues
 23 
 [0, 1, 1, 1, 1] 
 [1, 0, 0, 0, 0] 
 0.9214780600461894 

FourValues
 23 
 [1, 0, 0, 0, 0] 
 [1, 0, 0, 0, 0] 
 1.0 

FourValues
 23 
 [1, 0, 1, 1, 1] 
 [0, 1, 0, 0, 0] 
 0.8770685579196218 

FourValues
 23 
 [1, 1, 0, 1, 1] 
 [0, 0, 1, 0, 0] 
 0.6784810126582278 

FourValues
 23 
 [1, 1, 1, 0, 1] 
 [0, 0, 0, 1, 0] 
 0.889487870619946 

FourValues
 23 
 [1, 1, 1, 1, 0] 
 [0, 0, 0, 0, 1] 
 0.7702702702702703 

FourValues
 23 
 [1, 1, 1, 1, 1] 
 [0, 0, 0, 0, 1] 
 0.9486486486486486 

FourValues
 23 
 [1, 1, 1, 1, 1] 
 [0, 0, 0, 1, 0] 
 0.9757412398921833 

FourValues
 23 
 [1, 1, 1, 1, 1] 
 [0, 0, 1, 0, 0] 
 0.9164556962025316 

FourValues
 23 
 [1, 1, 1, 1, 1] 
 [0, 1, 0, 0, 0] 
 0.950354609929078 

FourValues
 23 
 [1, 1, 1, 1, 1] 
 [1, 0, 0, 0, 0] 
 0.9930715935334873 

DataShapley
 24 
 [1] 
 [1, 1, 1, 1, 1] 
 0.6656626506024096 

DataShapley
 24 
 [1, 3] 
 [1, 1, 1, 1, 1] 
 0.8483935742971888 

DataShapley
 24 
 [1, 3, 2] 
 [1, 1, 1, 1, 1] 
 0.9056224899598394 

DataShapley
 24 
 [1, 3, 2, 4] 
 [1, 1, 1, 1, 1] 
 0.9538152610441767 

DataShapley
 24 
 [1, 3, 2, 4, 0] 
 [1, 1, 1, 1, 1] 
 0.9598393574297188 

FourValues
 24 
 [0, 0, 0, 0, 1] 
 [0, 0, 0, 0, 1] 
 1.0 

FourValues
 24 
 [0, 0, 0, 1, 0] 
 [0, 0, 0, 1, 0] 
 0.9973045822102425 

FourValues
 24 
 [0, 0, 1, 0, 0] 
 [0, 0, 1, 0, 0] 
 1.0 

FourValues
 24 
 [0, 1, 0, 0, 0] 
 [0, 1, 0, 0, 0] 
 0.9881796690307328 

FourValues
 24 
 [0, 1, 1, 1, 1] 
 [1, 0, 0, 0, 0] 
 0.9468822170900693 

FourValues
 24 
 [1, 0, 0, 0, 0] 
 [1, 0, 0, 0, 0] 
 0.9976905311778291 

FourValues
 24 
 [1, 0, 1, 1, 1] 
 [0, 1, 0, 0, 0] 
 0.8676122931442081 

FourValues
 24 
 [1, 1, 0, 1, 1] 
 [0, 0, 1, 0, 0] 
 0.7265822784810126 

FourValues
 24 
 [1, 1, 1, 0, 1] 
 [0, 0, 0, 1, 0] 
 0.9029649595687331 

FourValues
 24 
 [1, 1, 1, 1, 0] 
 [0, 0, 0, 0, 1] 
 0.7594594594594595 

FourValues
 24 
 [1, 1, 1, 1, 1] 
 [0, 0, 0, 0, 1] 
 0.9378378378378378 

FourValues
 24 
 [1, 1, 1, 1, 1] 
 [0, 0, 0, 1, 0] 
 0.9703504043126685 

FourValues
 24 
 [1, 1, 1, 1, 1] 
 [0, 0, 1, 0, 0] 
 0.9493670886075949 

FourValues
 24 
 [1, 1, 1, 1, 1] 
 [0, 1, 0, 0, 0] 
 0.9432624113475178 

FourValues
 24 
 [1, 1, 1, 1, 1] 
 [1, 0, 0, 0, 0] 
 0.9953810623556582 

DataShapley
 25 
 [2] 
 [1, 1, 1, 1, 1] 
 0.5968875502008032 

DataShapley
 25 
 [2, 4] 
 [1, 1, 1, 1, 1] 
 0.7740963855421686 

DataShapley
 25 
 [2, 4, 1] 
 [1, 1, 1, 1, 1] 
 0.9146586345381527 

DataShapley
 25 
 [2, 4, 1, 0] 
 [1, 1, 1, 1, 1] 
 0.9508032128514057 

DataShapley
 25 
 [2, 4, 1, 0, 3] 
 [1, 1, 1, 1, 1] 
 0.9573293172690763 

FourValues
 25 
 [0, 0, 0, 0, 1] 
 [0, 0, 0, 0, 1] 
 1.0 

FourValues
 25 
 [0, 0, 0, 1, 0] 
 [0, 0, 0, 1, 0] 
 0.9973045822102425 

FourValues
 25 
 [0, 0, 1, 0, 0] 
 [0, 0, 1, 0, 0] 
 1.0 

FourValues
 25 
 [0, 1, 0, 0, 0] 
 [0, 1, 0, 0, 0] 
 0.9858156028368794 

FourValues
 25 
 [0, 1, 1, 1, 1] 
 [1, 0, 0, 0, 0] 
 0.9030023094688222 

FourValues
 25 
 [1, 0, 0, 0, 0] 
 [1, 0, 0, 0, 0] 
 0.9976905311778291 

FourValues
 25 
 [1, 0, 1, 1, 1] 
 [0, 1, 0, 0, 0] 
 0.8794326241134752 

FourValues
 25 
 [1, 1, 0, 1, 1] 
 [0, 0, 1, 0, 0] 
 0.810126582278481 

FourValues
 25 
 [1, 1, 1, 0, 1] 
 [0, 0, 0, 1, 0] 
 0.9056603773584906 

FourValues
 25 
 [1, 1, 1, 1, 0] 
 [0, 0, 0, 0, 1] 
 0.672972972972973 

FourValues
 25 
 [1, 1, 1, 1, 1] 
 [0, 0, 0, 0, 1] 
 0.9108108108108108 

FourValues
 25 
 [1, 1, 1, 1, 1] 
 [0, 0, 0, 1, 0] 
 0.9730458221024259 

FourValues
 25 
 [1, 1, 1, 1, 1] 
 [0, 0, 1, 0, 0] 
 0.9620253164556962 

FourValues
 25 
 [1, 1, 1, 1, 1] 
 [0, 1, 0, 0, 0] 
 0.950354609929078 

FourValues
 25 
 [1, 1, 1, 1, 1] 
 [1, 0, 0, 0, 0] 
 0.9861431870669746 

DataShapley
 26 
 [2] 
 [1, 1, 1, 1, 1] 
 0.6034136546184738 

DataShapley
 26 
 [2, 3] 
 [1, 1, 1, 1, 1] 
 0.7484939759036144 

DataShapley
 26 
 [2, 3, 1] 
 [1, 1, 1, 1, 1] 
 0.8855421686746988 

DataShapley
 26 
 [2, 3, 1, 4] 
 [1, 1, 1, 1, 1] 
 0.9518072289156626 

DataShapley
 26 
 [2, 3, 1, 4, 0] 
 [1, 1, 1, 1, 1] 
 0.963855421686747 

FourValues
 26 
 [0, 0, 0, 0, 1] 
 [0, 0, 0, 0, 1] 
 1.0 

FourValues
 26 
 [0, 0, 0, 1, 0] 
 [0, 0, 0, 1, 0] 
 0.9973045822102425 

FourValues
 26 
 [0, 0, 1, 0, 0] 
 [0, 0, 1, 0, 0] 
 1.0 

FourValues
 26 
 [0, 1, 0, 0, 0] 
 [0, 1, 0, 0, 0] 
 0.9905437352245863 

FourValues
 26 
 [0, 1, 1, 1, 1] 
 [1, 0, 0, 0, 0] 
 0.9145496535796767 

FourValues
 26 
 [1, 0, 0, 0, 0] 
 [1, 0, 0, 0, 0] 
 0.9976905311778291 

FourValues
 26 
 [1, 0, 1, 1, 1] 
 [0, 1, 0, 0, 0] 
 0.8817966903073287 

FourValues
 26 
 [1, 1, 0, 1, 1] 
 [0, 0, 1, 0, 0] 
 0.7924050632911392 

FourValues
 26 
 [1, 1, 1, 0, 1] 
 [0, 0, 0, 1, 0] 
 0.921832884097035 

FourValues
 26 
 [1, 1, 1, 1, 0] 
 [0, 0, 0, 0, 1] 
 0.7432432432432432 

FourValues
 26 
 [1, 1, 1, 1, 1] 
 [0, 0, 0, 0, 1] 
 0.9432432432432433 

FourValues
 26 
 [1, 1, 1, 1, 1] 
 [0, 0, 0, 1, 0] 
 0.9784366576819407 

FourValues
 26 
 [1, 1, 1, 1, 1] 
 [0, 0, 1, 0, 0] 
 0.959493670886076 

FourValues
 26 
 [1, 1, 1, 1, 1] 
 [0, 1, 0, 0, 0] 
 0.950354609929078 

FourValues
 26 
 [1, 1, 1, 1, 1] 
 [1, 0, 0, 0, 0] 
 0.9861431870669746 

DataShapley
 27 
 [0] 
 [1, 1, 1, 1, 1] 
 0.7710843373493976 

DataShapley
 27 
 [0, 4] 
 [1, 1, 1, 1, 1] 
 0.8348393574297188 

DataShapley
 27 
 [0, 4, 3] 
 [1, 1, 1, 1, 1] 
 0.9146586345381527 

DataShapley
 27 
 [0, 4, 3, 2] 
 [1, 1, 1, 1, 1] 
 0.9518072289156626 

DataShapley
 27 
 [0, 4, 3, 2, 1] 
 [1, 1, 1, 1, 1] 
 0.9643574297188755 

FourValues
 27 
 [0, 0, 0, 0, 1] 
 [0, 0, 0, 0, 1] 
 0.9972972972972973 

FourValues
 27 
 [0, 0, 0, 1, 0] 
 [0, 0, 0, 1, 0] 
 0.9973045822102425 

FourValues
 27 
 [0, 0, 1, 0, 0] 
 [0, 0, 1, 0, 0] 
 1.0 

FourValues
 27 
 [0, 1, 0, 0, 0] 
 [0, 1, 0, 0, 0] 
 0.9881796690307328 

FourValues
 27 
 [0, 1, 1, 1, 1] 
 [1, 0, 0, 0, 0] 
 0.9191685912240185 

FourValues
 27 
 [1, 0, 0, 0, 0] 
 [1, 0, 0, 0, 0] 
 0.9976905311778291 

FourValues
 27 
 [1, 0, 1, 1, 1] 
 [0, 1, 0, 0, 0] 
 0.8723404255319149 

FourValues
 27 
 [1, 1, 0, 1, 1] 
 [0, 0, 1, 0, 0] 
 0.7873417721518987 

FourValues
 27 
 [1, 1, 1, 0, 1] 
 [0, 0, 0, 1, 0] 
 0.9299191374663073 

FourValues
 27 
 [1, 1, 1, 1, 0] 
 [0, 0, 0, 0, 1] 
 0.7864864864864864 

FourValues
 27 
 [1, 1, 1, 1, 1] 
 [0, 0, 0, 0, 1] 
 0.9513513513513514 

FourValues
 27 
 [1, 1, 1, 1, 1] 
 [0, 0, 0, 1, 0] 
 0.9784366576819407 

FourValues
 27 
 [1, 1, 1, 1, 1] 
 [0, 0, 1, 0, 0] 
 0.9518987341772152 

FourValues
 27 
 [1, 1, 1, 1, 1] 
 [0, 1, 0, 0, 0] 
 0.950354609929078 

FourValues
 27 
 [1, 1, 1, 1, 1] 
 [1, 0, 0, 0, 0] 
 0.9884526558891455 

DataShapley
 28 
 [0] 
 [1, 1, 1, 1, 1] 
 0.6812248995983936 

DataShapley
 28 
 [0, 3] 
 [1, 1, 1, 1, 1] 
 0.8614457831325302 

DataShapley
 28 
 [0, 3, 4] 
 [1, 1, 1, 1, 1] 
 0.9106425702811245 

DataShapley
 28 
 [0, 3, 4, 2] 
 [1, 1, 1, 1, 1] 
 0.9538152610441767 

DataShapley
 28 
 [0, 3, 4, 2, 1] 
 [1, 1, 1, 1, 1] 
 0.9628514056224899 

FourValues
 28 
 [0, 0, 0, 0, 1] 
 [0, 0, 0, 0, 1] 
 1.0 

FourValues
 28 
 [0, 0, 0, 1, 0] 
 [0, 0, 0, 1, 0] 
 0.9919137466307277 

FourValues
 28 
 [0, 0, 1, 0, 0] 
 [0, 0, 1, 0, 0] 
 1.0 

FourValues
 28 
 [0, 1, 0, 0, 0] 
 [0, 1, 0, 0, 0] 
 0.9881796690307328 

FourValues
 28 
 [0, 1, 1, 1, 1] 
 [1, 0, 0, 0, 0] 
 0.9237875288683602 

FourValues
 28 
 [1, 0, 0, 0, 0] 
 [1, 0, 0, 0, 0] 
 0.9976905311778291 

FourValues
 28 
 [1, 0, 1, 1, 1] 
 [0, 1, 0, 0, 0] 
 0.8747044917257684 

FourValues
 28 
 [1, 1, 0, 1, 1] 
 [0, 0, 1, 0, 0] 
 0.7316455696202532 

FourValues
 28 
 [1, 1, 1, 0, 1] 
 [0, 0, 0, 1, 0] 
 0.9083557951482479 

FourValues
 28 
 [1, 1, 1, 1, 0] 
 [0, 0, 0, 0, 1] 
 0.8081081081081081 

FourValues
 28 
 [1, 1, 1, 1, 1] 
 [0, 0, 0, 0, 1] 
 0.9567567567567568 

FourValues
 28 
 [1, 1, 1, 1, 1] 
 [0, 0, 0, 1, 0] 
 0.9649595687331537 

FourValues
 28 
 [1, 1, 1, 1, 1] 
 [0, 0, 1, 0, 0] 
 0.9443037974683545 

FourValues
 28 
 [1, 1, 1, 1, 1] 
 [0, 1, 0, 0, 0] 
 0.950354609929078 

FourValues
 28 
 [1, 1, 1, 1, 1] 
 [1, 0, 0, 0, 0] 
 0.9953810623556582 

DataShapley
 29 
 [3] 
 [1, 1, 1, 1, 1] 
 0.6390562248995983 

DataShapley
 29 
 [3, 4] 
 [1, 1, 1, 1, 1] 
 0.8488955823293173 

DataShapley
 29 
 [3, 4, 2] 
 [1, 1, 1, 1, 1] 
 0.9377510040160643 

DataShapley
 29 
 [3, 4, 2, 1] 
 [1, 1, 1, 1, 1] 
 0.9503012048192772 

DataShapley
 29 
 [3, 4, 2, 1, 0] 
 [1, 1, 1, 1, 1] 
 0.9623493975903614 

FourValues
 29 
 [0, 0, 0, 0, 1] 
 [0, 0, 0, 0, 1] 
 0.9972972972972973 

FourValues
 29 
 [0, 0, 0, 1, 0] 
 [0, 0, 0, 1, 0] 
 0.9973045822102425 

FourValues
 29 
 [0, 0, 1, 0, 0] 
 [0, 0, 1, 0, 0] 
 1.0 

FourValues
 29 
 [0, 1, 0, 0, 0] 
 [0, 1, 0, 0, 0] 
 0.9881796690307328 

FourValues
 29 
 [0, 1, 1, 1, 1] 
 [1, 0, 0, 0, 0] 
 0.9122401847575058 

FourValues
 29 
 [1, 0, 0, 0, 0] 
 [1, 0, 0, 0, 0] 
 0.9976905311778291 

FourValues
 29 
 [1, 0, 1, 1, 1] 
 [0, 1, 0, 0, 0] 
 0.8912529550827423 

FourValues
 29 
 [1, 1, 0, 1, 1] 
 [0, 0, 1, 0, 0] 
 0.7367088607594937 

FourValues
 29 
 [1, 1, 1, 0, 1] 
 [0, 0, 0, 1, 0] 
 0.9137466307277629 

FourValues
 29 
 [1, 1, 1, 1, 0] 
 [0, 0, 0, 0, 1] 
 0.7945945945945946 

FourValues
 29 
 [1, 1, 1, 1, 1] 
 [0, 0, 0, 0, 1] 
 0.9486486486486486 

FourValues
 29 
 [1, 1, 1, 1, 1] 
 [0, 0, 0, 1, 0] 
 0.967654986522911 

FourValues
 29 
 [1, 1, 1, 1, 1] 
 [0, 0, 1, 0, 0] 
 0.9468354430379747 

FourValues
 29 
 [1, 1, 1, 1, 1] 
 [0, 1, 0, 0, 0] 
 0.9574468085106383 

FourValues
 29 
 [1, 1, 1, 1, 1] 
 [1, 0, 0, 0, 0] 
 0.9884526558891455 

DataShapley
 30 
 [1] 
 [1, 1, 1, 1, 1] 
 0.6134538152610441 

DataShapley
 30 
 [1, 2] 
 [1, 1, 1, 1, 1] 
 0.8012048192771084 

DataShapley
 30 
 [1, 2, 4] 
 [1, 1, 1, 1, 1] 
 0.9206827309236948 

DataShapley
 30 
 [1, 2, 4, 0] 
 [1, 1, 1, 1, 1] 
 0.9548192771084337 

DataShapley
 30 
 [1, 2, 4, 0, 3] 
 [1, 1, 1, 1, 1] 
 0.9608433734939759 

FourValues
 30 
 [0, 0, 0, 0, 1] 
 [0, 0, 0, 0, 1] 
 1.0 

FourValues
 30 
 [0, 0, 0, 1, 0] 
 [0, 0, 0, 1, 0] 
 0.9973045822102425 

FourValues
 30 
 [0, 0, 1, 0, 0] 
 [0, 0, 1, 0, 0] 
 1.0 

FourValues
 30 
 [0, 1, 0, 0, 0] 
 [0, 1, 0, 0, 0] 
 0.9905437352245863 

FourValues
 30 
 [0, 1, 1, 1, 1] 
 [1, 0, 0, 0, 0] 
 0.9099307159353349 

FourValues
 30 
 [1, 0, 0, 0, 0] 
 [1, 0, 0, 0, 0] 
 0.9976905311778291 

FourValues
 30 
 [1, 0, 1, 1, 1] 
 [0, 1, 0, 0, 0] 
 0.8936170212765957 

FourValues
 30 
 [1, 1, 0, 1, 1] 
 [0, 0, 1, 0, 0] 
 0.6962025316455697 

FourValues
 30 
 [1, 1, 1, 0, 1] 
 [0, 0, 0, 1, 0] 
 0.9002695417789758 

FourValues
 30 
 [1, 1, 1, 1, 0] 
 [0, 0, 0, 0, 1] 
 0.7945945945945946 

FourValues
 30 
 [1, 1, 1, 1, 1] 
 [0, 0, 0, 0, 1] 
 0.9432432432432433 

FourValues
 30 
 [1, 1, 1, 1, 1] 
 [0, 0, 0, 1, 0] 
 0.9622641509433962 

FourValues
 30 
 [1, 1, 1, 1, 1] 
 [0, 0, 1, 0, 0] 
 0.9468354430379747 

FourValues
 30 
 [1, 1, 1, 1, 1] 
 [0, 1, 0, 0, 0] 
 0.9527186761229315 

FourValues
 30 
 [1, 1, 1, 1, 1] 
 [1, 0, 0, 0, 0] 
 0.9953810623556582 

DataShapley
 31 
 [2] 
 [1, 1, 1, 1, 1] 
 0.6295180722891566 

DataShapley
 31 
 [2, 3] 
 [1, 1, 1, 1, 1] 
 0.8097389558232931 

DataShapley
 31 
 [2, 3, 1] 
 [1, 1, 1, 1, 1] 
 0.8885542168674698 

DataShapley
 31 
 [2, 3, 1, 0] 
 [1, 1, 1, 1, 1] 
 0.927710843373494 

DataShapley
 31 
 [2, 3, 1, 0, 4] 
 [1, 1, 1, 1, 1] 
 0.9628514056224899 

FourValues
 31 
 [0, 0, 0, 0, 1] 
 [0, 0, 0, 0, 1] 
 1.0 

FourValues
 31 
 [0, 0, 0, 1, 0] 
 [0, 0, 0, 1, 0] 
 1.0 

FourValues
 31 
 [0, 0, 1, 0, 0] 
 [0, 0, 1, 0, 0] 
 1.0 

FourValues
 31 
 [0, 1, 0, 0, 0] 
 [0, 1, 0, 0, 0] 
 0.9881796690307328 

FourValues
 31 
 [0, 1, 1, 1, 1] 
 [1, 0, 0, 0, 0] 
 0.9145496535796767 

FourValues
 31 
 [1, 0, 0, 0, 0] 
 [1, 0, 0, 0, 0] 
 0.9976905311778291 

FourValues
 31 
 [1, 0, 1, 1, 1] 
 [0, 1, 0, 0, 0] 
 0.9219858156028369 

FourValues
 31 
 [1, 1, 0, 1, 1] 
 [0, 0, 1, 0, 0] 
 0.8050632911392405 

FourValues
 31 
 [1, 1, 1, 0, 1] 
 [0, 0, 0, 1, 0] 
 0.9191374663072777 

FourValues
 31 
 [1, 1, 1, 1, 0] 
 [0, 0, 0, 0, 1] 
 0.7297297297297297 

FourValues
 31 
 [1, 1, 1, 1, 1] 
 [0, 0, 0, 0, 1] 
 0.927027027027027 

FourValues
 31 
 [1, 1, 1, 1, 1] 
 [0, 0, 0, 1, 0] 
 0.9757412398921833 

FourValues
 31 
 [1, 1, 1, 1, 1] 
 [0, 0, 1, 0, 0] 
 0.9544303797468354 

FourValues
 31 
 [1, 1, 1, 1, 1] 
 [0, 1, 0, 0, 0] 
 0.9598108747044918 

FourValues
 31 
 [1, 1, 1, 1, 1] 
 [1, 0, 0, 0, 0] 
 0.9930715935334873 

DataShapley
 32 
 [4] 
 [1, 1, 1, 1, 1] 
 0.7580321285140562 

DataShapley
 32 
 [4, 0] 
 [1, 1, 1, 1, 1] 
 0.8795180722891566 

DataShapley
 32 
 [4, 0, 3] 
 [1, 1, 1, 1, 1] 
 0.9367469879518072 

DataShapley
 32 
 [4, 0, 3, 2] 
 [1, 1, 1, 1, 1] 
 0.9578313253012049 

DataShapley
 32 
 [4, 0, 3, 2, 1] 
 [1, 1, 1, 1, 1] 
 0.9633534136546185 

FourValues
 32 
 [0, 0, 0, 0, 1] 
 [0, 0, 0, 0, 1] 
 1.0 

FourValues
 32 
 [0, 0, 0, 1, 0] 
 [0, 0, 0, 1, 0] 
 0.9973045822102425 

FourValues
 32 
 [0, 0, 1, 0, 0] 
 [0, 0, 1, 0, 0] 
 1.0 

FourValues
 32 
 [0, 1, 0, 0, 0] 
 [0, 1, 0, 0, 0] 
 0.9905437352245863 

FourValues
 32 
 [0, 1, 1, 1, 1] 
 [1, 0, 0, 0, 0] 
 0.9284064665127021 

FourValues
 32 
 [1, 0, 0, 0, 0] 
 [1, 0, 0, 0, 0] 
 0.9976905311778291 

FourValues
 32 
 [1, 0, 1, 1, 1] 
 [0, 1, 0, 0, 0] 
 0.9243498817966903 

FourValues
 32 
 [1, 1, 0, 1, 1] 
 [0, 0, 1, 0, 0] 
 0.7974683544303798 

FourValues
 32 
 [1, 1, 1, 0, 1] 
 [0, 0, 0, 1, 0] 
 0.9353099730458221 

FourValues
 32 
 [1, 1, 1, 1, 0] 
 [0, 0, 0, 0, 1] 
 0.7027027027027027 

FourValues
 32 
 [1, 1, 1, 1, 1] 
 [0, 0, 0, 0, 1] 
 0.9297297297297298 

FourValues
 32 
 [1, 1, 1, 1, 1] 
 [0, 0, 0, 1, 0] 
 0.9784366576819407 

FourValues
 32 
 [1, 1, 1, 1, 1] 
 [0, 0, 1, 0, 0] 
 0.9518987341772152 

FourValues
 32 
 [1, 1, 1, 1, 1] 
 [0, 1, 0, 0, 0] 
 0.9598108747044918 

FourValues
 32 
 [1, 1, 1, 1, 1] 
 [1, 0, 0, 0, 0] 
 0.9930715935334873 

DataShapley
 33 
 [4] 
 [1, 1, 1, 1, 1] 
 0.7745983935742972 

DataShapley
 33 
 [4, 3] 
 [1, 1, 1, 1, 1] 
 0.9021084337349398 

DataShapley
 33 
 [4, 3, 2] 
 [1, 1, 1, 1, 1] 
 0.9603413654618473 

DataShapley
 33 
 [4, 3, 2, 0] 
 [1, 1, 1, 1, 1] 
 0.9618473895582329 

DataShapley
 33 
 [4, 3, 2, 0, 1] 
 [1, 1, 1, 1, 1] 
 0.9663654618473896 

FourValues
 33 
 [0, 0, 0, 0, 1] 
 [0, 0, 0, 0, 1] 
 1.0 

FourValues
 33 
 [0, 0, 0, 1, 0] 
 [0, 0, 0, 1, 0] 
 0.9946091644204852 

FourValues
 33 
 [0, 0, 1, 0, 0] 
 [0, 0, 1, 0, 0] 
 1.0 

FourValues
 33 
 [0, 1, 0, 0, 0] 
 [0, 1, 0, 0, 0] 
 0.9881796690307328 

FourValues
 33 
 [0, 1, 1, 1, 1] 
 [1, 0, 0, 0, 0] 
 0.9468822170900693 

FourValues
 33 
 [1, 0, 0, 0, 0] 
 [1, 0, 0, 0, 0] 
 0.9976905311778291 

FourValues
 33 
 [1, 0, 1, 1, 1] 
 [0, 1, 0, 0, 0] 
 0.9219858156028369 

FourValues
 33 
 [1, 1, 0, 1, 1] 
 [0, 0, 1, 0, 0] 
 0.810126582278481 

FourValues
 33 
 [1, 1, 1, 0, 1] 
 [0, 0, 0, 1, 0] 
 0.9433962264150944 

FourValues
 33 
 [1, 1, 1, 1, 0] 
 [0, 0, 0, 0, 1] 
 0.7702702702702703 

FourValues
 33 
 [1, 1, 1, 1, 1] 
 [0, 0, 0, 0, 1] 
 0.9405405405405406 

FourValues
 33 
 [1, 1, 1, 1, 1] 
 [0, 0, 0, 1, 0] 
 0.9730458221024259 

FourValues
 33 
 [1, 1, 1, 1, 1] 
 [0, 0, 1, 0, 0] 
 0.9569620253164557 

FourValues
 33 
 [1, 1, 1, 1, 1] 
 [0, 1, 0, 0, 0] 
 0.9645390070921985 

FourValues
 33 
 [1, 1, 1, 1, 1] 
 [1, 0, 0, 0, 0] 
 0.9930715935334873 

DataShapley
 34 
 [0] 
 [1, 1, 1, 1, 1] 
 0.7911646586345381 

DataShapley
 34 
 [0, 2] 
 [1, 1, 1, 1, 1] 
 0.8473895582329317 

DataShapley
 34 
 [0, 2, 4] 
 [1, 1, 1, 1, 1] 
 0.9492971887550201 

DataShapley
 34 
 [0, 2, 4, 3] 
 [1, 1, 1, 1, 1] 
 0.9633534136546185 

DataShapley
 34 
 [0, 2, 4, 3, 1] 
 [1, 1, 1, 1, 1] 
 0.9658634538152611 

FourValues
 34 
 [0, 0, 0, 0, 1] 
 [0, 0, 0, 0, 1] 
 1.0 

FourValues
 34 
 [0, 0, 0, 1, 0] 
 [0, 0, 0, 1, 0] 
 0.9973045822102425 

FourValues
 34 
 [0, 0, 1, 0, 0] 
 [0, 0, 1, 0, 0] 
 1.0 

FourValues
 34 
 [0, 1, 0, 0, 0] 
 [0, 1, 0, 0, 0] 
 0.9881796690307328 

FourValues
 34 
 [0, 1, 1, 1, 1] 
 [1, 0, 0, 0, 0] 
 0.9607390300230947 

FourValues
 34 
 [1, 0, 0, 0, 0] 
 [1, 0, 0, 0, 0] 
 1.0 

FourValues
 34 
 [1, 0, 1, 1, 1] 
 [0, 1, 0, 0, 0] 
 0.9054373522458629 

FourValues
 34 
 [1, 1, 0, 1, 1] 
 [0, 0, 1, 0, 0] 
 0.7569620253164557 

FourValues
 34 
 [1, 1, 1, 0, 1] 
 [0, 0, 0, 1, 0] 
 0.9245283018867925 

FourValues
 34 
 [1, 1, 1, 1, 0] 
 [0, 0, 0, 0, 1] 
 0.8 

FourValues
 34 
 [1, 1, 1, 1, 1] 
 [0, 0, 0, 0, 1] 
 0.9621621621621622 

FourValues
 34 
 [1, 1, 1, 1, 1] 
 [0, 0, 0, 1, 0] 
 0.9757412398921833 

FourValues
 34 
 [1, 1, 1, 1, 1] 
 [0, 0, 1, 0, 0] 
 0.9468354430379747 

FourValues
 34 
 [1, 1, 1, 1, 1] 
 [0, 1, 0, 0, 0] 
 0.950354609929078 

FourValues
 34 
 [1, 1, 1, 1, 1] 
 [1, 0, 0, 0, 0] 
 0.9930715935334873 

DataShapley
 35 
 [1] 
 [1, 1, 1, 1, 1] 
 0.6746987951807228 

DataShapley
 35 
 [1, 0] 
 [1, 1, 1, 1, 1] 
 0.9091365461847389 

DataShapley
 35 
 [1, 0, 4] 
 [1, 1, 1, 1, 1] 
 0.911144578313253 

DataShapley
 35 
 [1, 0, 4, 3] 
 [1, 1, 1, 1, 1] 
 0.9387550200803213 

DataShapley
 35 
 [1, 0, 4, 3, 2] 
 [1, 1, 1, 1, 1] 
 0.9708835341365462 

FourValues
 35 
 [0, 0, 0, 0, 1] 
 [0, 0, 0, 0, 1] 
 0.9972972972972973 

FourValues
 35 
 [0, 0, 0, 1, 0] 
 [0, 0, 0, 1, 0] 
 0.9973045822102425 

FourValues
 35 
 [0, 0, 1, 0, 0] 
 [0, 0, 1, 0, 0] 
 1.0 

FourValues
 35 
 [0, 1, 0, 0, 0] 
 [0, 1, 0, 0, 0] 
 0.9905437352245863 

FourValues
 35 
 [0, 1, 1, 1, 1] 
 [1, 0, 0, 0, 0] 
 0.9561200923787528 

FourValues
 35 
 [1, 0, 0, 0, 0] 
 [1, 0, 0, 0, 0] 
 0.9976905311778291 

FourValues
 35 
 [1, 0, 1, 1, 1] 
 [0, 1, 0, 0, 0] 
 0.9030732860520094 

FourValues
 35 
 [1, 1, 0, 1, 1] 
 [0, 0, 1, 0, 0] 
 0.7772151898734178 

FourValues
 35 
 [1, 1, 1, 0, 1] 
 [0, 0, 0, 1, 0] 
 0.9326145552560647 

FourValues
 35 
 [1, 1, 1, 1, 0] 
 [0, 0, 0, 0, 1] 
 0.8027027027027027 

FourValues
 35 
 [1, 1, 1, 1, 1] 
 [0, 0, 0, 0, 1] 
 0.9648648648648649 

FourValues
 35 
 [1, 1, 1, 1, 1] 
 [0, 0, 0, 1, 0] 
 0.9784366576819407 

FourValues
 35 
 [1, 1, 1, 1, 1] 
 [0, 0, 1, 0, 0] 
 0.9569620253164557 

FourValues
 35 
 [1, 1, 1, 1, 1] 
 [0, 1, 0, 0, 0] 
 0.9598108747044918 

FourValues
 35 
 [1, 1, 1, 1, 1] 
 [1, 0, 0, 0, 0] 
 0.9930715935334873 

DataShapley
 36 
 [3] 
 [1, 1, 1, 1, 1] 
 0.7208835341365462 

DataShapley
 36 
 [3, 1] 
 [1, 1, 1, 1, 1] 
 0.8860441767068273 

DataShapley
 36 
 [3, 1, 2] 
 [1, 1, 1, 1, 1] 
 0.9081325301204819 

DataShapley
 36 
 [3, 1, 2, 4] 
 [1, 1, 1, 1, 1] 
 0.9608433734939759 

DataShapley
 36 
 [3, 1, 2, 4, 0] 
 [1, 1, 1, 1, 1] 
 0.9673694779116466 

FourValues
 36 
 [0, 0, 0, 0, 1] 
 [0, 0, 0, 0, 1] 
 1.0 

FourValues
 36 
 [0, 0, 0, 1, 0] 
 [0, 0, 0, 1, 0] 
 0.9973045822102425 

FourValues
 36 
 [0, 0, 1, 0, 0] 
 [0, 0, 1, 0, 0] 
 1.0 

FourValues
 36 
 [0, 1, 0, 0, 0] 
 [0, 1, 0, 0, 0] 
 0.9905437352245863 

FourValues
 36 
 [0, 1, 1, 1, 1] 
 [1, 0, 0, 0, 0] 
 0.9515011547344111 

FourValues
 36 
 [1, 0, 0, 0, 0] 
 [1, 0, 0, 0, 0] 
 0.9976905311778291 

FourValues
 36 
 [1, 0, 1, 1, 1] 
 [0, 1, 0, 0, 0] 
 0.9078014184397163 

FourValues
 36 
 [1, 1, 0, 1, 1] 
 [0, 0, 1, 0, 0] 
 0.7746835443037975 

FourValues
 36 
 [1, 1, 1, 0, 1] 
 [0, 0, 0, 1, 0] 
 0.9407008086253369 

FourValues
 36 
 [1, 1, 1, 1, 0] 
 [0, 0, 0, 0, 1] 
 0.8027027027027027 

FourValues
 36 
 [1, 1, 1, 1, 1] 
 [0, 0, 0, 0, 1] 
 0.9594594594594594 

FourValues
 36 
 [1, 1, 1, 1, 1] 
 [0, 0, 0, 1, 0] 
 0.9757412398921833 

FourValues
 36 
 [1, 1, 1, 1, 1] 
 [0, 0, 1, 0, 0] 
 0.9518987341772152 

FourValues
 36 
 [1, 1, 1, 1, 1] 
 [0, 1, 0, 0, 0] 
 0.9550827423167849 

FourValues
 36 
 [1, 1, 1, 1, 1] 
 [1, 0, 0, 0, 0] 
 0.9930715935334873 

DataShapley
 37 
 [0] 
 [1, 1, 1, 1, 1] 
 0.7063253012048193 

DataShapley
 37 
 [0, 4] 
 [1, 1, 1, 1, 1] 
 0.8438755020080321 

DataShapley
 37 
 [0, 4, 2] 
 [1, 1, 1, 1, 1] 
 0.9417670682730924 

DataShapley
 37 
 [0, 4, 2, 1] 
 [1, 1, 1, 1, 1] 
 0.9563253012048193 

DataShapley
 37 
 [0, 4, 2, 1, 3] 
 [1, 1, 1, 1, 1] 
 0.9643574297188755 

FourValues
 37 
 [0, 0, 0, 0, 1] 
 [0, 0, 0, 0, 1] 
 0.9945945945945946 

FourValues
 37 
 [0, 0, 0, 1, 0] 
 [0, 0, 0, 1, 0] 
 0.9973045822102425 

FourValues
 37 
 [0, 0, 1, 0, 0] 
 [0, 0, 1, 0, 0] 
 0.9924050632911392 

FourValues
 37 
 [0, 1, 0, 0, 0] 
 [0, 1, 0, 0, 0] 
 0.9763593380614657 

FourValues
 37 
 [0, 1, 1, 1, 1] 
 [1, 0, 0, 0, 0] 
 0.9653579676674365 

FourValues
 37 
 [1, 0, 0, 0, 0] 
 [1, 0, 0, 0, 0] 
 0.9976905311778291 

FourValues
 37 
 [1, 0, 1, 1, 1] 
 [0, 1, 0, 0, 0] 
 0.8983451536643026 

FourValues
 37 
 [1, 1, 0, 1, 1] 
 [0, 0, 1, 0, 0] 
 0.8278481012658228 

FourValues
 37 
 [1, 1, 1, 0, 1] 
 [0, 0, 0, 1, 0] 
 0.9083557951482479 

FourValues
 37 
 [1, 1, 1, 1, 0] 
 [0, 0, 0, 0, 1] 
 0.8216216216216217 

FourValues
 37 
 [1, 1, 1, 1, 1] 
 [0, 0, 0, 0, 1] 
 0.9432432432432433 

FourValues
 37 
 [1, 1, 1, 1, 1] 
 [0, 0, 0, 1, 0] 
 0.9649595687331537 

FourValues
 37 
 [1, 1, 1, 1, 1] 
 [0, 0, 1, 0, 0] 
 0.9569620253164557 

FourValues
 37 
 [1, 1, 1, 1, 1] 
 [0, 1, 0, 0, 0] 
 0.9550827423167849 

FourValues
 37 
 [1, 1, 1, 1, 1] 
 [1, 0, 0, 0, 0] 
 0.9976905311778291 

DataShapley
 38 
 [2] 
 [1, 1, 1, 1, 1] 
 0.6335341365461847 

DataShapley
 38 
 [2, 0] 
 [1, 1, 1, 1, 1] 
 0.8639558232931727 

DataShapley
 38 
 [2, 0, 1] 
 [1, 1, 1, 1, 1] 
 0.9437751004016064 

DataShapley
 38 
 [2, 0, 1, 4] 
 [1, 1, 1, 1, 1] 
 0.9653614457831325 

DataShapley
 38 
 [2, 0, 1, 4, 3] 
 [1, 1, 1, 1, 1] 
 0.9703815261044176 

FourValues
 38 
 [0, 0, 0, 0, 1] 
 [0, 0, 0, 0, 1] 
 1.0 

FourValues
 38 
 [0, 0, 0, 1, 0] 
 [0, 0, 0, 1, 0] 
 0.9973045822102425 

FourValues
 38 
 [0, 0, 1, 0, 0] 
 [0, 0, 1, 0, 0] 
 1.0 

FourValues
 38 
 [0, 1, 0, 0, 0] 
 [0, 1, 0, 0, 0] 
 0.9881796690307328 

FourValues
 38 
 [0, 1, 1, 1, 1] 
 [1, 0, 0, 0, 0] 
 0.9515011547344111 

FourValues
 38 
 [1, 0, 0, 0, 0] 
 [1, 0, 0, 0, 0] 
 0.9976905311778291 

FourValues
 38 
 [1, 0, 1, 1, 1] 
 [0, 1, 0, 0, 0] 
 0.8959810874704491 

FourValues
 38 
 [1, 1, 0, 1, 1] 
 [0, 0, 1, 0, 0] 
 0.810126582278481 

FourValues
 38 
 [1, 1, 1, 0, 1] 
 [0, 0, 0, 1, 0] 
 0.9353099730458221 

FourValues
 38 
 [1, 1, 1, 1, 0] 
 [0, 0, 0, 0, 1] 
 0.8189189189189189 

FourValues
 38 
 [1, 1, 1, 1, 1] 
 [0, 0, 0, 0, 1] 
 0.9621621621621622 

FourValues
 38 
 [1, 1, 1, 1, 1] 
 [0, 0, 0, 1, 0] 
 0.9730458221024259 

FourValues
 38 
 [1, 1, 1, 1, 1] 
 [0, 0, 1, 0, 0] 
 0.959493670886076 

FourValues
 38 
 [1, 1, 1, 1, 1] 
 [0, 1, 0, 0, 0] 
 0.9598108747044918 

FourValues
 38 
 [1, 1, 1, 1, 1] 
 [1, 0, 0, 0, 0] 
 0.9953810623556582 

DataShapley
 39 
 [2] 
 [1, 1, 1, 1, 1] 
 0.623995983935743 

DataShapley
 39 
 [2, 4] 
 [1, 1, 1, 1, 1] 
 0.8815261044176707 

DataShapley
 39 
 [2, 4, 3] 
 [1, 1, 1, 1, 1] 
 0.9442771084337349 

DataShapley
 39 
 [2, 4, 3, 1] 
 [1, 1, 1, 1, 1] 
 0.9663654618473896 

DataShapley
 39 
 [2, 4, 3, 1, 0] 
 [1, 1, 1, 1, 1] 
 0.9718875502008032 

FourValues
 39 
 [0, 0, 0, 0, 1] 
 [0, 0, 0, 0, 1] 
 1.0 

FourValues
 39 
 [0, 0, 0, 1, 0] 
 [0, 0, 0, 1, 0] 
 0.9973045822102425 

FourValues
 39 
 [0, 0, 1, 0, 0] 
 [0, 0, 1, 0, 0] 
 1.0 

FourValues
 39 
 [0, 1, 0, 0, 0] 
 [0, 1, 0, 0, 0] 
 0.9905437352245863 

FourValues
 39 
 [0, 1, 1, 1, 1] 
 [1, 0, 0, 0, 0] 
 0.9653579676674365 

FourValues
 39 
 [1, 0, 0, 0, 0] 
 [1, 0, 0, 0, 0] 
 0.9976905311778291 

FourValues
 39 
 [1, 0, 1, 1, 1] 
 [0, 1, 0, 0, 0] 
 0.8959810874704491 

FourValues
 39 
 [1, 1, 0, 1, 1] 
 [0, 0, 1, 0, 0] 
 0.7822784810126582 

FourValues
 39 
 [1, 1, 1, 0, 1] 
 [0, 0, 0, 1, 0] 
 0.9380053908355795 

FourValues
 39 
 [1, 1, 1, 1, 0] 
 [0, 0, 0, 0, 1] 
 0.8162162162162162 

FourValues
 39 
 [1, 1, 1, 1, 1] 
 [0, 0, 0, 0, 1] 
 0.9621621621621622 

FourValues
 39 
 [1, 1, 1, 1, 1] 
 [0, 0, 0, 1, 0] 
 0.9730458221024259 

FourValues
 39 
 [1, 1, 1, 1, 1] 
 [0, 0, 1, 0, 0] 
 0.959493670886076 

FourValues
 39 
 [1, 1, 1, 1, 1] 
 [0, 1, 0, 0, 0] 
 0.9645390070921985 

FourValues
 39 
 [1, 1, 1, 1, 1] 
 [1, 0, 0, 0, 0] 
 0.9976905311778291 

DataShapley
 40 
 [1] 
 [1, 1, 1, 1, 1] 
 0.7188755020080321 

DataShapley
 40 
 [1, 3] 
 [1, 1, 1, 1, 1] 
 0.8860441767068273 

DataShapley
 40 
 [1, 3, 0] 
 [1, 1, 1, 1, 1] 
 0.946285140562249 

DataShapley
 40 
 [1, 3, 0, 2] 
 [1, 1, 1, 1, 1] 
 0.947289156626506 

DataShapley
 40 
 [1, 3, 0, 2, 4] 
 [1, 1, 1, 1, 1] 
 0.9698795180722891 

FourValues
 40 
 [0, 0, 0, 0, 1] 
 [0, 0, 0, 0, 1] 
 0.9972972972972973 

FourValues
 40 
 [0, 0, 0, 1, 0] 
 [0, 0, 0, 1, 0] 
 0.9973045822102425 

FourValues
 40 
 [0, 0, 1, 0, 0] 
 [0, 0, 1, 0, 0] 
 1.0 

FourValues
 40 
 [0, 1, 0, 0, 0] 
 [0, 1, 0, 0, 0] 
 0.9881796690307328 

FourValues
 40 
 [0, 1, 1, 1, 1] 
 [1, 0, 0, 0, 0] 
 0.9699769053117783 

FourValues
 40 
 [1, 0, 0, 0, 0] 
 [1, 0, 0, 0, 0] 
 0.9976905311778291 

FourValues
 40 
 [1, 0, 1, 1, 1] 
 [0, 1, 0, 0, 0] 
 0.8841607565011821 

FourValues
 40 
 [1, 1, 0, 1, 1] 
 [0, 0, 1, 0, 0] 
 0.8253164556962025 

FourValues
 40 
 [1, 1, 1, 0, 1] 
 [0, 0, 0, 1, 0] 
 0.9272237196765498 

FourValues
 40 
 [1, 1, 1, 1, 0] 
 [0, 0, 0, 0, 1] 
 0.8243243243243243 

FourValues
 40 
 [1, 1, 1, 1, 1] 
 [0, 0, 0, 0, 1] 
 0.9486486486486486 

FourValues
 40 
 [1, 1, 1, 1, 1] 
 [0, 0, 0, 1, 0] 
 0.9703504043126685 

FourValues
 40 
 [1, 1, 1, 1, 1] 
 [0, 0, 1, 0, 0] 
 0.9670886075949368 

FourValues
 40 
 [1, 1, 1, 1, 1] 
 [0, 1, 0, 0, 0] 
 0.9621749408983451 

FourValues
 40 
 [1, 1, 1, 1, 1] 
 [1, 0, 0, 0, 0] 
 0.9976905311778291 

DataShapley
 41 
 [2] 
 [1, 1, 1, 1, 1] 
 0.6375502008032129 

DataShapley
 41 
 [2, 3] 
 [1, 1, 1, 1, 1] 
 0.8383534136546185 

DataShapley
 41 
 [2, 3, 0] 
 [1, 1, 1, 1, 1] 
 0.9206827309236948 

DataShapley
 41 
 [2, 3, 0, 4] 
 [1, 1, 1, 1, 1] 
 0.9678714859437751 

DataShapley
 41 
 [2, 3, 0, 4, 1] 
 [1, 1, 1, 1, 1] 
 0.9713855421686747 

FourValues
 41 
 [0, 0, 0, 0, 1] 
 [0, 0, 0, 0, 1] 
 1.0 

FourValues
 41 
 [0, 0, 0, 1, 0] 
 [0, 0, 0, 1, 0] 
 0.9892183288409704 

FourValues
 41 
 [0, 0, 1, 0, 0] 
 [0, 0, 1, 0, 0] 
 1.0 

FourValues
 41 
 [0, 1, 0, 0, 0] 
 [0, 1, 0, 0, 0] 
 0.9881796690307328 

FourValues
 41 
 [0, 1, 1, 1, 1] 
 [1, 0, 0, 0, 0] 
 0.9445727482678984 

FourValues
 41 
 [1, 0, 0, 0, 0] 
 [1, 0, 0, 0, 0] 
 0.9976905311778291 

FourValues
 41 
 [1, 0, 1, 1, 1] 
 [0, 1, 0, 0, 0] 
 0.9196217494089834 

FourValues
 41 
 [1, 1, 0, 1, 1] 
 [0, 0, 1, 0, 0] 
 0.7645569620253164 

FourValues
 41 
 [1, 1, 1, 0, 1] 
 [0, 0, 0, 1, 0] 
 0.9326145552560647 

FourValues
 41 
 [1, 1, 1, 1, 0] 
 [0, 0, 0, 0, 1] 
 0.8540540540540541 

FourValues
 41 
 [1, 1, 1, 1, 1] 
 [0, 0, 0, 0, 1] 
 0.9648648648648649 

FourValues
 41 
 [1, 1, 1, 1, 1] 
 [0, 0, 0, 1, 0] 
 0.9730458221024259 

FourValues
 41 
 [1, 1, 1, 1, 1] 
 [0, 0, 1, 0, 0] 
 0.9569620253164557 

FourValues
 41 
 [1, 1, 1, 1, 1] 
 [0, 1, 0, 0, 0] 
 0.966903073286052 

FourValues
 41 
 [1, 1, 1, 1, 1] 
 [1, 0, 0, 0, 0] 
 0.9930715935334873 

DataShapley
 42 
 [1] 
 [1, 1, 1, 1, 1] 
 0.7439759036144579 

DataShapley
 42 
 [1, 4] 
 [1, 1, 1, 1, 1] 
 0.8333333333333334 

DataShapley
 42 
 [1, 4, 2] 
 [1, 1, 1, 1, 1] 
 0.9432730923694779 

DataShapley
 42 
 [1, 4, 2, 3] 
 [1, 1, 1, 1, 1] 
 0.963855421686747 

DataShapley
 42 
 [1, 4, 2, 3, 0] 
 [1, 1, 1, 1, 1] 
 0.9698795180722891 

FourValues
 42 
 [0, 0, 0, 0, 1] 
 [0, 0, 0, 0, 1] 
 0.9918918918918919 

FourValues
 42 
 [0, 0, 0, 1, 0] 
 [0, 0, 0, 1, 0] 
 0.9973045822102425 

FourValues
 42 
 [0, 0, 1, 0, 0] 
 [0, 0, 1, 0, 0] 
 1.0 

FourValues
 42 
 [0, 1, 0, 0, 0] 
 [0, 1, 0, 0, 0] 
 0.9929078014184397 

FourValues
 42 
 [0, 1, 1, 1, 1] 
 [1, 0, 0, 0, 0] 
 0.9515011547344111 

FourValues
 42 
 [1, 0, 0, 0, 0] 
 [1, 0, 0, 0, 0] 
 0.9976905311778291 

FourValues
 42 
 [1, 0, 1, 1, 1] 
 [0, 1, 0, 0, 0] 
 0.9243498817966903 

FourValues
 42 
 [1, 1, 0, 1, 1] 
 [0, 0, 1, 0, 0] 
 0.8227848101265823 

FourValues
 42 
 [1, 1, 1, 0, 1] 
 [0, 0, 0, 1, 0] 
 0.9299191374663073 

FourValues
 42 
 [1, 1, 1, 1, 0] 
 [0, 0, 0, 0, 1] 
 0.8378378378378378 

FourValues
 42 
 [1, 1, 1, 1, 1] 
 [0, 0, 0, 0, 1] 
 0.9621621621621622 

FourValues
 42 
 [1, 1, 1, 1, 1] 
 [0, 0, 0, 1, 0] 
 0.9730458221024259 

FourValues
 42 
 [1, 1, 1, 1, 1] 
 [0, 0, 1, 0, 0] 
 0.9544303797468354 

FourValues
 42 
 [1, 1, 1, 1, 1] 
 [0, 1, 0, 0, 0] 
 0.9645390070921985 

FourValues
 42 
 [1, 1, 1, 1, 1] 
 [1, 0, 0, 0, 0] 
 0.9930715935334873 

DataShapley
 43 
 [1] 
 [1, 1, 1, 1, 1] 
 0.7073293172690763 

DataShapley
 43 
 [1, 2] 
 [1, 1, 1, 1, 1] 
 0.8052208835341366 

DataShapley
 43 
 [1, 2, 0] 
 [1, 1, 1, 1, 1] 
 0.9442771084337349 

DataShapley
 43 
 [1, 2, 0, 3] 
 [1, 1, 1, 1, 1] 
 0.9492971887550201 

DataShapley
 43 
 [1, 2, 0, 3, 4] 
 [1, 1, 1, 1, 1] 
 0.9718875502008032 

FourValues
 43 
 [0, 0, 0, 0, 1] 
 [0, 0, 0, 0, 1] 
 1.0 

FourValues
 43 
 [0, 0, 0, 1, 0] 
 [0, 0, 0, 1, 0] 
 0.9973045822102425 

FourValues
 43 
 [0, 0, 1, 0, 0] 
 [0, 0, 1, 0, 0] 
 1.0 

FourValues
 43 
 [0, 1, 0, 0, 0] 
 [0, 1, 0, 0, 0] 
 0.9881796690307328 

FourValues
 43 
 [0, 1, 1, 1, 1] 
 [1, 0, 0, 0, 0] 
 0.9237875288683602 

FourValues
 43 
 [1, 0, 0, 0, 0] 
 [1, 0, 0, 0, 0] 
 0.9976905311778291 

FourValues
 43 
 [1, 0, 1, 1, 1] 
 [0, 1, 0, 0, 0] 
 0.9361702127659575 

FourValues
 43 
 [1, 1, 0, 1, 1] 
 [0, 0, 1, 0, 0] 
 0.7873417721518987 

FourValues
 43 
 [1, 1, 1, 0, 1] 
 [0, 0, 0, 1, 0] 
 0.9110512129380054 

FourValues
 43 
 [1, 1, 1, 1, 0] 
 [0, 0, 0, 0, 1] 
 0.827027027027027 

FourValues
 43 
 [1, 1, 1, 1, 1] 
 [0, 0, 0, 0, 1] 
 0.972972972972973 

FourValues
 43 
 [1, 1, 1, 1, 1] 
 [0, 0, 0, 1, 0] 
 0.9703504043126685 

FourValues
 43 
 [1, 1, 1, 1, 1] 
 [0, 0, 1, 0, 0] 
 0.9544303797468354 

FourValues
 43 
 [1, 1, 1, 1, 1] 
 [0, 1, 0, 0, 0] 
 0.9692671394799054 

FourValues
 43 
 [1, 1, 1, 1, 1] 
 [1, 0, 0, 0, 0] 
 0.9907621247113164 

DataShapley
 44 
 [4] 
 [1, 1, 1, 1, 1] 
 0.7941767068273092 

DataShapley
 44 
 [4, 0] 
 [1, 1, 1, 1, 1] 
 0.8694779116465864 

DataShapley
 44 
 [4, 0, 2] 
 [1, 1, 1, 1, 1] 
 0.9538152610441767 

DataShapley
 44 
 [4, 0, 2, 3] 
 [1, 1, 1, 1, 1] 
 0.9658634538152611 

DataShapley
 44 
 [4, 0, 2, 3, 1] 
 [1, 1, 1, 1, 1] 
 0.9703815261044176 

FourValues
 44 
 [0, 0, 0, 0, 1] 
 [0, 0, 0, 0, 1] 
 0.9972972972972973 

FourValues
 44 
 [0, 0, 0, 1, 0] 
 [0, 0, 0, 1, 0] 
 0.9973045822102425 

FourValues
 44 
 [0, 0, 1, 0, 0] 
 [0, 0, 1, 0, 0] 
 1.0 

FourValues
 44 
 [0, 1, 0, 0, 0] 
 [0, 1, 0, 0, 0] 
 0.9905437352245863 

FourValues
 44 
 [0, 1, 1, 1, 1] 
 [1, 0, 0, 0, 0] 
 0.9284064665127021 

FourValues
 44 
 [1, 0, 0, 0, 0] 
 [1, 0, 0, 0, 0] 
 0.9976905311778291 

FourValues
 44 
 [1, 0, 1, 1, 1] 
 [0, 1, 0, 0, 0] 
 0.9267139479905437 

FourValues
 44 
 [1, 1, 0, 1, 1] 
 [0, 0, 1, 0, 0] 
 0.7417721518987341 

FourValues
 44 
 [1, 1, 1, 0, 1] 
 [0, 0, 0, 1, 0] 
 0.9407008086253369 

FourValues
 44 
 [1, 1, 1, 1, 0] 
 [0, 0, 0, 0, 1] 
 0.827027027027027 

FourValues
 44 
 [1, 1, 1, 1, 1] 
 [0, 0, 0, 0, 1] 
 0.9567567567567568 

FourValues
 44 
 [1, 1, 1, 1, 1] 
 [0, 0, 0, 1, 0] 
 0.9784366576819407 

FourValues
 44 
 [1, 1, 1, 1, 1] 
 [0, 0, 1, 0, 0] 
 0.959493670886076 

FourValues
 44 
 [1, 1, 1, 1, 1] 
 [0, 1, 0, 0, 0] 
 0.966903073286052 

FourValues
 44 
 [1, 1, 1, 1, 1] 
 [1, 0, 0, 0, 0] 
 0.9884526558891455 

DataShapley
 45 
 [4] 
 [1, 1, 1, 1, 1] 
 0.7033132530120482 

DataShapley
 45 
 [4, 0] 
 [1, 1, 1, 1, 1] 
 0.8835341365461847 

DataShapley
 45 
 [4, 0, 3] 
 [1, 1, 1, 1, 1] 
 0.9492971887550201 

DataShapley
 45 
 [4, 0, 3, 1] 
 [1, 1, 1, 1, 1] 
 0.9563253012048193 

DataShapley
 45 
 [4, 0, 3, 1, 2] 
 [1, 1, 1, 1, 1] 
 0.9668674698795181 

FourValues
 45 
 [0, 0, 0, 0, 1] 
 [0, 0, 0, 0, 1] 
 0.9972972972972973 

FourValues
 45 
 [0, 0, 0, 1, 0] 
 [0, 0, 0, 1, 0] 
 0.9973045822102425 

FourValues
 45 
 [0, 0, 1, 0, 0] 
 [0, 0, 1, 0, 0] 
 1.0 

FourValues
 45 
 [0, 1, 0, 0, 0] 
 [0, 1, 0, 0, 0] 
 0.9905437352245863 

FourValues
 45 
 [0, 1, 1, 1, 1] 
 [1, 0, 0, 0, 0] 
 0.9145496535796767 

FourValues
 45 
 [1, 0, 0, 0, 0] 
 [1, 0, 0, 0, 0] 
 0.9976905311778291 

FourValues
 45 
 [1, 0, 1, 1, 1] 
 [0, 1, 0, 0, 0] 
 0.933806146572104 

FourValues
 45 
 [1, 1, 0, 1, 1] 
 [0, 0, 1, 0, 0] 
 0.8607594936708861 

FourValues
 45 
 [1, 1, 1, 0, 1] 
 [0, 0, 0, 1, 0] 
 0.9460916442048517 

FourValues
 45 
 [1, 1, 1, 1, 0] 
 [0, 0, 0, 0, 1] 
 0.7405405405405405 

FourValues
 45 
 [1, 1, 1, 1, 1] 
 [0, 0, 0, 0, 1] 
 0.9351351351351351 

FourValues
 45 
 [1, 1, 1, 1, 1] 
 [0, 0, 0, 1, 0] 
 0.9757412398921833 

FourValues
 45 
 [1, 1, 1, 1, 1] 
 [0, 0, 1, 0, 0] 
 0.9620253164556962 

FourValues
 45 
 [1, 1, 1, 1, 1] 
 [0, 1, 0, 0, 0] 
 0.9645390070921985 

FourValues
 45 
 [1, 1, 1, 1, 1] 
 [1, 0, 0, 0, 0] 
 0.9930715935334873 

DataShapley
 46 
 [2] 
 [1, 1, 1, 1, 1] 
 0.626004016064257 

DataShapley
 46 
 [2, 1] 
 [1, 1, 1, 1, 1] 
 0.8579317269076305 

DataShapley
 46 
 [2, 1, 3] 
 [1, 1, 1, 1, 1] 
 0.9171686746987951 

DataShapley
 46 
 [2, 1, 3, 0] 
 [1, 1, 1, 1, 1] 
 0.9417670682730924 

DataShapley
 46 
 [2, 1, 3, 0, 4] 
 [1, 1, 1, 1, 1] 
 0.9673694779116466 

FourValues
 46 
 [0, 0, 0, 0, 1] 
 [0, 0, 0, 0, 1] 
 1.0 

FourValues
 46 
 [0, 0, 0, 1, 0] 
 [0, 0, 0, 1, 0] 
 0.9973045822102425 

FourValues
 46 
 [0, 0, 1, 0, 0] 
 [0, 0, 1, 0, 0] 
 1.0 

FourValues
 46 
 [0, 1, 0, 0, 0] 
 [0, 1, 0, 0, 0] 
 0.9929078014184397 

FourValues
 46 
 [0, 1, 1, 1, 1] 
 [1, 0, 0, 0, 0] 
 0.9676674364896074 

FourValues
 46 
 [1, 0, 0, 0, 0] 
 [1, 0, 0, 0, 0] 
 0.9976905311778291 

FourValues
 46 
 [1, 0, 1, 1, 1] 
 [0, 1, 0, 0, 0] 
 0.9054373522458629 

FourValues
 46 
 [1, 1, 0, 1, 1] 
 [0, 0, 1, 0, 0] 
 0.8126582278481013 

FourValues
 46 
 [1, 1, 1, 0, 1] 
 [0, 0, 0, 1, 0] 
 0.9272237196765498 

FourValues
 46 
 [1, 1, 1, 1, 0] 
 [0, 0, 0, 0, 1] 
 0.7918918918918919 

FourValues
 46 
 [1, 1, 1, 1, 1] 
 [0, 0, 0, 0, 1] 
 0.9486486486486486 

FourValues
 46 
 [1, 1, 1, 1, 1] 
 [0, 0, 0, 1, 0] 
 0.9703504043126685 

FourValues
 46 
 [1, 1, 1, 1, 1] 
 [0, 0, 1, 0, 0] 
 0.9620253164556962 

FourValues
 46 
 [1, 1, 1, 1, 1] 
 [0, 1, 0, 0, 0] 
 0.9574468085106383 

FourValues
 46 
 [1, 1, 1, 1, 1] 
 [1, 0, 0, 0, 0] 
 0.9953810623556582 

DataShapley
 47 
 [2] 
 [1, 1, 1, 1, 1] 
 0.626004016064257 

DataShapley
 47 
 [2, 4] 
 [1, 1, 1, 1, 1] 
 0.8820281124497992 

DataShapley
 47 
 [2, 4, 1] 
 [1, 1, 1, 1, 1] 
 0.9432730923694779 

DataShapley
 47 
 [2, 4, 1, 0] 
 [1, 1, 1, 1, 1] 
 0.9683734939759037 

DataShapley
 47 
 [2, 4, 1, 0, 3] 
 [1, 1, 1, 1, 1] 
 0.9683734939759037 

FourValues
 47 
 [0, 0, 0, 0, 1] 
 [0, 0, 0, 0, 1] 
 0.9972972972972973 

FourValues
 47 
 [0, 0, 0, 1, 0] 
 [0, 0, 0, 1, 0] 
 0.9973045822102425 

FourValues
 47 
 [0, 0, 1, 0, 0] 
 [0, 0, 1, 0, 0] 
 1.0 

FourValues
 47 
 [0, 1, 0, 0, 0] 
 [0, 1, 0, 0, 0] 
 0.9905437352245863 

FourValues
 47 
 [0, 1, 1, 1, 1] 
 [1, 0, 0, 0, 0] 
 0.9260969976905312 

FourValues
 47 
 [1, 0, 0, 0, 0] 
 [1, 0, 0, 0, 0] 
 0.9976905311778291 

FourValues
 47 
 [1, 0, 1, 1, 1] 
 [0, 1, 0, 0, 0] 
 0.9290780141843972 

FourValues
 47 
 [1, 1, 0, 1, 1] 
 [0, 0, 1, 0, 0] 
 0.8759493670886076 

FourValues
 47 
 [1, 1, 1, 0, 1] 
 [0, 0, 0, 1, 0] 
 0.9460916442048517 

FourValues
 47 
 [1, 1, 1, 1, 0] 
 [0, 0, 0, 0, 1] 
 0.7351351351351352 

FourValues
 47 
 [1, 1, 1, 1, 1] 
 [0, 0, 0, 0, 1] 
 0.9405405405405406 

FourValues
 47 
 [1, 1, 1, 1, 1] 
 [0, 0, 0, 1, 0] 
 0.9811320754716981 

FourValues
 47 
 [1, 1, 1, 1, 1] 
 [0, 0, 1, 0, 0] 
 0.9670886075949368 

FourValues
 47 
 [1, 1, 1, 1, 1] 
 [0, 1, 0, 0, 0] 
 0.9645390070921985 

FourValues
 47 
 [1, 1, 1, 1, 1] 
 [1, 0, 0, 0, 0] 
 0.9861431870669746 

DataShapley
 48 
 [4] 
 [1, 1, 1, 1, 1] 
 0.7735943775100401 

DataShapley
 48 
 [4, 1] 
 [1, 1, 1, 1, 1] 
 0.786144578313253 

DataShapley
 48 
 [4, 1, 3] 
 [1, 1, 1, 1, 1] 
 0.9262048192771084 

DataShapley
 48 
 [4, 1, 3, 0] 
 [1, 1, 1, 1, 1] 
 0.9573293172690763 

DataShapley
 48 
 [4, 1, 3, 0, 2] 
 [1, 1, 1, 1, 1] 
 0.9698795180722891 

FourValues
 48 
 [0, 0, 0, 0, 1] 
 [0, 0, 0, 0, 1] 
 1.0 

FourValues
 48 
 [0, 0, 0, 1, 0] 
 [0, 0, 0, 1, 0] 
 0.9973045822102425 

FourValues
 48 
 [0, 0, 1, 0, 0] 
 [0, 0, 1, 0, 0] 
 0.9974683544303797 

FourValues
 48 
 [0, 1, 0, 0, 0] 
 [0, 1, 0, 0, 0] 
 0.9905437352245863 

FourValues
 48 
 [0, 1, 1, 1, 1] 
 [1, 0, 0, 0, 0] 
 0.9630484988452656 

FourValues
 48 
 [1, 0, 0, 0, 0] 
 [1, 0, 0, 0, 0] 
 0.9976905311778291 

FourValues
 48 
 [1, 0, 1, 1, 1] 
 [0, 1, 0, 0, 0] 
 0.8888888888888888 

FourValues
 48 
 [1, 1, 0, 1, 1] 
 [0, 0, 1, 0, 0] 
 0.8708860759493671 

FourValues
 48 
 [1, 1, 1, 0, 1] 
 [0, 0, 0, 1, 0] 
 0.9272237196765498 

FourValues
 48 
 [1, 1, 1, 1, 0] 
 [0, 0, 0, 0, 1] 
 0.7945945945945946 

FourValues
 48 
 [1, 1, 1, 1, 1] 
 [0, 0, 0, 0, 1] 
 0.9432432432432433 

FourValues
 48 
 [1, 1, 1, 1, 1] 
 [0, 0, 0, 1, 0] 
 0.9757412398921833 

FourValues
 48 
 [1, 1, 1, 1, 1] 
 [0, 0, 1, 0, 0] 
 0.9670886075949368 

FourValues
 48 
 [1, 1, 1, 1, 1] 
 [0, 1, 0, 0, 0] 
 0.9645390070921985 

FourValues
 48 
 [1, 1, 1, 1, 1] 
 [1, 0, 0, 0, 0] 
 0.9953810623556582 

DataShapley
 49 
 [3] 
 [1, 1, 1, 1, 1] 
 0.6802208835341366 

DataShapley
 49 
 [3, 4] 
 [1, 1, 1, 1, 1] 
 0.8704819277108434 

DataShapley
 49 
 [3, 4, 0] 
 [1, 1, 1, 1, 1] 
 0.8970883534136547 

DataShapley
 49 
 [3, 4, 0, 2] 
 [1, 1, 1, 1, 1] 
 0.9653614457831325 

DataShapley
 49 
 [3, 4, 0, 2, 1] 
 [1, 1, 1, 1, 1] 
 0.9708835341365462 

FourValues
 49 
 [0, 0, 0, 0, 1] 
 [0, 0, 0, 0, 1] 
 1.0 

FourValues
 49 
 [0, 0, 0, 1, 0] 
 [0, 0, 0, 1, 0] 
 0.9973045822102425 

FourValues
 49 
 [0, 0, 1, 0, 0] 
 [0, 0, 1, 0, 0] 
 1.0 

FourValues
 49 
 [0, 1, 0, 0, 0] 
 [0, 1, 0, 0, 0] 
 0.9905437352245863 

FourValues
 49 
 [0, 1, 1, 1, 1] 
 [1, 0, 0, 0, 0] 
 0.9745958429561201 

FourValues
 49 
 [1, 0, 0, 0, 0] 
 [1, 0, 0, 0, 0] 
 0.9976905311778291 

FourValues
 49 
 [1, 0, 1, 1, 1] 
 [0, 1, 0, 0, 0] 
 0.9125295508274232 

FourValues
 49 
 [1, 1, 0, 1, 1] 
 [0, 0, 1, 0, 0] 
 0.6582278481012658 

FourValues
 49 
 [1, 1, 1, 0, 1] 
 [0, 0, 0, 1, 0] 
 0.9353099730458221 

FourValues
 49 
 [1, 1, 1, 1, 0] 
 [0, 0, 0, 0, 1] 
 0.8540540540540541 

FourValues
 49 
 [1, 1, 1, 1, 1] 
 [0, 0, 0, 0, 1] 
 0.9837837837837838 

FourValues
 49 
 [1, 1, 1, 1, 1] 
 [0, 0, 0, 1, 0] 
 0.9757412398921833 

FourValues
 49 
 [1, 1, 1, 1, 1] 
 [0, 0, 1, 0, 0] 
 0.9316455696202531 

FourValues
 49 
 [1, 1, 1, 1, 1] 
 [0, 1, 0, 0, 0] 
 0.966903073286052 

FourValues
 49 
 [1, 1, 1, 1, 1] 
 [1, 0, 0, 0, 0] 
 0.9953810623556582 

