
Experimental details:
    Model     : cnn
    Optimizer : sgd
    Learning  : 0.01
    Global Rounds   : 50

    Federated parameters:
    Non-IID
    Fraction of users  : 0.1
    Local Batch size   : 10
    Local Epochs       : 1

DataShapley
 0 
 [1] 
 [1, 1, 1, 1, 1] 
 0.7051 

DataShapley
 0 
 [1, 4] 
 [1, 1, 1, 1, 1] 
 0.7239 

DataShapley
 0 
 [1, 4, 2] 
 [1, 1, 1, 1, 1] 
 0.7251 

DataShapley
 0 
 [1, 4, 2, 3] 
 [1, 1, 1, 1, 1] 
 0.7262 

DataShapley
 0 
 [1, 4, 2, 3, 0] 
 [1, 1, 1, 1, 1] 
 0.7289 

FourValues
 0 
 [0, 0, 0, 0, 1] 
 [0, 0, 0, 0, 1] 
 0.7177083333333333 

FourValues
 0 
 [0, 0, 0, 1, 0] 
 [0, 0, 0, 1, 0] 
 0.6596074380165289 

FourValues
 0 
 [0, 0, 1, 0, 0] 
 [0, 0, 1, 0, 0] 
 0.7197265625 

FourValues
 0 
 [0, 1, 0, 0, 0] 
 [0, 1, 0, 0, 0] 
 0.7158203125 

FourValues
 0 
 [0, 1, 1, 1, 1] 
 [1, 0, 0, 0, 0] 
 0.72705078125 

FourValues
 0 
 [1, 0, 0, 0, 0] 
 [1, 0, 0, 0, 0] 
 0.69580078125 

FourValues
 0 
 [1, 0, 1, 1, 1] 
 [0, 1, 0, 0, 0] 
 0.73388671875 

FourValues
 0 
 [1, 1, 0, 1, 1] 
 [0, 0, 1, 0, 0] 
 0.72216796875 

FourValues
 0 
 [1, 1, 1, 0, 1] 
 [0, 0, 0, 1, 0] 
 0.7288223140495868 

FourValues
 0 
 [1, 1, 1, 1, 0] 
 [0, 0, 0, 0, 1] 
 0.7255208333333333 

FourValues
 0 
 [1, 1, 1, 1, 1] 
 [0, 0, 0, 0, 1] 
 0.7291666666666666 

FourValues
 0 
 [1, 1, 1, 1, 1] 
 [0, 0, 0, 1, 0] 
 0.7262396694214877 

FourValues
 0 
 [1, 1, 1, 1, 1] 
 [0, 0, 1, 0, 0] 
 0.724609375 

FourValues
 0 
 [1, 1, 1, 1, 1] 
 [0, 1, 0, 0, 0] 
 0.73388671875 

FourValues
 0 
 [1, 1, 1, 1, 1] 
 [1, 0, 0, 0, 0] 
 0.73046875 

DataShapley
 1 
 [0] 
 [1, 1, 1, 1, 1] 
 0.7534 

DataShapley
 1 
 [0, 1] 
 [1, 1, 1, 1, 1] 
 0.7575 

DataShapley
 1 
 [0, 1, 2] 
 [1, 1, 1, 1, 1] 
 0.7563 

DataShapley
 1 
 [0, 1, 2, 4] 
 [1, 1, 1, 1, 1] 
 0.7586 

DataShapley
 1 
 [0, 1, 2, 4, 3] 
 [1, 1, 1, 1, 1] 
 0.7576 

FourValues
 1 
 [0, 0, 0, 0, 1] 
 [0, 0, 0, 0, 1] 
 0.7614583333333333 

FourValues
 1 
 [0, 0, 0, 1, 0] 
 [0, 0, 0, 1, 0] 
 0.7448347107438017 

FourValues
 1 
 [0, 0, 1, 0, 0] 
 [0, 0, 1, 0, 0] 
 0.73681640625 

FourValues
 1 
 [0, 1, 0, 0, 0] 
 [0, 1, 0, 0, 0] 
 0.75048828125 

FourValues
 1 
 [0, 1, 1, 1, 1] 
 [1, 0, 0, 0, 0] 
 0.75927734375 

FourValues
 1 
 [1, 0, 0, 0, 0] 
 [1, 0, 0, 0, 0] 
 0.75634765625 

FourValues
 1 
 [1, 0, 1, 1, 1] 
 [0, 1, 0, 0, 0] 
 0.7607421875 

FourValues
 1 
 [1, 1, 0, 1, 1] 
 [0, 0, 1, 0, 0] 
 0.75048828125 

FourValues
 1 
 [1, 1, 1, 0, 1] 
 [0, 0, 0, 1, 0] 
 0.7520661157024794 

FourValues
 1 
 [1, 1, 1, 1, 0] 
 [0, 0, 0, 0, 1] 
 0.7640625 

FourValues
 1 
 [1, 1, 1, 1, 1] 
 [0, 0, 0, 0, 1] 
 0.7651041666666667 

FourValues
 1 
 [1, 1, 1, 1, 1] 
 [0, 0, 0, 1, 0] 
 0.7525826446280992 

FourValues
 1 
 [1, 1, 1, 1, 1] 
 [0, 0, 1, 0, 0] 
 0.748046875 

FourValues
 1 
 [1, 1, 1, 1, 1] 
 [0, 1, 0, 0, 0] 
 0.76171875 

FourValues
 1 
 [1, 1, 1, 1, 1] 
 [1, 0, 0, 0, 0] 
 0.7607421875 

DataShapley
 2 
 [1] 
 [1, 1, 1, 1, 1] 
 0.7599 

DataShapley
 2 
 [1, 0] 
 [1, 1, 1, 1, 1] 
 0.766 

DataShapley
 2 
 [1, 0, 3] 
 [1, 1, 1, 1, 1] 
 0.7677 

DataShapley
 2 
 [1, 0, 3, 4] 
 [1, 1, 1, 1, 1] 
 0.7679 

DataShapley
 2 
 [1, 0, 3, 4, 2] 
 [1, 1, 1, 1, 1] 
 0.768 

FourValues
 2 
 [0, 0, 0, 0, 1] 
 [0, 0, 0, 0, 1] 
 0.7598958333333333 

FourValues
 2 
 [0, 0, 0, 1, 0] 
 [0, 0, 0, 1, 0] 
 0.7525826446280992 

FourValues
 2 
 [0, 0, 1, 0, 0] 
 [0, 0, 1, 0, 0] 
 0.7431640625 

FourValues
 2 
 [0, 1, 0, 0, 0] 
 [0, 1, 0, 0, 0] 
 0.767578125 

FourValues
 2 
 [0, 1, 1, 1, 1] 
 [1, 0, 0, 0, 0] 
 0.7724609375 

FourValues
 2 
 [1, 0, 0, 0, 0] 
 [1, 0, 0, 0, 0] 
 0.76318359375 

FourValues
 2 
 [1, 0, 1, 1, 1] 
 [0, 1, 0, 0, 0] 
 0.7705078125 

FourValues
 2 
 [1, 1, 0, 1, 1] 
 [0, 0, 1, 0, 0] 
 0.7587890625 

FourValues
 2 
 [1, 1, 1, 0, 1] 
 [0, 0, 0, 1, 0] 
 0.7592975206611571 

FourValues
 2 
 [1, 1, 1, 1, 0] 
 [0, 0, 0, 0, 1] 
 0.7692708333333333 

FourValues
 2 
 [1, 1, 1, 1, 1] 
 [0, 0, 0, 0, 1] 
 0.7723958333333333 

FourValues
 2 
 [1, 1, 1, 1, 1] 
 [0, 0, 0, 1, 0] 
 0.7608471074380165 

FourValues
 2 
 [1, 1, 1, 1, 1] 
 [0, 0, 1, 0, 0] 
 0.75927734375 

FourValues
 2 
 [1, 1, 1, 1, 1] 
 [0, 1, 0, 0, 0] 
 0.77197265625 

FourValues
 2 
 [1, 1, 1, 1, 1] 
 [1, 0, 0, 0, 0] 
 0.775390625 

DataShapley
 3 
 [1] 
 [1, 1, 1, 1, 1] 
 0.7636 

DataShapley
 3 
 [1, 3] 
 [1, 1, 1, 1, 1] 
 0.7687 

DataShapley
 3 
 [1, 3, 0] 
 [1, 1, 1, 1, 1] 
 0.77 

DataShapley
 3 
 [1, 3, 0, 4] 
 [1, 1, 1, 1, 1] 
 0.7686 

DataShapley
 3 
 [1, 3, 0, 4, 2] 
 [1, 1, 1, 1, 1] 
 0.7696 

FourValues
 3 
 [0, 0, 0, 0, 1] 
 [0, 0, 0, 0, 1] 
 0.7671875 

FourValues
 3 
 [0, 0, 0, 1, 0] 
 [0, 0, 0, 1, 0] 
 0.7572314049586777 

FourValues
 3 
 [0, 0, 1, 0, 0] 
 [0, 0, 1, 0, 0] 
 0.76123046875 

FourValues
 3 
 [0, 1, 0, 0, 0] 
 [0, 1, 0, 0, 0] 
 0.77001953125 

FourValues
 3 
 [0, 1, 1, 1, 1] 
 [1, 0, 0, 0, 0] 
 0.77294921875 

FourValues
 3 
 [1, 0, 0, 0, 0] 
 [1, 0, 0, 0, 0] 
 0.77197265625 

FourValues
 3 
 [1, 0, 1, 1, 1] 
 [0, 1, 0, 0, 0] 
 0.77490234375 

FourValues
 3 
 [1, 1, 0, 1, 1] 
 [0, 0, 1, 0, 0] 
 0.7578125 

FourValues
 3 
 [1, 1, 1, 0, 1] 
 [0, 0, 0, 1, 0] 
 0.7613636363636364 

FourValues
 3 
 [1, 1, 1, 1, 0] 
 [0, 0, 0, 0, 1] 
 0.7739583333333333 

FourValues
 3 
 [1, 1, 1, 1, 1] 
 [0, 0, 0, 0, 1] 
 0.7723958333333333 

FourValues
 3 
 [1, 1, 1, 1, 1] 
 [0, 0, 0, 1, 0] 
 0.7660123966942148 

FourValues
 3 
 [1, 1, 1, 1, 1] 
 [0, 0, 1, 0, 0] 
 0.75927734375 

FourValues
 3 
 [1, 1, 1, 1, 1] 
 [0, 1, 0, 0, 0] 
 0.77587890625 

FourValues
 3 
 [1, 1, 1, 1, 1] 
 [1, 0, 0, 0, 0] 
 0.7744140625 

DataShapley
 4 
 [0] 
 [1, 1, 1, 1, 1] 
 0.7629 

DataShapley
 4 
 [0, 1] 
 [1, 1, 1, 1, 1] 
 0.7706 

DataShapley
 4 
 [0, 1, 3] 
 [1, 1, 1, 1, 1] 
 0.7726 

DataShapley
 4 
 [0, 1, 3, 4] 
 [1, 1, 1, 1, 1] 
 0.774 

DataShapley
 4 
 [0, 1, 3, 4, 2] 
 [1, 1, 1, 1, 1] 
 0.7735 

FourValues
 4 
 [0, 0, 0, 0, 1] 
 [0, 0, 0, 0, 1] 
 0.7708333333333334 

FourValues
 4 
 [0, 0, 0, 1, 0] 
 [0, 0, 0, 1, 0] 
 0.7680785123966942 

FourValues
 4 
 [0, 0, 1, 0, 0] 
 [0, 0, 1, 0, 0] 
 0.759765625 

FourValues
 4 
 [0, 1, 0, 0, 0] 
 [0, 1, 0, 0, 0] 
 0.77734375 

FourValues
 4 
 [0, 1, 1, 1, 1] 
 [1, 0, 0, 0, 0] 
 0.77880859375 

FourValues
 4 
 [1, 0, 0, 0, 0] 
 [1, 0, 0, 0, 0] 
 0.76708984375 

FourValues
 4 
 [1, 0, 1, 1, 1] 
 [0, 1, 0, 0, 0] 
 0.78173828125 

FourValues
 4 
 [1, 1, 0, 1, 1] 
 [0, 0, 1, 0, 0] 
 0.76611328125 

FourValues
 4 
 [1, 1, 1, 0, 1] 
 [0, 0, 0, 1, 0] 
 0.7665289256198347 

FourValues
 4 
 [1, 1, 1, 1, 0] 
 [0, 0, 0, 0, 1] 
 0.7755208333333333 

FourValues
 4 
 [1, 1, 1, 1, 1] 
 [0, 0, 0, 0, 1] 
 0.7765625 

FourValues
 4 
 [1, 1, 1, 1, 1] 
 [0, 0, 0, 1, 0] 
 0.7680785123966942 

FourValues
 4 
 [1, 1, 1, 1, 1] 
 [0, 0, 1, 0, 0] 
 0.763671875 

FourValues
 4 
 [1, 1, 1, 1, 1] 
 [0, 1, 0, 0, 0] 
 0.78125 

FourValues
 4 
 [1, 1, 1, 1, 1] 
 [1, 0, 0, 0, 0] 
 0.77783203125 

DataShapley
 5 
 [0] 
 [1, 1, 1, 1, 1] 
 0.7722 

DataShapley
 5 
 [0, 4] 
 [1, 1, 1, 1, 1] 
 0.7731 

DataShapley
 5 
 [0, 4, 1] 
 [1, 1, 1, 1, 1] 
 0.7746 

DataShapley
 5 
 [0, 4, 1, 3] 
 [1, 1, 1, 1, 1] 
 0.7746 

DataShapley
 5 
 [0, 4, 1, 3, 2] 
 [1, 1, 1, 1, 1] 
 0.7747 

FourValues
 5 
 [0, 0, 0, 0, 1] 
 [0, 0, 0, 0, 1] 
 0.7729166666666667 

FourValues
 5 
 [0, 0, 0, 1, 0] 
 [0, 0, 0, 1, 0] 
 0.7660123966942148 

FourValues
 5 
 [0, 0, 1, 0, 0] 
 [0, 0, 1, 0, 0] 
 0.75830078125 

FourValues
 5 
 [0, 1, 0, 0, 0] 
 [0, 1, 0, 0, 0] 
 0.779296875 

FourValues
 5 
 [0, 1, 1, 1, 1] 
 [1, 0, 0, 0, 0] 
 0.77490234375 

FourValues
 5 
 [1, 0, 0, 0, 0] 
 [1, 0, 0, 0, 0] 
 0.7724609375 

FourValues
 5 
 [1, 0, 1, 1, 1] 
 [0, 1, 0, 0, 0] 
 0.7822265625 

FourValues
 5 
 [1, 1, 0, 1, 1] 
 [0, 0, 1, 0, 0] 
 0.76416015625 

FourValues
 5 
 [1, 1, 1, 0, 1] 
 [0, 0, 0, 1, 0] 
 0.7680785123966942 

FourValues
 5 
 [1, 1, 1, 1, 0] 
 [0, 0, 0, 0, 1] 
 0.7760416666666666 

FourValues
 5 
 [1, 1, 1, 1, 1] 
 [0, 0, 0, 0, 1] 
 0.778125 

FourValues
 5 
 [1, 1, 1, 1, 1] 
 [0, 0, 0, 1, 0] 
 0.7706611570247934 

FourValues
 5 
 [1, 1, 1, 1, 1] 
 [0, 0, 1, 0, 0] 
 0.76416015625 

FourValues
 5 
 [1, 1, 1, 1, 1] 
 [0, 1, 0, 0, 0] 
 0.78369140625 

FourValues
 5 
 [1, 1, 1, 1, 1] 
 [1, 0, 0, 0, 0] 
 0.77685546875 

DataShapley
 6 
 [2] 
 [1, 1, 1, 1, 1] 
 0.7745 

DataShapley
 6 
 [2, 1] 
 [1, 1, 1, 1, 1] 
 0.7776 

DataShapley
 6 
 [2, 1, 0] 
 [1, 1, 1, 1, 1] 
 0.778 

DataShapley
 6 
 [2, 1, 0, 4] 
 [1, 1, 1, 1, 1] 
 0.7784 

DataShapley
 6 
 [2, 1, 0, 4, 3] 
 [1, 1, 1, 1, 1] 
 0.7775 

FourValues
 6 
 [0, 0, 0, 0, 1] 
 [0, 0, 0, 0, 1] 
 0.7755208333333333 

FourValues
 6 
 [0, 0, 0, 1, 0] 
 [0, 0, 0, 1, 0] 
 0.7675619834710744 

FourValues
 6 
 [0, 0, 1, 0, 0] 
 [0, 0, 1, 0, 0] 
 0.76025390625 

FourValues
 6 
 [0, 1, 0, 0, 0] 
 [0, 1, 0, 0, 0] 
 0.7802734375 

FourValues
 6 
 [0, 1, 1, 1, 1] 
 [1, 0, 0, 0, 0] 
 0.78125 

FourValues
 6 
 [1, 0, 0, 0, 0] 
 [1, 0, 0, 0, 0] 
 0.77783203125 

FourValues
 6 
 [1, 0, 1, 1, 1] 
 [0, 1, 0, 0, 0] 
 0.7880859375 

FourValues
 6 
 [1, 1, 0, 1, 1] 
 [0, 0, 1, 0, 0] 
 0.76806640625 

FourValues
 6 
 [1, 1, 1, 0, 1] 
 [0, 0, 0, 1, 0] 
 0.7722107438016529 

FourValues
 6 
 [1, 1, 1, 1, 0] 
 [0, 0, 0, 0, 1] 
 0.7791666666666667 

FourValues
 6 
 [1, 1, 1, 1, 1] 
 [0, 0, 0, 0, 1] 
 0.7802083333333333 

FourValues
 6 
 [1, 1, 1, 1, 1] 
 [0, 0, 0, 1, 0] 
 0.7716942148760331 

FourValues
 6 
 [1, 1, 1, 1, 1] 
 [0, 0, 1, 0, 0] 
 0.76806640625 

FourValues
 6 
 [1, 1, 1, 1, 1] 
 [0, 1, 0, 0, 0] 
 0.7880859375 

FourValues
 6 
 [1, 1, 1, 1, 1] 
 [1, 0, 0, 0, 0] 
 0.779296875 

DataShapley
 7 
 [1] 
 [1, 1, 1, 1, 1] 
 0.7771 

DataShapley
 7 
 [1, 4] 
 [1, 1, 1, 1, 1] 
 0.7781 

DataShapley
 7 
 [1, 4, 0] 
 [1, 1, 1, 1, 1] 
 0.7785 

DataShapley
 7 
 [1, 4, 0, 3] 
 [1, 1, 1, 1, 1] 
 0.7793 

DataShapley
 7 
 [1, 4, 0, 3, 2] 
 [1, 1, 1, 1, 1] 
 0.7795 

FourValues
 7 
 [0, 0, 0, 0, 1] 
 [0, 0, 0, 0, 1] 
 0.778125 

FourValues
 7 
 [0, 0, 0, 1, 0] 
 [0, 0, 0, 1, 0] 
 0.7706611570247934 

FourValues
 7 
 [0, 0, 1, 0, 0] 
 [0, 0, 1, 0, 0] 
 0.76318359375 

FourValues
 7 
 [0, 1, 0, 0, 0] 
 [0, 1, 0, 0, 0] 
 0.78466796875 

FourValues
 7 
 [0, 1, 1, 1, 1] 
 [1, 0, 0, 0, 0] 
 0.78173828125 

FourValues
 7 
 [1, 0, 0, 0, 0] 
 [1, 0, 0, 0, 0] 
 0.77978515625 

FourValues
 7 
 [1, 0, 1, 1, 1] 
 [0, 1, 0, 0, 0] 
 0.7900390625 

FourValues
 7 
 [1, 1, 0, 1, 1] 
 [0, 0, 1, 0, 0] 
 0.76904296875 

FourValues
 7 
 [1, 1, 1, 0, 1] 
 [0, 0, 0, 1, 0] 
 0.7732438016528925 

FourValues
 7 
 [1, 1, 1, 1, 0] 
 [0, 0, 0, 0, 1] 
 0.7822916666666667 

FourValues
 7 
 [1, 1, 1, 1, 1] 
 [0, 0, 0, 0, 1] 
 0.7817708333333333 

FourValues
 7 
 [1, 1, 1, 1, 1] 
 [0, 0, 0, 1, 0] 
 0.7742768595041323 

FourValues
 7 
 [1, 1, 1, 1, 1] 
 [0, 0, 1, 0, 0] 
 0.77001953125 

FourValues
 7 
 [1, 1, 1, 1, 1] 
 [0, 1, 0, 0, 0] 
 0.78955078125 

FourValues
 7 
 [1, 1, 1, 1, 1] 
 [1, 0, 0, 0, 0] 
 0.78173828125 

DataShapley
 8 
 [2] 
 [1, 1, 1, 1, 1] 
 0.7689 

DataShapley
 8 
 [2, 0] 
 [1, 1, 1, 1, 1] 
 0.773 

DataShapley
 8 
 [2, 0, 3] 
 [1, 1, 1, 1, 1] 
 0.7785 

DataShapley
 8 
 [2, 0, 3, 1] 
 [1, 1, 1, 1, 1] 
 0.779 

DataShapley
 8 
 [2, 0, 3, 1, 4] 
 [1, 1, 1, 1, 1] 
 0.779 

FourValues
 8 
 [0, 0, 0, 0, 1] 
 [0, 0, 0, 0, 1] 
 0.7786458333333334 

FourValues
 8 
 [0, 0, 0, 1, 0] 
 [0, 0, 0, 1, 0] 
 0.7716942148760331 

FourValues
 8 
 [0, 0, 1, 0, 0] 
 [0, 0, 1, 0, 0] 
 0.7578125 

FourValues
 8 
 [0, 1, 0, 0, 0] 
 [0, 1, 0, 0, 0] 
 0.7900390625 

FourValues
 8 
 [0, 1, 1, 1, 1] 
 [1, 0, 0, 0, 0] 
 0.78271484375 

FourValues
 8 
 [1, 0, 0, 0, 0] 
 [1, 0, 0, 0, 0] 
 0.77587890625 

FourValues
 8 
 [1, 0, 1, 1, 1] 
 [0, 1, 0, 0, 0] 
 0.7890625 

FourValues
 8 
 [1, 1, 0, 1, 1] 
 [0, 0, 1, 0, 0] 
 0.77197265625 

FourValues
 8 
 [1, 1, 1, 0, 1] 
 [0, 0, 0, 1, 0] 
 0.7737603305785123 

FourValues
 8 
 [1, 1, 1, 1, 0] 
 [0, 0, 0, 0, 1] 
 0.7802083333333333 

FourValues
 8 
 [1, 1, 1, 1, 1] 
 [0, 0, 0, 0, 1] 
 0.78125 

FourValues
 8 
 [1, 1, 1, 1, 1] 
 [0, 0, 0, 1, 0] 
 0.7732438016528925 

FourValues
 8 
 [1, 1, 1, 1, 1] 
 [0, 0, 1, 0, 0] 
 0.76953125 

FourValues
 8 
 [1, 1, 1, 1, 1] 
 [0, 1, 0, 0, 0] 
 0.78955078125 

FourValues
 8 
 [1, 1, 1, 1, 1] 
 [1, 0, 0, 0, 0] 
 0.78125 

DataShapley
 9 
 [3] 
 [1, 1, 1, 1, 1] 
 0.7777 

DataShapley
 9 
 [3, 2] 
 [1, 1, 1, 1, 1] 
 0.7793 

DataShapley
 9 
 [3, 2, 0] 
 [1, 1, 1, 1, 1] 
 0.7797 

DataShapley
 9 
 [3, 2, 0, 4] 
 [1, 1, 1, 1, 1] 
 0.7799 

DataShapley
 9 
 [3, 2, 0, 4, 1] 
 [1, 1, 1, 1, 1] 
 0.7795 

FourValues
 9 
 [0, 0, 0, 0, 1] 
 [0, 0, 0, 0, 1] 
 0.778125 

FourValues
 9 
 [0, 0, 0, 1, 0] 
 [0, 0, 0, 1, 0] 
 0.7747933884297521 

FourValues
 9 
 [0, 0, 1, 0, 0] 
 [0, 0, 1, 0, 0] 
 0.76513671875 

FourValues
 9 
 [0, 1, 0, 0, 0] 
 [0, 1, 0, 0, 0] 
 0.7822265625 

FourValues
 9 
 [0, 1, 1, 1, 1] 
 [1, 0, 0, 0, 0] 
 0.7822265625 

FourValues
 9 
 [1, 0, 0, 0, 0] 
 [1, 0, 0, 0, 0] 
 0.77734375 

FourValues
 9 
 [1, 0, 1, 1, 1] 
 [0, 1, 0, 0, 0] 
 0.7900390625 

FourValues
 9 
 [1, 1, 0, 1, 1] 
 [0, 0, 1, 0, 0] 
 0.771484375 

FourValues
 9 
 [1, 1, 1, 0, 1] 
 [0, 0, 0, 1, 0] 
 0.7747933884297521 

FourValues
 9 
 [1, 1, 1, 1, 0] 
 [0, 0, 0, 0, 1] 
 0.7796875 

FourValues
 9 
 [1, 1, 1, 1, 1] 
 [0, 0, 0, 0, 1] 
 0.78125 

FourValues
 9 
 [1, 1, 1, 1, 1] 
 [0, 0, 0, 1, 0] 
 0.7732438016528925 

FourValues
 9 
 [1, 1, 1, 1, 1] 
 [0, 0, 1, 0, 0] 
 0.77001953125 

FourValues
 9 
 [1, 1, 1, 1, 1] 
 [0, 1, 0, 0, 0] 
 0.7900390625 

FourValues
 9 
 [1, 1, 1, 1, 1] 
 [1, 0, 0, 0, 0] 
 0.78271484375 

DataShapley
 10 
 [1] 
 [1, 1, 1, 1, 1] 
 0.78 

DataShapley
 10 
 [1, 3] 
 [1, 1, 1, 1, 1] 
 0.78 

DataShapley
 10 
 [1, 3, 0] 
 [1, 1, 1, 1, 1] 
 0.7814 

DataShapley
 10 
 [1, 3, 0, 4] 
 [1, 1, 1, 1, 1] 
 0.7813 

DataShapley
 10 
 [1, 3, 0, 4, 2] 
 [1, 1, 1, 1, 1] 
 0.7808 

FourValues
 10 
 [0, 0, 0, 0, 1] 
 [0, 0, 0, 0, 1] 
 0.775 

FourValues
 10 
 [0, 0, 0, 1, 0] 
 [0, 0, 0, 1, 0] 
 0.7711776859504132 

FourValues
 10 
 [0, 0, 1, 0, 0] 
 [0, 0, 1, 0, 0] 
 0.77099609375 

FourValues
 10 
 [0, 1, 0, 0, 0] 
 [0, 1, 0, 0, 0] 
 0.79150390625 

FourValues
 10 
 [0, 1, 1, 1, 1] 
 [1, 0, 0, 0, 0] 
 0.7861328125 

FourValues
 10 
 [1, 0, 0, 0, 0] 
 [1, 0, 0, 0, 0] 
 0.779296875 

FourValues
 10 
 [1, 0, 1, 1, 1] 
 [0, 1, 0, 0, 0] 
 0.79150390625 

FourValues
 10 
 [1, 1, 0, 1, 1] 
 [0, 0, 1, 0, 0] 
 0.7724609375 

FourValues
 10 
 [1, 1, 1, 0, 1] 
 [0, 0, 0, 1, 0] 
 0.7742768595041323 

FourValues
 10 
 [1, 1, 1, 1, 0] 
 [0, 0, 0, 0, 1] 
 0.7817708333333333 

FourValues
 10 
 [1, 1, 1, 1, 1] 
 [0, 0, 0, 0, 1] 
 0.7817708333333333 

FourValues
 10 
 [1, 1, 1, 1, 1] 
 [0, 0, 0, 1, 0] 
 0.7742768595041323 

FourValues
 10 
 [1, 1, 1, 1, 1] 
 [0, 0, 1, 0, 0] 
 0.77294921875 

FourValues
 10 
 [1, 1, 1, 1, 1] 
 [0, 1, 0, 0, 0] 
 0.79052734375 

FourValues
 10 
 [1, 1, 1, 1, 1] 
 [1, 0, 0, 0, 0] 
 0.7841796875 

DataShapley
 11 
 [1] 
 [1, 1, 1, 1, 1] 
 0.7804 

DataShapley
 11 
 [1, 2] 
 [1, 1, 1, 1, 1] 
 0.7808 

DataShapley
 11 
 [1, 2, 0] 
 [1, 1, 1, 1, 1] 
 0.7813 

DataShapley
 11 
 [1, 2, 0, 4] 
 [1, 1, 1, 1, 1] 
 0.7812 

DataShapley
 11 
 [1, 2, 0, 4, 3] 
 [1, 1, 1, 1, 1] 
 0.7814 

FourValues
 11 
 [0, 0, 0, 0, 1] 
 [0, 0, 0, 0, 1] 
 0.7796875 

FourValues
 11 
 [0, 0, 0, 1, 0] 
 [0, 0, 0, 1, 0] 
 0.7727272727272727 

FourValues
 11 
 [0, 0, 1, 0, 0] 
 [0, 0, 1, 0, 0] 
 0.7685546875 

FourValues
 11 
 [0, 1, 0, 0, 0] 
 [0, 1, 0, 0, 0] 
 0.7861328125 

FourValues
 11 
 [0, 1, 1, 1, 1] 
 [1, 0, 0, 0, 0] 
 0.78515625 

FourValues
 11 
 [1, 0, 0, 0, 0] 
 [1, 0, 0, 0, 0] 
 0.783203125 

FourValues
 11 
 [1, 0, 1, 1, 1] 
 [0, 1, 0, 0, 0] 
 0.79150390625 

FourValues
 11 
 [1, 1, 0, 1, 1] 
 [0, 0, 1, 0, 0] 
 0.7724609375 

FourValues
 11 
 [1, 1, 1, 0, 1] 
 [0, 0, 0, 1, 0] 
 0.7763429752066116 

FourValues
 11 
 [1, 1, 1, 1, 0] 
 [0, 0, 0, 0, 1] 
 0.7822916666666667 

FourValues
 11 
 [1, 1, 1, 1, 1] 
 [0, 0, 0, 0, 1] 
 0.7817708333333333 

FourValues
 11 
 [1, 1, 1, 1, 1] 
 [0, 0, 0, 1, 0] 
 0.7758264462809917 

FourValues
 11 
 [1, 1, 1, 1, 1] 
 [0, 0, 1, 0, 0] 
 0.7724609375 

FourValues
 11 
 [1, 1, 1, 1, 1] 
 [0, 1, 0, 0, 0] 
 0.7919921875 

FourValues
 11 
 [1, 1, 1, 1, 1] 
 [1, 0, 0, 0, 0] 
 0.78466796875 

DataShapley
 12 
 [2] 
 [1, 1, 1, 1, 1] 
 0.7815 

DataShapley
 12 
 [2, 3] 
 [1, 1, 1, 1, 1] 
 0.7811 

DataShapley
 12 
 [2, 3, 1] 
 [1, 1, 1, 1, 1] 
 0.7824 

DataShapley
 12 
 [2, 3, 1, 0] 
 [1, 1, 1, 1, 1] 
 0.7827 

DataShapley
 12 
 [2, 3, 1, 0, 4] 
 [1, 1, 1, 1, 1] 
 0.7817 

FourValues
 12 
 [0, 0, 0, 0, 1] 
 [0, 0, 0, 0, 1] 
 0.7796875 

FourValues
 12 
 [0, 0, 0, 1, 0] 
 [0, 0, 0, 1, 0] 
 0.7716942148760331 

FourValues
 12 
 [0, 0, 1, 0, 0] 
 [0, 0, 1, 0, 0] 
 0.77197265625 

FourValues
 12 
 [0, 1, 0, 0, 0] 
 [0, 1, 0, 0, 0] 
 0.7890625 

FourValues
 12 
 [0, 1, 1, 1, 1] 
 [1, 0, 0, 0, 0] 
 0.78515625 

FourValues
 12 
 [1, 0, 0, 0, 0] 
 [1, 0, 0, 0, 0] 
 0.78271484375 

FourValues
 12 
 [1, 0, 1, 1, 1] 
 [0, 1, 0, 0, 0] 
 0.791015625 

FourValues
 12 
 [1, 1, 0, 1, 1] 
 [0, 0, 1, 0, 0] 
 0.77197265625 

FourValues
 12 
 [1, 1, 1, 0, 1] 
 [0, 0, 0, 1, 0] 
 0.7778925619834711 

FourValues
 12 
 [1, 1, 1, 1, 0] 
 [0, 0, 0, 0, 1] 
 0.7848958333333333 

FourValues
 12 
 [1, 1, 1, 1, 1] 
 [0, 0, 0, 0, 1] 
 0.7828125 

FourValues
 12 
 [1, 1, 1, 1, 1] 
 [0, 0, 0, 1, 0] 
 0.7763429752066116 

FourValues
 12 
 [1, 1, 1, 1, 1] 
 [0, 0, 1, 0, 0] 
 0.7724609375 

FourValues
 12 
 [1, 1, 1, 1, 1] 
 [0, 1, 0, 0, 0] 
 0.791015625 

FourValues
 12 
 [1, 1, 1, 1, 1] 
 [1, 0, 0, 0, 0] 
 0.78564453125 

DataShapley
 13 
 [4] 
 [1, 1, 1, 1, 1] 
 0.7766 

DataShapley
 13 
 [4, 0] 
 [1, 1, 1, 1, 1] 
 0.7834 

DataShapley
 13 
 [4, 0, 1] 
 [1, 1, 1, 1, 1] 
 0.7834 

DataShapley
 13 
 [4, 0, 1, 2] 
 [1, 1, 1, 1, 1] 
 0.7835 

DataShapley
 13 
 [4, 0, 1, 2, 3] 
 [1, 1, 1, 1, 1] 
 0.7842 

FourValues
 13 
 [0, 0, 0, 0, 1] 
 [0, 0, 0, 0, 1] 
 0.7755208333333333 

FourValues
 13 
 [0, 0, 0, 1, 0] 
 [0, 0, 0, 1, 0] 
 0.7737603305785123 

FourValues
 13 
 [0, 0, 1, 0, 0] 
 [0, 0, 1, 0, 0] 
 0.7724609375 

FourValues
 13 
 [0, 1, 0, 0, 0] 
 [0, 1, 0, 0, 0] 
 0.79296875 

FourValues
 13 
 [0, 1, 1, 1, 1] 
 [1, 0, 0, 0, 0] 
 0.78759765625 

FourValues
 13 
 [1, 0, 0, 0, 0] 
 [1, 0, 0, 0, 0] 
 0.78076171875 

FourValues
 13 
 [1, 0, 1, 1, 1] 
 [0, 1, 0, 0, 0] 
 0.79296875 

FourValues
 13 
 [1, 1, 0, 1, 1] 
 [0, 0, 1, 0, 0] 
 0.77587890625 

FourValues
 13 
 [1, 1, 1, 0, 1] 
 [0, 0, 0, 1, 0] 
 0.7778925619834711 

FourValues
 13 
 [1, 1, 1, 1, 0] 
 [0, 0, 0, 0, 1] 
 0.784375 

FourValues
 13 
 [1, 1, 1, 1, 1] 
 [0, 0, 0, 0, 1] 
 0.7838541666666666 

FourValues
 13 
 [1, 1, 1, 1, 1] 
 [0, 0, 0, 1, 0] 
 0.7784090909090909 

FourValues
 13 
 [1, 1, 1, 1, 1] 
 [0, 0, 1, 0, 0] 
 0.7763671875 

FourValues
 13 
 [1, 1, 1, 1, 1] 
 [0, 1, 0, 0, 0] 
 0.79345703125 

FourValues
 13 
 [1, 1, 1, 1, 1] 
 [1, 0, 0, 0, 0] 
 0.78857421875 

DataShapley
 14 
 [2] 
 [1, 1, 1, 1, 1] 
 0.7784 

DataShapley
 14 
 [2, 1] 
 [1, 1, 1, 1, 1] 
 0.7831 

DataShapley
 14 
 [2, 1, 0] 
 [1, 1, 1, 1, 1] 
 0.7824 

DataShapley
 14 
 [2, 1, 0, 3] 
 [1, 1, 1, 1, 1] 
 0.7837 

DataShapley
 14 
 [2, 1, 0, 3, 4] 
 [1, 1, 1, 1, 1] 
 0.7832 

FourValues
 14 
 [0, 0, 0, 0, 1] 
 [0, 0, 0, 0, 1] 
 0.7807291666666667 

FourValues
 14 
 [0, 0, 0, 1, 0] 
 [0, 0, 0, 1, 0] 
 0.7773760330578512 

FourValues
 14 
 [0, 0, 1, 0, 0] 
 [0, 0, 1, 0, 0] 
 0.77001953125 

FourValues
 14 
 [0, 1, 0, 0, 0] 
 [0, 1, 0, 0, 0] 
 0.78857421875 

FourValues
 14 
 [0, 1, 1, 1, 1] 
 [1, 0, 0, 0, 0] 
 0.78759765625 

FourValues
 14 
 [1, 0, 0, 0, 0] 
 [1, 0, 0, 0, 0] 
 0.78466796875 

FourValues
 14 
 [1, 0, 1, 1, 1] 
 [0, 1, 0, 0, 0] 
 0.791015625 

FourValues
 14 
 [1, 1, 0, 1, 1] 
 [0, 0, 1, 0, 0] 
 0.77685546875 

FourValues
 14 
 [1, 1, 1, 0, 1] 
 [0, 0, 0, 1, 0] 
 0.7784090909090909 

FourValues
 14 
 [1, 1, 1, 1, 0] 
 [0, 0, 0, 0, 1] 
 0.7854166666666667 

FourValues
 14 
 [1, 1, 1, 1, 1] 
 [0, 0, 0, 0, 1] 
 0.7838541666666666 

FourValues
 14 
 [1, 1, 1, 1, 1] 
 [0, 0, 0, 1, 0] 
 0.7773760330578512 

FourValues
 14 
 [1, 1, 1, 1, 1] 
 [0, 0, 1, 0, 0] 
 0.77685546875 

FourValues
 14 
 [1, 1, 1, 1, 1] 
 [0, 1, 0, 0, 0] 
 0.791015625 

FourValues
 14 
 [1, 1, 1, 1, 1] 
 [1, 0, 0, 0, 0] 
 0.78662109375 

DataShapley
 15 
 [0] 
 [1, 1, 1, 1, 1] 
 0.7809 

DataShapley
 15 
 [0, 2] 
 [1, 1, 1, 1, 1] 
 0.7812 

DataShapley
 15 
 [0, 2, 3] 
 [1, 1, 1, 1, 1] 
 0.7839 

DataShapley
 15 
 [0, 2, 3, 1] 
 [1, 1, 1, 1, 1] 
 0.7838 

DataShapley
 15 
 [0, 2, 3, 1, 4] 
 [1, 1, 1, 1, 1] 
 0.7837 

FourValues
 15 
 [0, 0, 0, 0, 1] 
 [0, 0, 0, 0, 1] 
 0.7770833333333333 

FourValues
 15 
 [0, 0, 0, 1, 0] 
 [0, 0, 0, 1, 0] 
 0.7768595041322314 

FourValues
 15 
 [0, 0, 1, 0, 0] 
 [0, 0, 1, 0, 0] 
 0.77294921875 

FourValues
 15 
 [0, 1, 0, 0, 0] 
 [0, 1, 0, 0, 0] 
 0.79052734375 

FourValues
 15 
 [0, 1, 1, 1, 1] 
 [1, 0, 0, 0, 0] 
 0.78662109375 

FourValues
 15 
 [1, 0, 0, 0, 0] 
 [1, 0, 0, 0, 0] 
 0.7861328125 

FourValues
 15 
 [1, 0, 1, 1, 1] 
 [0, 1, 0, 0, 0] 
 0.79248046875 

FourValues
 15 
 [1, 1, 0, 1, 1] 
 [0, 0, 1, 0, 0] 
 0.77587890625 

FourValues
 15 
 [1, 1, 1, 0, 1] 
 [0, 0, 0, 1, 0] 
 0.7789256198347108 

FourValues
 15 
 [1, 1, 1, 1, 0] 
 [0, 0, 0, 0, 1] 
 0.7859375 

FourValues
 15 
 [1, 1, 1, 1, 1] 
 [0, 0, 0, 0, 1] 
 0.7838541666666666 

FourValues
 15 
 [1, 1, 1, 1, 1] 
 [0, 0, 0, 1, 0] 
 0.7794421487603306 

FourValues
 15 
 [1, 1, 1, 1, 1] 
 [0, 0, 1, 0, 0] 
 0.7744140625 

FourValues
 15 
 [1, 1, 1, 1, 1] 
 [0, 1, 0, 0, 0] 
 0.79296875 

FourValues
 15 
 [1, 1, 1, 1, 1] 
 [1, 0, 0, 0, 0] 
 0.78759765625 

DataShapley
 16 
 [1] 
 [1, 1, 1, 1, 1] 
 0.7773 

DataShapley
 16 
 [1, 4] 
 [1, 1, 1, 1, 1] 
 0.7828 

DataShapley
 16 
 [1, 4, 3] 
 [1, 1, 1, 1, 1] 
 0.7834 

DataShapley
 16 
 [1, 4, 3, 2] 
 [1, 1, 1, 1, 1] 
 0.7825 

DataShapley
 16 
 [1, 4, 3, 2, 0] 
 [1, 1, 1, 1, 1] 
 0.7837 

FourValues
 16 
 [0, 0, 0, 0, 1] 
 [0, 0, 0, 0, 1] 
 0.7848958333333333 

FourValues
 16 
 [0, 0, 0, 1, 0] 
 [0, 0, 0, 1, 0] 
 0.7711776859504132 

FourValues
 16 
 [0, 0, 1, 0, 0] 
 [0, 0, 1, 0, 0] 
 0.77197265625 

FourValues
 16 
 [0, 1, 0, 0, 0] 
 [0, 1, 0, 0, 0] 
 0.787109375 

FourValues
 16 
 [0, 1, 1, 1, 1] 
 [1, 0, 0, 0, 0] 
 0.78466796875 

FourValues
 16 
 [1, 0, 0, 0, 0] 
 [1, 0, 0, 0, 0] 
 0.79052734375 

FourValues
 16 
 [1, 0, 1, 1, 1] 
 [0, 1, 0, 0, 0] 
 0.79248046875 

FourValues
 16 
 [1, 1, 0, 1, 1] 
 [0, 0, 1, 0, 0] 
 0.77587890625 

FourValues
 16 
 [1, 1, 1, 0, 1] 
 [0, 0, 0, 1, 0] 
 0.7778925619834711 

FourValues
 16 
 [1, 1, 1, 1, 0] 
 [0, 0, 0, 0, 1] 
 0.7848958333333333 

FourValues
 16 
 [1, 1, 1, 1, 1] 
 [0, 0, 0, 0, 1] 
 0.7848958333333333 

FourValues
 16 
 [1, 1, 1, 1, 1] 
 [0, 0, 0, 1, 0] 
 0.7768595041322314 

FourValues
 16 
 [1, 1, 1, 1, 1] 
 [0, 0, 1, 0, 0] 
 0.77587890625 

FourValues
 16 
 [1, 1, 1, 1, 1] 
 [0, 1, 0, 0, 0] 
 0.7939453125 

FourValues
 16 
 [1, 1, 1, 1, 1] 
 [1, 0, 0, 0, 0] 
 0.78662109375 

DataShapley
 17 
 [4] 
 [1, 1, 1, 1, 1] 
 0.7771 

DataShapley
 17 
 [4, 0] 
 [1, 1, 1, 1, 1] 
 0.7813 

DataShapley
 17 
 [4, 0, 3] 
 [1, 1, 1, 1, 1] 
 0.7822 

DataShapley
 17 
 [4, 0, 3, 2] 
 [1, 1, 1, 1, 1] 
 0.7828 

DataShapley
 17 
 [4, 0, 3, 2, 1] 
 [1, 1, 1, 1, 1] 
 0.7837 

FourValues
 17 
 [0, 0, 0, 0, 1] 
 [0, 0, 0, 0, 1] 
 0.7807291666666667 

FourValues
 17 
 [0, 0, 0, 1, 0] 
 [0, 0, 0, 1, 0] 
 0.7758264462809917 

FourValues
 17 
 [0, 0, 1, 0, 0] 
 [0, 0, 1, 0, 0] 
 0.7724609375 

FourValues
 17 
 [0, 1, 0, 0, 0] 
 [0, 1, 0, 0, 0] 
 0.7890625 

FourValues
 17 
 [0, 1, 1, 1, 1] 
 [1, 0, 0, 0, 0] 
 0.78759765625 

FourValues
 17 
 [1, 0, 0, 0, 0] 
 [1, 0, 0, 0, 0] 
 0.78759765625 

FourValues
 17 
 [1, 0, 1, 1, 1] 
 [0, 1, 0, 0, 0] 
 0.78955078125 

FourValues
 17 
 [1, 1, 0, 1, 1] 
 [0, 0, 1, 0, 0] 
 0.7763671875 

FourValues
 17 
 [1, 1, 1, 0, 1] 
 [0, 0, 0, 1, 0] 
 0.7789256198347108 

FourValues
 17 
 [1, 1, 1, 1, 0] 
 [0, 0, 0, 0, 1] 
 0.7848958333333333 

FourValues
 17 
 [1, 1, 1, 1, 1] 
 [0, 0, 0, 0, 1] 
 0.7848958333333333 

FourValues
 17 
 [1, 1, 1, 1, 1] 
 [0, 0, 0, 1, 0] 
 0.7773760330578512 

FourValues
 17 
 [1, 1, 1, 1, 1] 
 [0, 0, 1, 0, 0] 
 0.77587890625 

FourValues
 17 
 [1, 1, 1, 1, 1] 
 [0, 1, 0, 0, 0] 
 0.7919921875 

FourValues
 17 
 [1, 1, 1, 1, 1] 
 [1, 0, 0, 0, 0] 
 0.7880859375 

DataShapley
 18 
 [2] 
 [1, 1, 1, 1, 1] 
 0.7806 

DataShapley
 18 
 [2, 0] 
 [1, 1, 1, 1, 1] 
 0.7838 

DataShapley
 18 
 [2, 0, 3] 
 [1, 1, 1, 1, 1] 
 0.7851 

DataShapley
 18 
 [2, 0, 3, 4] 
 [1, 1, 1, 1, 1] 
 0.7847 

DataShapley
 18 
 [2, 0, 3, 4, 1] 
 [1, 1, 1, 1, 1] 
 0.7851 

FourValues
 18 
 [0, 0, 0, 0, 1] 
 [0, 0, 0, 0, 1] 
 0.7848958333333333 

FourValues
 18 
 [0, 0, 0, 1, 0] 
 [0, 0, 0, 1, 0] 
 0.7789256198347108 

FourValues
 18 
 [0, 0, 1, 0, 0] 
 [0, 0, 1, 0, 0] 
 0.7734375 

FourValues
 18 
 [0, 1, 0, 0, 0] 
 [0, 1, 0, 0, 0] 
 0.79541015625 

FourValues
 18 
 [0, 1, 1, 1, 1] 
 [1, 0, 0, 0, 0] 
 0.7890625 

FourValues
 18 
 [1, 0, 0, 0, 0] 
 [1, 0, 0, 0, 0] 
 0.7841796875 

FourValues
 18 
 [1, 0, 1, 1, 1] 
 [0, 1, 0, 0, 0] 
 0.79248046875 

FourValues
 18 
 [1, 1, 0, 1, 1] 
 [0, 0, 1, 0, 0] 
 0.7763671875 

FourValues
 18 
 [1, 1, 1, 0, 1] 
 [0, 0, 0, 1, 0] 
 0.78150826446281 

FourValues
 18 
 [1, 1, 1, 1, 0] 
 [0, 0, 0, 0, 1] 
 0.7864583333333334 

FourValues
 18 
 [1, 1, 1, 1, 1] 
 [0, 0, 0, 0, 1] 
 0.7854166666666667 

FourValues
 18 
 [1, 1, 1, 1, 1] 
 [0, 0, 0, 1, 0] 
 0.78150826446281 

FourValues
 18 
 [1, 1, 1, 1, 1] 
 [0, 0, 1, 0, 0] 
 0.77734375 

FourValues
 18 
 [1, 1, 1, 1, 1] 
 [0, 1, 0, 0, 0] 
 0.79296875 

FourValues
 18 
 [1, 1, 1, 1, 1] 
 [1, 0, 0, 0, 0] 
 0.7880859375 

DataShapley
 19 
 [0] 
 [1, 1, 1, 1, 1] 
 0.7782 

DataShapley
 19 
 [0, 2] 
 [1, 1, 1, 1, 1] 
 0.7823 

DataShapley
 19 
 [0, 2, 4] 
 [1, 1, 1, 1, 1] 
 0.7854 

DataShapley
 19 
 [0, 2, 4, 3] 
 [1, 1, 1, 1, 1] 
 0.7858 

DataShapley
 19 
 [0, 2, 4, 3, 1] 
 [1, 1, 1, 1, 1] 
 0.7854 

FourValues
 19 
 [0, 0, 0, 0, 1] 
 [0, 0, 0, 0, 1] 
 0.778125 

FourValues
 19 
 [0, 0, 0, 1, 0] 
 [0, 0, 0, 1, 0] 
 0.7789256198347108 

FourValues
 19 
 [0, 0, 1, 0, 0] 
 [0, 0, 1, 0, 0] 
 0.77587890625 

FourValues
 19 
 [0, 1, 0, 0, 0] 
 [0, 1, 0, 0, 0] 
 0.78955078125 

FourValues
 19 
 [0, 1, 1, 1, 1] 
 [1, 0, 0, 0, 0] 
 0.7900390625 

FourValues
 19 
 [1, 0, 0, 0, 0] 
 [1, 0, 0, 0, 0] 
 0.783203125 

FourValues
 19 
 [1, 0, 1, 1, 1] 
 [0, 1, 0, 0, 0] 
 0.7939453125 

FourValues
 19 
 [1, 1, 0, 1, 1] 
 [0, 0, 1, 0, 0] 
 0.77880859375 

FourValues
 19 
 [1, 1, 1, 0, 1] 
 [0, 0, 0, 1, 0] 
 0.7820247933884298 

FourValues
 19 
 [1, 1, 1, 1, 0] 
 [0, 0, 0, 0, 1] 
 0.7864583333333334 

FourValues
 19 
 [1, 1, 1, 1, 1] 
 [0, 0, 0, 0, 1] 
 0.7854166666666667 

FourValues
 19 
 [1, 1, 1, 1, 1] 
 [0, 0, 0, 1, 0] 
 0.78099173553719 

FourValues
 19 
 [1, 1, 1, 1, 1] 
 [0, 0, 1, 0, 0] 
 0.77734375 

FourValues
 19 
 [1, 1, 1, 1, 1] 
 [0, 1, 0, 0, 0] 
 0.79296875 

FourValues
 19 
 [1, 1, 1, 1, 1] 
 [1, 0, 0, 0, 0] 
 0.7900390625 

DataShapley
 20 
 [2] 
 [1, 1, 1, 1, 1] 
 0.783 

DataShapley
 20 
 [2, 3] 
 [1, 1, 1, 1, 1] 
 0.7847 

DataShapley
 20 
 [2, 3, 4] 
 [1, 1, 1, 1, 1] 
 0.7849 

DataShapley
 20 
 [2, 3, 4, 0] 
 [1, 1, 1, 1, 1] 
 0.7852 

DataShapley
 20 
 [2, 3, 4, 0, 1] 
 [1, 1, 1, 1, 1] 
 0.7853 

FourValues
 20 
 [0, 0, 0, 0, 1] 
 [0, 0, 0, 0, 1] 
 0.784375 

FourValues
 20 
 [0, 0, 0, 1, 0] 
 [0, 0, 0, 1, 0] 
 0.7747933884297521 

FourValues
 20 
 [0, 0, 1, 0, 0] 
 [0, 0, 1, 0, 0] 
 0.77587890625 

FourValues
 20 
 [0, 1, 0, 0, 0] 
 [0, 1, 0, 0, 0] 
 0.79248046875 

FourValues
 20 
 [0, 1, 1, 1, 1] 
 [1, 0, 0, 0, 0] 
 0.7890625 

FourValues
 20 
 [1, 0, 0, 0, 0] 
 [1, 0, 0, 0, 0] 
 0.78173828125 

FourValues
 20 
 [1, 0, 1, 1, 1] 
 [0, 1, 0, 0, 0] 
 0.7919921875 

FourValues
 20 
 [1, 1, 0, 1, 1] 
 [0, 0, 1, 0, 0] 
 0.7783203125 

FourValues
 20 
 [1, 1, 1, 0, 1] 
 [0, 0, 0, 1, 0] 
 0.7804752066115702 

FourValues
 20 
 [1, 1, 1, 1, 0] 
 [0, 0, 0, 0, 1] 
 0.7859375 

FourValues
 20 
 [1, 1, 1, 1, 1] 
 [0, 0, 0, 0, 1] 
 0.7864583333333334 

FourValues
 20 
 [1, 1, 1, 1, 1] 
 [0, 0, 0, 1, 0] 
 0.78099173553719 

FourValues
 20 
 [1, 1, 1, 1, 1] 
 [0, 0, 1, 0, 0] 
 0.77734375 

FourValues
 20 
 [1, 1, 1, 1, 1] 
 [0, 1, 0, 0, 0] 
 0.79150390625 

FourValues
 20 
 [1, 1, 1, 1, 1] 
 [1, 0, 0, 0, 0] 
 0.7900390625 

DataShapley
 21 
 [0] 
 [1, 1, 1, 1, 1] 
 0.7833 

DataShapley
 21 
 [0, 4] 
 [1, 1, 1, 1, 1] 
 0.7851 

DataShapley
 21 
 [0, 4, 1] 
 [1, 1, 1, 1, 1] 
 0.7852 

DataShapley
 21 
 [0, 4, 1, 3] 
 [1, 1, 1, 1, 1] 
 0.7849 

DataShapley
 21 
 [0, 4, 1, 3, 2] 
 [1, 1, 1, 1, 1] 
 0.7843 

FourValues
 21 
 [0, 0, 0, 0, 1] 
 [0, 0, 0, 0, 1] 
 0.7848958333333333 

FourValues
 21 
 [0, 0, 0, 1, 0] 
 [0, 0, 0, 1, 0] 
 0.7789256198347108 

FourValues
 21 
 [0, 0, 1, 0, 0] 
 [0, 0, 1, 0, 0] 
 0.7734375 

FourValues
 21 
 [0, 1, 0, 0, 0] 
 [0, 1, 0, 0, 0] 
 0.78857421875 

FourValues
 21 
 [0, 1, 1, 1, 1] 
 [1, 0, 0, 0, 0] 
 0.78955078125 

FourValues
 21 
 [1, 0, 0, 0, 0] 
 [1, 0, 0, 0, 0] 
 0.78564453125 

FourValues
 21 
 [1, 0, 1, 1, 1] 
 [0, 1, 0, 0, 0] 
 0.79296875 

FourValues
 21 
 [1, 1, 0, 1, 1] 
 [0, 0, 1, 0, 0] 
 0.77685546875 

FourValues
 21 
 [1, 1, 1, 0, 1] 
 [0, 0, 0, 1, 0] 
 0.7789256198347108 

FourValues
 21 
 [1, 1, 1, 1, 0] 
 [0, 0, 0, 0, 1] 
 0.7854166666666667 

FourValues
 21 
 [1, 1, 1, 1, 1] 
 [0, 0, 0, 0, 1] 
 0.7848958333333333 

FourValues
 21 
 [1, 1, 1, 1, 1] 
 [0, 0, 0, 1, 0] 
 0.7789256198347108 

FourValues
 21 
 [1, 1, 1, 1, 1] 
 [0, 0, 1, 0, 0] 
 0.77685546875 

FourValues
 21 
 [1, 1, 1, 1, 1] 
 [0, 1, 0, 0, 0] 
 0.79296875 

FourValues
 21 
 [1, 1, 1, 1, 1] 
 [1, 0, 0, 0, 0] 
 0.78759765625 

DataShapley
 22 
 [4] 
 [1, 1, 1, 1, 1] 
 0.784 

DataShapley
 22 
 [4, 0] 
 [1, 1, 1, 1, 1] 
 0.7845 

DataShapley
 22 
 [4, 0, 3] 
 [1, 1, 1, 1, 1] 
 0.7842 

DataShapley
 22 
 [4, 0, 3, 1] 
 [1, 1, 1, 1, 1] 
 0.7856 

DataShapley
 22 
 [4, 0, 3, 1, 2] 
 [1, 1, 1, 1, 1] 
 0.785 

FourValues
 22 
 [0, 0, 0, 0, 1] 
 [0, 0, 0, 0, 1] 
 0.7848958333333333 

FourValues
 22 
 [0, 0, 0, 1, 0] 
 [0, 0, 0, 1, 0] 
 0.7747933884297521 

FourValues
 22 
 [0, 0, 1, 0, 0] 
 [0, 0, 1, 0, 0] 
 0.77197265625 

FourValues
 22 
 [0, 1, 0, 0, 0] 
 [0, 1, 0, 0, 0] 
 0.79248046875 

FourValues
 22 
 [0, 1, 1, 1, 1] 
 [1, 0, 0, 0, 0] 
 0.78759765625 

FourValues
 22 
 [1, 0, 0, 0, 0] 
 [1, 0, 0, 0, 0] 
 0.7880859375 

FourValues
 22 
 [1, 0, 1, 1, 1] 
 [0, 1, 0, 0, 0] 
 0.79345703125 

FourValues
 22 
 [1, 1, 0, 1, 1] 
 [0, 0, 1, 0, 0] 
 0.77880859375 

FourValues
 22 
 [1, 1, 1, 0, 1] 
 [0, 0, 0, 1, 0] 
 0.7789256198347108 

FourValues
 22 
 [1, 1, 1, 1, 0] 
 [0, 0, 0, 0, 1] 
 0.7864583333333334 

FourValues
 22 
 [1, 1, 1, 1, 1] 
 [0, 0, 0, 0, 1] 
 0.7864583333333334 

FourValues
 22 
 [1, 1, 1, 1, 1] 
 [0, 0, 0, 1, 0] 
 0.7804752066115702 

FourValues
 22 
 [1, 1, 1, 1, 1] 
 [0, 0, 1, 0, 0] 
 0.7763671875 

FourValues
 22 
 [1, 1, 1, 1, 1] 
 [0, 1, 0, 0, 0] 
 0.79296875 

FourValues
 22 
 [1, 1, 1, 1, 1] 
 [1, 0, 0, 0, 0] 
 0.78857421875 

DataShapley
 23 
 [2] 
 [1, 1, 1, 1, 1] 
 0.7812 

DataShapley
 23 
 [2, 1] 
 [1, 1, 1, 1, 1] 
 0.7833 

DataShapley
 23 
 [2, 1, 0] 
 [1, 1, 1, 1, 1] 
 0.7842 

DataShapley
 23 
 [2, 1, 0, 4] 
 [1, 1, 1, 1, 1] 
 0.7843 

DataShapley
 23 
 [2, 1, 0, 4, 3] 
 [1, 1, 1, 1, 1] 
 0.785 

FourValues
 23 
 [0, 0, 0, 0, 1] 
 [0, 0, 0, 0, 1] 
 0.7859375 

FourValues
 23 
 [0, 0, 0, 1, 0] 
 [0, 0, 0, 1, 0] 
 0.7773760330578512 

FourValues
 23 
 [0, 0, 1, 0, 0] 
 [0, 0, 1, 0, 0] 
 0.77490234375 

FourValues
 23 
 [0, 1, 0, 0, 0] 
 [0, 1, 0, 0, 0] 
 0.794921875 

FourValues
 23 
 [0, 1, 1, 1, 1] 
 [1, 0, 0, 0, 0] 
 0.7900390625 

FourValues
 23 
 [1, 0, 0, 0, 0] 
 [1, 0, 0, 0, 0] 
 0.78515625 

FourValues
 23 
 [1, 0, 1, 1, 1] 
 [0, 1, 0, 0, 0] 
 0.7939453125 

FourValues
 23 
 [1, 1, 0, 1, 1] 
 [0, 0, 1, 0, 0] 
 0.77685546875 

FourValues
 23 
 [1, 1, 1, 0, 1] 
 [0, 0, 0, 1, 0] 
 0.7773760330578512 

FourValues
 23 
 [1, 1, 1, 1, 0] 
 [0, 0, 0, 0, 1] 
 0.7854166666666667 

FourValues
 23 
 [1, 1, 1, 1, 1] 
 [0, 0, 0, 0, 1] 
 0.7864583333333334 

FourValues
 23 
 [1, 1, 1, 1, 1] 
 [0, 0, 0, 1, 0] 
 0.7794421487603306 

FourValues
 23 
 [1, 1, 1, 1, 1] 
 [0, 0, 1, 0, 0] 
 0.7763671875 

FourValues
 23 
 [1, 1, 1, 1, 1] 
 [0, 1, 0, 0, 0] 
 0.79443359375 

FourValues
 23 
 [1, 1, 1, 1, 1] 
 [1, 0, 0, 0, 0] 
 0.7880859375 

DataShapley
 24 
 [2] 
 [1, 1, 1, 1, 1] 
 0.7784 

DataShapley
 24 
 [2, 4] 
 [1, 1, 1, 1, 1] 
 0.7821 

DataShapley
 24 
 [2, 4, 3] 
 [1, 1, 1, 1, 1] 
 0.7845 

DataShapley
 24 
 [2, 4, 3, 1] 
 [1, 1, 1, 1, 1] 
 0.7852 

DataShapley
 24 
 [2, 4, 3, 1, 0] 
 [1, 1, 1, 1, 1] 
 0.785 

FourValues
 24 
 [0, 0, 0, 0, 1] 
 [0, 0, 0, 0, 1] 
 0.7864583333333334 

FourValues
 24 
 [0, 0, 0, 1, 0] 
 [0, 0, 0, 1, 0] 
 0.7784090909090909 

FourValues
 24 
 [0, 0, 1, 0, 0] 
 [0, 0, 1, 0, 0] 
 0.771484375 

FourValues
 24 
 [0, 1, 0, 0, 0] 
 [0, 1, 0, 0, 0] 
 0.7919921875 

FourValues
 24 
 [0, 1, 1, 1, 1] 
 [1, 0, 0, 0, 0] 
 0.7890625 

FourValues
 24 
 [1, 0, 0, 0, 0] 
 [1, 0, 0, 0, 0] 
 0.78662109375 

FourValues
 24 
 [1, 0, 1, 1, 1] 
 [0, 1, 0, 0, 0] 
 0.7939453125 

FourValues
 24 
 [1, 1, 0, 1, 1] 
 [0, 0, 1, 0, 0] 
 0.77685546875 

FourValues
 24 
 [1, 1, 1, 0, 1] 
 [0, 0, 0, 1, 0] 
 0.7799586776859504 

FourValues
 24 
 [1, 1, 1, 1, 0] 
 [0, 0, 0, 0, 1] 
 0.7885416666666667 

FourValues
 24 
 [1, 1, 1, 1, 1] 
 [0, 0, 0, 0, 1] 
 0.7869791666666667 

FourValues
 24 
 [1, 1, 1, 1, 1] 
 [0, 0, 0, 1, 0] 
 0.7804752066115702 

FourValues
 24 
 [1, 1, 1, 1, 1] 
 [0, 0, 1, 0, 0] 
 0.77587890625 

FourValues
 24 
 [1, 1, 1, 1, 1] 
 [0, 1, 0, 0, 0] 
 0.79345703125 

FourValues
 24 
 [1, 1, 1, 1, 1] 
 [1, 0, 0, 0, 0] 
 0.7880859375 

DataShapley
 25 
 [0] 
 [1, 1, 1, 1, 1] 
 0.7822 

DataShapley
 25 
 [0, 3] 
 [1, 1, 1, 1, 1] 
 0.7858 

DataShapley
 25 
 [0, 3, 2] 
 [1, 1, 1, 1, 1] 
 0.7864 

DataShapley
 25 
 [0, 3, 2, 1] 
 [1, 1, 1, 1, 1] 
 0.7866 

DataShapley
 25 
 [0, 3, 2, 1, 4] 
 [1, 1, 1, 1, 1] 
 0.7865 

FourValues
 25 
 [0, 0, 0, 0, 1] 
 [0, 0, 0, 0, 1] 
 0.7859375 

FourValues
 25 
 [0, 0, 0, 1, 0] 
 [0, 0, 0, 1, 0] 
 0.7799586776859504 

FourValues
 25 
 [0, 0, 1, 0, 0] 
 [0, 0, 1, 0, 0] 
 0.77587890625 

FourValues
 25 
 [0, 1, 0, 0, 0] 
 [0, 1, 0, 0, 0] 
 0.79150390625 

FourValues
 25 
 [0, 1, 1, 1, 1] 
 [1, 0, 0, 0, 0] 
 0.7900390625 

FourValues
 25 
 [1, 0, 0, 0, 0] 
 [1, 0, 0, 0, 0] 
 0.7861328125 

FourValues
 25 
 [1, 0, 1, 1, 1] 
 [0, 1, 0, 0, 0] 
 0.79443359375 

FourValues
 25 
 [1, 1, 0, 1, 1] 
 [0, 0, 1, 0, 0] 
 0.77978515625 

FourValues
 25 
 [1, 1, 1, 0, 1] 
 [0, 0, 0, 1, 0] 
 0.78099173553719 

FourValues
 25 
 [1, 1, 1, 1, 0] 
 [0, 0, 0, 0, 1] 
 0.7869791666666667 

FourValues
 25 
 [1, 1, 1, 1, 1] 
 [0, 0, 0, 0, 1] 
 0.7869791666666667 

FourValues
 25 
 [1, 1, 1, 1, 1] 
 [0, 0, 0, 1, 0] 
 0.78099173553719 

FourValues
 25 
 [1, 1, 1, 1, 1] 
 [0, 0, 1, 0, 0] 
 0.77978515625 

FourValues
 25 
 [1, 1, 1, 1, 1] 
 [0, 1, 0, 0, 0] 
 0.79443359375 

FourValues
 25 
 [1, 1, 1, 1, 1] 
 [1, 0, 0, 0, 0] 
 0.7900390625 

DataShapley
 26 
 [1] 
 [1, 1, 1, 1, 1] 
 0.7825 

DataShapley
 26 
 [1, 3] 
 [1, 1, 1, 1, 1] 
 0.7865 

DataShapley
 26 
 [1, 3, 4] 
 [1, 1, 1, 1, 1] 
 0.7864 

DataShapley
 26 
 [1, 3, 4, 2] 
 [1, 1, 1, 1, 1] 
 0.7864 

DataShapley
 26 
 [1, 3, 4, 2, 0] 
 [1, 1, 1, 1, 1] 
 0.7867 

FourValues
 26 
 [0, 0, 0, 0, 1] 
 [0, 0, 0, 0, 1] 
 0.7848958333333333 

FourValues
 26 
 [0, 0, 0, 1, 0] 
 [0, 0, 0, 1, 0] 
 0.7799586776859504 

FourValues
 26 
 [0, 0, 1, 0, 0] 
 [0, 0, 1, 0, 0] 
 0.77734375 

FourValues
 26 
 [0, 1, 0, 0, 0] 
 [0, 1, 0, 0, 0] 
 0.79052734375 

FourValues
 26 
 [0, 1, 1, 1, 1] 
 [1, 0, 0, 0, 0] 
 0.78955078125 

FourValues
 26 
 [1, 0, 0, 0, 0] 
 [1, 0, 0, 0, 0] 
 0.78857421875 

FourValues
 26 
 [1, 0, 1, 1, 1] 
 [0, 1, 0, 0, 0] 
 0.7939453125 

FourValues
 26 
 [1, 1, 0, 1, 1] 
 [0, 0, 1, 0, 0] 
 0.78125 

FourValues
 26 
 [1, 1, 1, 0, 1] 
 [0, 0, 0, 1, 0] 
 0.7799586776859504 

FourValues
 26 
 [1, 1, 1, 1, 0] 
 [0, 0, 0, 0, 1] 
 0.7885416666666667 

FourValues
 26 
 [1, 1, 1, 1, 1] 
 [0, 0, 0, 0, 1] 
 0.7880208333333333 

FourValues
 26 
 [1, 1, 1, 1, 1] 
 [0, 0, 0, 1, 0] 
 0.78150826446281 

FourValues
 26 
 [1, 1, 1, 1, 1] 
 [0, 0, 1, 0, 0] 
 0.77978515625 

FourValues
 26 
 [1, 1, 1, 1, 1] 
 [0, 1, 0, 0, 0] 
 0.794921875 

FourValues
 26 
 [1, 1, 1, 1, 1] 
 [1, 0, 0, 0, 0] 
 0.7890625 

DataShapley
 27 
 [3] 
 [1, 1, 1, 1, 1] 
 0.7847 

DataShapley
 27 
 [3, 1] 
 [1, 1, 1, 1, 1] 
 0.786 

DataShapley
 27 
 [3, 1, 4] 
 [1, 1, 1, 1, 1] 
 0.7861 

DataShapley
 27 
 [3, 1, 4, 2] 
 [1, 1, 1, 1, 1] 
 0.7865 

DataShapley
 27 
 [3, 1, 4, 2, 0] 
 [1, 1, 1, 1, 1] 
 0.7864 

FourValues
 27 
 [0, 0, 0, 0, 1] 
 [0, 0, 0, 0, 1] 
 0.7869791666666667 

FourValues
 27 
 [0, 0, 0, 1, 0] 
 [0, 0, 0, 1, 0] 
 0.7799586776859504 

FourValues
 27 
 [0, 0, 1, 0, 0] 
 [0, 0, 1, 0, 0] 
 0.771484375 

FourValues
 27 
 [0, 1, 0, 0, 0] 
 [0, 1, 0, 0, 0] 
 0.7900390625 

FourValues
 27 
 [0, 1, 1, 1, 1] 
 [1, 0, 0, 0, 0] 
 0.79052734375 

FourValues
 27 
 [1, 0, 0, 0, 0] 
 [1, 0, 0, 0, 0] 
 0.79052734375 

FourValues
 27 
 [1, 0, 1, 1, 1] 
 [0, 1, 0, 0, 0] 
 0.7939453125 

FourValues
 27 
 [1, 1, 0, 1, 1] 
 [0, 0, 1, 0, 0] 
 0.77880859375 

FourValues
 27 
 [1, 1, 1, 0, 1] 
 [0, 0, 0, 1, 0] 
 0.7804752066115702 

FourValues
 27 
 [1, 1, 1, 1, 0] 
 [0, 0, 0, 0, 1] 
 0.7869791666666667 

FourValues
 27 
 [1, 1, 1, 1, 1] 
 [0, 0, 0, 0, 1] 
 0.7875 

FourValues
 27 
 [1, 1, 1, 1, 1] 
 [0, 0, 0, 1, 0] 
 0.7820247933884298 

FourValues
 27 
 [1, 1, 1, 1, 1] 
 [0, 0, 1, 0, 0] 
 0.77685546875 

FourValues
 27 
 [1, 1, 1, 1, 1] 
 [0, 1, 0, 0, 0] 
 0.794921875 

FourValues
 27 
 [1, 1, 1, 1, 1] 
 [1, 0, 0, 0, 0] 
 0.79052734375 

DataShapley
 28 
 [4] 
 [1, 1, 1, 1, 1] 
 0.7868 

DataShapley
 28 
 [4, 2] 
 [1, 1, 1, 1, 1] 
 0.7864 

DataShapley
 28 
 [4, 2, 3] 
 [1, 1, 1, 1, 1] 
 0.7868 

DataShapley
 28 
 [4, 2, 3, 0] 
 [1, 1, 1, 1, 1] 
 0.7867 

DataShapley
 28 
 [4, 2, 3, 0, 1] 
 [1, 1, 1, 1, 1] 
 0.787 

FourValues
 28 
 [0, 0, 0, 0, 1] 
 [0, 0, 0, 0, 1] 
 0.7869791666666667 

FourValues
 28 
 [0, 0, 0, 1, 0] 
 [0, 0, 0, 1, 0] 
 0.7799586776859504 

FourValues
 28 
 [0, 0, 1, 0, 0] 
 [0, 0, 1, 0, 0] 
 0.779296875 

FourValues
 28 
 [0, 1, 0, 0, 0] 
 [0, 1, 0, 0, 0] 
 0.78662109375 

FourValues
 28 
 [0, 1, 1, 1, 1] 
 [1, 0, 0, 0, 0] 
 0.7890625 

FourValues
 28 
 [1, 0, 0, 0, 0] 
 [1, 0, 0, 0, 0] 
 0.7880859375 

FourValues
 28 
 [1, 0, 1, 1, 1] 
 [0, 1, 0, 0, 0] 
 0.79443359375 

FourValues
 28 
 [1, 1, 0, 1, 1] 
 [0, 0, 1, 0, 0] 
 0.7822265625 

FourValues
 28 
 [1, 1, 1, 0, 1] 
 [0, 0, 0, 1, 0] 
 0.7799586776859504 

FourValues
 28 
 [1, 1, 1, 1, 0] 
 [0, 0, 0, 0, 1] 
 0.7875 

FourValues
 28 
 [1, 1, 1, 1, 1] 
 [0, 0, 0, 0, 1] 
 0.7869791666666667 

FourValues
 28 
 [1, 1, 1, 1, 1] 
 [0, 0, 0, 1, 0] 
 0.7804752066115702 

FourValues
 28 
 [1, 1, 1, 1, 1] 
 [0, 0, 1, 0, 0] 
 0.78271484375 

FourValues
 28 
 [1, 1, 1, 1, 1] 
 [0, 1, 0, 0, 0] 
 0.79443359375 

FourValues
 28 
 [1, 1, 1, 1, 1] 
 [1, 0, 0, 0, 0] 
 0.7900390625 

DataShapley
 29 
 [0] 
 [1, 1, 1, 1, 1] 
 0.7842 

DataShapley
 29 
 [0, 4] 
 [1, 1, 1, 1, 1] 
 0.7854 

DataShapley
 29 
 [0, 4, 1] 
 [1, 1, 1, 1, 1] 
 0.7866 

DataShapley
 29 
 [0, 4, 1, 3] 
 [1, 1, 1, 1, 1] 
 0.7862 

DataShapley
 29 
 [0, 4, 1, 3, 2] 
 [1, 1, 1, 1, 1] 
 0.7868 

FourValues
 29 
 [0, 0, 0, 0, 1] 
 [0, 0, 0, 0, 1] 
 0.7901041666666667 

FourValues
 29 
 [0, 0, 0, 1, 0] 
 [0, 0, 0, 1, 0] 
 0.78099173553719 

FourValues
 29 
 [0, 0, 1, 0, 0] 
 [0, 0, 1, 0, 0] 
 0.77490234375 

FourValues
 29 
 [0, 1, 0, 0, 0] 
 [0, 1, 0, 0, 0] 
 0.7939453125 

FourValues
 29 
 [0, 1, 1, 1, 1] 
 [1, 0, 0, 0, 0] 
 0.7900390625 

FourValues
 29 
 [1, 0, 0, 0, 0] 
 [1, 0, 0, 0, 0] 
 0.7861328125 

FourValues
 29 
 [1, 0, 1, 1, 1] 
 [0, 1, 0, 0, 0] 
 0.79443359375 

FourValues
 29 
 [1, 1, 0, 1, 1] 
 [0, 0, 1, 0, 0] 
 0.7802734375 

FourValues
 29 
 [1, 1, 1, 0, 1] 
 [0, 0, 0, 1, 0] 
 0.7804752066115702 

FourValues
 29 
 [1, 1, 1, 1, 0] 
 [0, 0, 0, 0, 1] 
 0.7869791666666667 

FourValues
 29 
 [1, 1, 1, 1, 1] 
 [0, 0, 0, 0, 1] 
 0.7875 

FourValues
 29 
 [1, 1, 1, 1, 1] 
 [0, 0, 0, 1, 0] 
 0.78099173553719 

FourValues
 29 
 [1, 1, 1, 1, 1] 
 [0, 0, 1, 0, 0] 
 0.78076171875 

FourValues
 29 
 [1, 1, 1, 1, 1] 
 [0, 1, 0, 0, 0] 
 0.79541015625 

FourValues
 29 
 [1, 1, 1, 1, 1] 
 [1, 0, 0, 0, 0] 
 0.7890625 

DataShapley
 30 
 [2] 
 [1, 1, 1, 1, 1] 
 0.7857 

DataShapley
 30 
 [2, 3] 
 [1, 1, 1, 1, 1] 
 0.7862 

DataShapley
 30 
 [2, 3, 0] 
 [1, 1, 1, 1, 1] 
 0.7869 

DataShapley
 30 
 [2, 3, 0, 1] 
 [1, 1, 1, 1, 1] 
 0.7866 

DataShapley
 30 
 [2, 3, 0, 1, 4] 
 [1, 1, 1, 1, 1] 
 0.7864 

FourValues
 30 
 [0, 0, 0, 0, 1] 
 [0, 0, 0, 0, 1] 
 0.7838541666666666 

FourValues
 30 
 [0, 0, 0, 1, 0] 
 [0, 0, 0, 1, 0] 
 0.7778925619834711 

FourValues
 30 
 [0, 0, 1, 0, 0] 
 [0, 0, 1, 0, 0] 
 0.7783203125 

FourValues
 30 
 [0, 1, 0, 0, 0] 
 [0, 1, 0, 0, 0] 
 0.79541015625 

FourValues
 30 
 [0, 1, 1, 1, 1] 
 [1, 0, 0, 0, 0] 
 0.78955078125 

FourValues
 30 
 [1, 0, 0, 0, 0] 
 [1, 0, 0, 0, 0] 
 0.78759765625 

FourValues
 30 
 [1, 0, 1, 1, 1] 
 [0, 1, 0, 0, 0] 
 0.794921875 

FourValues
 30 
 [1, 1, 0, 1, 1] 
 [0, 0, 1, 0, 0] 
 0.77880859375 

FourValues
 30 
 [1, 1, 1, 0, 1] 
 [0, 0, 0, 1, 0] 
 0.7804752066115702 

FourValues
 30 
 [1, 1, 1, 1, 0] 
 [0, 0, 0, 0, 1] 
 0.7864583333333334 

FourValues
 30 
 [1, 1, 1, 1, 1] 
 [0, 0, 0, 0, 1] 
 0.7869791666666667 

FourValues
 30 
 [1, 1, 1, 1, 1] 
 [0, 0, 0, 1, 0] 
 0.78150826446281 

FourValues
 30 
 [1, 1, 1, 1, 1] 
 [0, 0, 1, 0, 0] 
 0.77880859375 

FourValues
 30 
 [1, 1, 1, 1, 1] 
 [0, 1, 0, 0, 0] 
 0.79541015625 

FourValues
 30 
 [1, 1, 1, 1, 1] 
 [1, 0, 0, 0, 0] 
 0.7890625 

DataShapley
 31 
 [0] 
 [1, 1, 1, 1, 1] 
 0.7759 

DataShapley
 31 
 [0, 2] 
 [1, 1, 1, 1, 1] 
 0.7827 

DataShapley
 31 
 [0, 2, 1] 
 [1, 1, 1, 1, 1] 
 0.7853 

DataShapley
 31 
 [0, 2, 1, 3] 
 [1, 1, 1, 1, 1] 
 0.787 

DataShapley
 31 
 [0, 2, 1, 3, 4] 
 [1, 1, 1, 1, 1] 
 0.7872 

FourValues
 31 
 [0, 0, 0, 0, 1] 
 [0, 0, 0, 0, 1] 
 0.7864583333333334 

FourValues
 31 
 [0, 0, 0, 1, 0] 
 [0, 0, 0, 1, 0] 
 0.7768595041322314 

FourValues
 31 
 [0, 0, 1, 0, 0] 
 [0, 0, 1, 0, 0] 
 0.77783203125 

FourValues
 31 
 [0, 1, 0, 0, 0] 
 [0, 1, 0, 0, 0] 
 0.79345703125 

FourValues
 31 
 [0, 1, 1, 1, 1] 
 [1, 0, 0, 0, 0] 
 0.7890625 

FourValues
 31 
 [1, 0, 0, 0, 0] 
 [1, 0, 0, 0, 0] 
 0.77978515625 

FourValues
 31 
 [1, 0, 1, 1, 1] 
 [0, 1, 0, 0, 0] 
 0.7958984375 

FourValues
 31 
 [1, 1, 0, 1, 1] 
 [0, 0, 1, 0, 0] 
 0.783203125 

FourValues
 31 
 [1, 1, 1, 0, 1] 
 [0, 0, 0, 1, 0] 
 0.7804752066115702 

FourValues
 31 
 [1, 1, 1, 1, 0] 
 [0, 0, 0, 0, 1] 
 0.7875 

FourValues
 31 
 [1, 1, 1, 1, 1] 
 [0, 0, 0, 0, 1] 
 0.7869791666666667 

FourValues
 31 
 [1, 1, 1, 1, 1] 
 [0, 0, 0, 1, 0] 
 0.7804752066115702 

FourValues
 31 
 [1, 1, 1, 1, 1] 
 [0, 0, 1, 0, 0] 
 0.783203125 

FourValues
 31 
 [1, 1, 1, 1, 1] 
 [0, 1, 0, 0, 0] 
 0.794921875 

FourValues
 31 
 [1, 1, 1, 1, 1] 
 [1, 0, 0, 0, 0] 
 0.7900390625 

DataShapley
 32 
 [1] 
 [1, 1, 1, 1, 1] 
 0.7866 

DataShapley
 32 
 [1, 2] 
 [1, 1, 1, 1, 1] 
 0.7884 

DataShapley
 32 
 [1, 2, 4] 
 [1, 1, 1, 1, 1] 
 0.7881 

DataShapley
 32 
 [1, 2, 4, 0] 
 [1, 1, 1, 1, 1] 
 0.7873 

DataShapley
 32 
 [1, 2, 4, 0, 3] 
 [1, 1, 1, 1, 1] 
 0.7878 

FourValues
 32 
 [0, 0, 0, 0, 1] 
 [0, 0, 0, 0, 1] 
 0.7828125 

FourValues
 32 
 [0, 0, 0, 1, 0] 
 [0, 0, 0, 1, 0] 
 0.78150826446281 

FourValues
 32 
 [0, 0, 1, 0, 0] 
 [0, 0, 1, 0, 0] 
 0.78076171875 

FourValues
 32 
 [0, 1, 0, 0, 0] 
 [0, 1, 0, 0, 0] 
 0.79638671875 

FourValues
 32 
 [0, 1, 1, 1, 1] 
 [1, 0, 0, 0, 0] 
 0.79150390625 

FourValues
 32 
 [1, 0, 0, 0, 0] 
 [1, 0, 0, 0, 0] 
 0.78857421875 

FourValues
 32 
 [1, 0, 1, 1, 1] 
 [0, 1, 0, 0, 0] 
 0.79638671875 

FourValues
 32 
 [1, 1, 0, 1, 1] 
 [0, 0, 1, 0, 0] 
 0.78076171875 

FourValues
 32 
 [1, 1, 1, 0, 1] 
 [0, 0, 0, 1, 0] 
 0.7820247933884298 

FourValues
 32 
 [1, 1, 1, 1, 0] 
 [0, 0, 0, 0, 1] 
 0.7885416666666667 

FourValues
 32 
 [1, 1, 1, 1, 1] 
 [0, 0, 0, 0, 1] 
 0.7880208333333333 

FourValues
 32 
 [1, 1, 1, 1, 1] 
 [0, 0, 0, 1, 0] 
 0.7825413223140496 

FourValues
 32 
 [1, 1, 1, 1, 1] 
 [0, 0, 1, 0, 0] 
 0.78125 

FourValues
 32 
 [1, 1, 1, 1, 1] 
 [0, 1, 0, 0, 0] 
 0.7958984375 

FourValues
 32 
 [1, 1, 1, 1, 1] 
 [1, 0, 0, 0, 0] 
 0.791015625 

DataShapley
 33 
 [2] 
 [1, 1, 1, 1, 1] 
 0.7815 

DataShapley
 33 
 [2, 0] 
 [1, 1, 1, 1, 1] 
 0.7852 

DataShapley
 33 
 [2, 0, 4] 
 [1, 1, 1, 1, 1] 
 0.7847 

DataShapley
 33 
 [2, 0, 4, 3] 
 [1, 1, 1, 1, 1] 
 0.7859 

DataShapley
 33 
 [2, 0, 4, 3, 1] 
 [1, 1, 1, 1, 1] 
 0.7867 

FourValues
 33 
 [0, 0, 0, 0, 1] 
 [0, 0, 0, 0, 1] 
 0.7807291666666667 

FourValues
 33 
 [0, 0, 0, 1, 0] 
 [0, 0, 0, 1, 0] 
 0.7820247933884298 

FourValues
 33 
 [0, 0, 1, 0, 0] 
 [0, 0, 1, 0, 0] 
 0.7744140625 

FourValues
 33 
 [0, 1, 0, 0, 0] 
 [0, 1, 0, 0, 0] 
 0.7919921875 

FourValues
 33 
 [0, 1, 1, 1, 1] 
 [1, 0, 0, 0, 0] 
 0.78759765625 

FourValues
 33 
 [1, 0, 0, 0, 0] 
 [1, 0, 0, 0, 0] 
 0.787109375 

FourValues
 33 
 [1, 0, 1, 1, 1] 
 [0, 1, 0, 0, 0] 
 0.79443359375 

FourValues
 33 
 [1, 1, 0, 1, 1] 
 [0, 0, 1, 0, 0] 
 0.77880859375 

FourValues
 33 
 [1, 1, 1, 0, 1] 
 [0, 0, 0, 1, 0] 
 0.78099173553719 

FourValues
 33 
 [1, 1, 1, 1, 0] 
 [0, 0, 0, 0, 1] 
 0.7875 

FourValues
 33 
 [1, 1, 1, 1, 1] 
 [0, 0, 0, 0, 1] 
 0.7880208333333333 

FourValues
 33 
 [1, 1, 1, 1, 1] 
 [0, 0, 0, 1, 0] 
 0.7820247933884298 

FourValues
 33 
 [1, 1, 1, 1, 1] 
 [0, 0, 1, 0, 0] 
 0.77880859375 

FourValues
 33 
 [1, 1, 1, 1, 1] 
 [0, 1, 0, 0, 0] 
 0.79541015625 

FourValues
 33 
 [1, 1, 1, 1, 1] 
 [1, 0, 0, 0, 0] 
 0.7890625 

DataShapley
 34 
 [2] 
 [1, 1, 1, 1, 1] 
 0.784 

DataShapley
 34 
 [2, 3] 
 [1, 1, 1, 1, 1] 
 0.786 

DataShapley
 34 
 [2, 3, 4] 
 [1, 1, 1, 1, 1] 
 0.7866 

DataShapley
 34 
 [2, 3, 4, 1] 
 [1, 1, 1, 1, 1] 
 0.7874 

DataShapley
 34 
 [2, 3, 4, 1, 0] 
 [1, 1, 1, 1, 1] 
 0.788 

FourValues
 34 
 [0, 0, 0, 0, 1] 
 [0, 0, 0, 0, 1] 
 0.7859375 

FourValues
 34 
 [0, 0, 0, 1, 0] 
 [0, 0, 0, 1, 0] 
 0.7799586776859504 

FourValues
 34 
 [0, 0, 1, 0, 0] 
 [0, 0, 1, 0, 0] 
 0.77734375 

FourValues
 34 
 [0, 1, 0, 0, 0] 
 [0, 1, 0, 0, 0] 
 0.79296875 

FourValues
 34 
 [0, 1, 1, 1, 1] 
 [1, 0, 0, 0, 0] 
 0.78955078125 

FourValues
 34 
 [1, 0, 0, 0, 0] 
 [1, 0, 0, 0, 0] 
 0.7900390625 

FourValues
 34 
 [1, 0, 1, 1, 1] 
 [0, 1, 0, 0, 0] 
 0.79638671875 

FourValues
 34 
 [1, 1, 0, 1, 1] 
 [0, 0, 1, 0, 0] 
 0.77880859375 

FourValues
 34 
 [1, 1, 1, 0, 1] 
 [0, 0, 0, 1, 0] 
 0.7840909090909091 

FourValues
 34 
 [1, 1, 1, 1, 0] 
 [0, 0, 0, 0, 1] 
 0.7880208333333333 

FourValues
 34 
 [1, 1, 1, 1, 1] 
 [0, 0, 0, 0, 1] 
 0.7885416666666667 

FourValues
 34 
 [1, 1, 1, 1, 1] 
 [0, 0, 0, 1, 0] 
 0.7830578512396694 

FourValues
 34 
 [1, 1, 1, 1, 1] 
 [0, 0, 1, 0, 0] 
 0.78076171875 

FourValues
 34 
 [1, 1, 1, 1, 1] 
 [0, 1, 0, 0, 0] 
 0.79638671875 

FourValues
 34 
 [1, 1, 1, 1, 1] 
 [1, 0, 0, 0, 0] 
 0.791015625 

DataShapley
 35 
 [4] 
 [1, 1, 1, 1, 1] 
 0.7861 

DataShapley
 35 
 [4, 2] 
 [1, 1, 1, 1, 1] 
 0.7881 

DataShapley
 35 
 [4, 2, 0] 
 [1, 1, 1, 1, 1] 
 0.7887 

DataShapley
 35 
 [4, 2, 0, 1] 
 [1, 1, 1, 1, 1] 
 0.7896 

DataShapley
 35 
 [4, 2, 0, 1, 3] 
 [1, 1, 1, 1, 1] 
 0.7893 

FourValues
 35 
 [0, 0, 0, 0, 1] 
 [0, 0, 0, 0, 1] 
 0.7880208333333333 

FourValues
 35 
 [0, 0, 0, 1, 0] 
 [0, 0, 0, 1, 0] 
 0.7799586776859504 

FourValues
 35 
 [0, 0, 1, 0, 0] 
 [0, 0, 1, 0, 0] 
 0.78125 

FourValues
 35 
 [0, 1, 0, 0, 0] 
 [0, 1, 0, 0, 0] 
 0.79345703125 

FourValues
 35 
 [0, 1, 1, 1, 1] 
 [1, 0, 0, 0, 0] 
 0.79345703125 

FourValues
 35 
 [1, 0, 0, 0, 0] 
 [1, 0, 0, 0, 0] 
 0.791015625 

FourValues
 35 
 [1, 0, 1, 1, 1] 
 [0, 1, 0, 0, 0] 
 0.79638671875 

FourValues
 35 
 [1, 1, 0, 1, 1] 
 [0, 0, 1, 0, 0] 
 0.7802734375 

FourValues
 35 
 [1, 1, 1, 0, 1] 
 [0, 0, 0, 1, 0] 
 0.7840909090909091 

FourValues
 35 
 [1, 1, 1, 1, 0] 
 [0, 0, 0, 0, 1] 
 0.7901041666666667 

FourValues
 35 
 [1, 1, 1, 1, 1] 
 [0, 0, 0, 0, 1] 
 0.790625 

FourValues
 35 
 [1, 1, 1, 1, 1] 
 [0, 0, 0, 1, 0] 
 0.7835743801652892 

FourValues
 35 
 [1, 1, 1, 1, 1] 
 [0, 0, 1, 0, 0] 
 0.78125 

FourValues
 35 
 [1, 1, 1, 1, 1] 
 [0, 1, 0, 0, 0] 
 0.79736328125 

FourValues
 35 
 [1, 1, 1, 1, 1] 
 [1, 0, 0, 0, 0] 
 0.79345703125 

DataShapley
 36 
 [4] 
 [1, 1, 1, 1, 1] 
 0.7859 

DataShapley
 36 
 [4, 0] 
 [1, 1, 1, 1, 1] 
 0.7894 

DataShapley
 36 
 [4, 0, 1] 
 [1, 1, 1, 1, 1] 
 0.7889 

DataShapley
 36 
 [4, 0, 1, 3] 
 [1, 1, 1, 1, 1] 
 0.7888 

DataShapley
 36 
 [4, 0, 1, 3, 2] 
 [1, 1, 1, 1, 1] 
 0.7889 

FourValues
 36 
 [0, 0, 0, 0, 1] 
 [0, 0, 0, 0, 1] 
 0.7890625 

FourValues
 36 
 [0, 0, 0, 1, 0] 
 [0, 0, 0, 1, 0] 
 0.7830578512396694 

FourValues
 36 
 [0, 0, 1, 0, 0] 
 [0, 0, 1, 0, 0] 
 0.7763671875 

FourValues
 36 
 [0, 1, 0, 0, 0] 
 [0, 1, 0, 0, 0] 
 0.79443359375 

FourValues
 36 
 [0, 1, 1, 1, 1] 
 [1, 0, 0, 0, 0] 
 0.79052734375 

FourValues
 36 
 [1, 0, 0, 0, 0] 
 [1, 0, 0, 0, 0] 
 0.79296875 

FourValues
 36 
 [1, 0, 1, 1, 1] 
 [0, 1, 0, 0, 0] 
 0.79736328125 

FourValues
 36 
 [1, 1, 0, 1, 1] 
 [0, 0, 1, 0, 0] 
 0.7822265625 

FourValues
 36 
 [1, 1, 1, 0, 1] 
 [0, 0, 0, 1, 0] 
 0.7835743801652892 

FourValues
 36 
 [1, 1, 1, 1, 0] 
 [0, 0, 0, 0, 1] 
 0.7901041666666667 

FourValues
 36 
 [1, 1, 1, 1, 1] 
 [0, 0, 0, 0, 1] 
 0.7901041666666667 

FourValues
 36 
 [1, 1, 1, 1, 1] 
 [0, 0, 0, 1, 0] 
 0.7835743801652892 

FourValues
 36 
 [1, 1, 1, 1, 1] 
 [0, 0, 1, 0, 0] 
 0.7822265625 

FourValues
 36 
 [1, 1, 1, 1, 1] 
 [0, 1, 0, 0, 0] 
 0.79736328125 

FourValues
 36 
 [1, 1, 1, 1, 1] 
 [1, 0, 0, 0, 0] 
 0.791015625 

DataShapley
 37 
 [3] 
 [1, 1, 1, 1, 1] 
 0.7866 

DataShapley
 37 
 [3, 1] 
 [1, 1, 1, 1, 1] 
 0.787 

DataShapley
 37 
 [3, 1, 0] 
 [1, 1, 1, 1, 1] 
 0.788 

DataShapley
 37 
 [3, 1, 0, 4] 
 [1, 1, 1, 1, 1] 
 0.7876 

DataShapley
 37 
 [3, 1, 0, 4, 2] 
 [1, 1, 1, 1, 1] 
 0.7879 

FourValues
 37 
 [0, 0, 0, 0, 1] 
 [0, 0, 0, 0, 1] 
 0.7859375 

FourValues
 37 
 [0, 0, 0, 1, 0] 
 [0, 0, 0, 1, 0] 
 0.7820247933884298 

FourValues
 37 
 [0, 0, 1, 0, 0] 
 [0, 0, 1, 0, 0] 
 0.78125 

FourValues
 37 
 [0, 1, 0, 0, 0] 
 [0, 1, 0, 0, 0] 
 0.79248046875 

FourValues
 37 
 [0, 1, 1, 1, 1] 
 [1, 0, 0, 0, 0] 
 0.78857421875 

FourValues
 37 
 [1, 0, 0, 0, 0] 
 [1, 0, 0, 0, 0] 
 0.78662109375 

FourValues
 37 
 [1, 0, 1, 1, 1] 
 [0, 1, 0, 0, 0] 
 0.7939453125 

FourValues
 37 
 [1, 1, 0, 1, 1] 
 [0, 0, 1, 0, 0] 
 0.78369140625 

FourValues
 37 
 [1, 1, 1, 0, 1] 
 [0, 0, 0, 1, 0] 
 0.7835743801652892 

FourValues
 37 
 [1, 1, 1, 1, 0] 
 [0, 0, 0, 0, 1] 
 0.7895833333333333 

FourValues
 37 
 [1, 1, 1, 1, 1] 
 [0, 0, 0, 0, 1] 
 0.7890625 

FourValues
 37 
 [1, 1, 1, 1, 1] 
 [0, 0, 0, 1, 0] 
 0.7835743801652892 

FourValues
 37 
 [1, 1, 1, 1, 1] 
 [0, 0, 1, 0, 0] 
 0.783203125 

FourValues
 37 
 [1, 1, 1, 1, 1] 
 [0, 1, 0, 0, 0] 
 0.7939453125 

FourValues
 37 
 [1, 1, 1, 1, 1] 
 [1, 0, 0, 0, 0] 
 0.78955078125 

DataShapley
 38 
 [3] 
 [1, 1, 1, 1, 1] 
 0.7865 

DataShapley
 38 
 [3, 1] 
 [1, 1, 1, 1, 1] 
 0.7888 

DataShapley
 38 
 [3, 1, 2] 
 [1, 1, 1, 1, 1] 
 0.7877 

DataShapley
 38 
 [3, 1, 2, 4] 
 [1, 1, 1, 1, 1] 
 0.7883 

DataShapley
 38 
 [3, 1, 2, 4, 0] 
 [1, 1, 1, 1, 1] 
 0.7886 

FourValues
 38 
 [0, 0, 0, 0, 1] 
 [0, 0, 0, 0, 1] 
 0.784375 

FourValues
 38 
 [0, 0, 0, 1, 0] 
 [0, 0, 0, 1, 0] 
 0.7830578512396694 

FourValues
 38 
 [0, 0, 1, 0, 0] 
 [0, 0, 1, 0, 0] 
 0.78271484375 

FourValues
 38 
 [0, 1, 0, 0, 0] 
 [0, 1, 0, 0, 0] 
 0.794921875 

FourValues
 38 
 [0, 1, 1, 1, 1] 
 [1, 0, 0, 0, 0] 
 0.7919921875 

FourValues
 38 
 [1, 0, 0, 0, 0] 
 [1, 0, 0, 0, 0] 
 0.787109375 

FourValues
 38 
 [1, 0, 1, 1, 1] 
 [0, 1, 0, 0, 0] 
 0.794921875 

FourValues
 38 
 [1, 1, 0, 1, 1] 
 [0, 0, 1, 0, 0] 
 0.783203125 

FourValues
 38 
 [1, 1, 1, 0, 1] 
 [0, 0, 0, 1, 0] 
 0.78099173553719 

FourValues
 38 
 [1, 1, 1, 1, 0] 
 [0, 0, 0, 0, 1] 
 0.7885416666666667 

FourValues
 38 
 [1, 1, 1, 1, 1] 
 [0, 0, 0, 0, 1] 
 0.7895833333333333 

FourValues
 38 
 [1, 1, 1, 1, 1] 
 [0, 0, 0, 1, 0] 
 0.78099173553719 

FourValues
 38 
 [1, 1, 1, 1, 1] 
 [0, 0, 1, 0, 0] 
 0.78466796875 

FourValues
 38 
 [1, 1, 1, 1, 1] 
 [0, 1, 0, 0, 0] 
 0.7958984375 

FourValues
 38 
 [1, 1, 1, 1, 1] 
 [1, 0, 0, 0, 0] 
 0.79150390625 

DataShapley
 39 
 [4] 
 [1, 1, 1, 1, 1] 
 0.7822 

DataShapley
 39 
 [4, 1] 
 [1, 1, 1, 1, 1] 
 0.785 

DataShapley
 39 
 [4, 1, 2] 
 [1, 1, 1, 1, 1] 
 0.7859 

DataShapley
 39 
 [4, 1, 2, 0] 
 [1, 1, 1, 1, 1] 
 0.7862 

DataShapley
 39 
 [4, 1, 2, 0, 3] 
 [1, 1, 1, 1, 1] 
 0.7868 

FourValues
 39 
 [0, 0, 0, 0, 1] 
 [0, 0, 0, 0, 1] 
 0.7838541666666666 

FourValues
 39 
 [0, 0, 0, 1, 0] 
 [0, 0, 0, 1, 0] 
 0.7804752066115702 

FourValues
 39 
 [0, 0, 1, 0, 0] 
 [0, 0, 1, 0, 0] 
 0.78466796875 

FourValues
 39 
 [0, 1, 0, 0, 0] 
 [0, 1, 0, 0, 0] 
 0.7939453125 

FourValues
 39 
 [0, 1, 1, 1, 1] 
 [1, 0, 0, 0, 0] 
 0.78759765625 

FourValues
 39 
 [1, 0, 0, 0, 0] 
 [1, 0, 0, 0, 0] 
 0.78759765625 

FourValues
 39 
 [1, 0, 1, 1, 1] 
 [0, 1, 0, 0, 0] 
 0.79541015625 

FourValues
 39 
 [1, 1, 0, 1, 1] 
 [0, 0, 1, 0, 0] 
 0.77880859375 

FourValues
 39 
 [1, 1, 1, 0, 1] 
 [0, 0, 0, 1, 0] 
 0.7799586776859504 

FourValues
 39 
 [1, 1, 1, 1, 0] 
 [0, 0, 0, 0, 1] 
 0.7885416666666667 

FourValues
 39 
 [1, 1, 1, 1, 1] 
 [0, 0, 0, 0, 1] 
 0.7880208333333333 

FourValues
 39 
 [1, 1, 1, 1, 1] 
 [0, 0, 0, 1, 0] 
 0.7820247933884298 

FourValues
 39 
 [1, 1, 1, 1, 1] 
 [0, 0, 1, 0, 0] 
 0.78076171875 

FourValues
 39 
 [1, 1, 1, 1, 1] 
 [0, 1, 0, 0, 0] 
 0.794921875 

FourValues
 39 
 [1, 1, 1, 1, 1] 
 [1, 0, 0, 0, 0] 
 0.7880859375 

DataShapley
 40 
 [2] 
 [1, 1, 1, 1, 1] 
 0.7868 

DataShapley
 40 
 [2, 0] 
 [1, 1, 1, 1, 1] 
 0.788 

DataShapley
 40 
 [2, 0, 3] 
 [1, 1, 1, 1, 1] 
 0.7887 

DataShapley
 40 
 [2, 0, 3, 4] 
 [1, 1, 1, 1, 1] 
 0.7889 

DataShapley
 40 
 [2, 0, 3, 4, 1] 
 [1, 1, 1, 1, 1] 
 0.7894 

FourValues
 40 
 [0, 0, 0, 0, 1] 
 [0, 0, 0, 0, 1] 
 0.7848958333333333 

FourValues
 40 
 [0, 0, 0, 1, 0] 
 [0, 0, 0, 1, 0] 
 0.7820247933884298 

FourValues
 40 
 [0, 0, 1, 0, 0] 
 [0, 0, 1, 0, 0] 
 0.78173828125 

FourValues
 40 
 [0, 1, 0, 0, 0] 
 [0, 1, 0, 0, 0] 
 0.7939453125 

FourValues
 40 
 [0, 1, 1, 1, 1] 
 [1, 0, 0, 0, 0] 
 0.7919921875 

FourValues
 40 
 [1, 0, 0, 0, 0] 
 [1, 0, 0, 0, 0] 
 0.7900390625 

FourValues
 40 
 [1, 0, 1, 1, 1] 
 [0, 1, 0, 0, 0] 
 0.79736328125 

FourValues
 40 
 [1, 1, 0, 1, 1] 
 [0, 0, 1, 0, 0] 
 0.7841796875 

FourValues
 40 
 [1, 1, 1, 0, 1] 
 [0, 0, 0, 1, 0] 
 0.7825413223140496 

FourValues
 40 
 [1, 1, 1, 1, 0] 
 [0, 0, 0, 0, 1] 
 0.7880208333333333 

FourValues
 40 
 [1, 1, 1, 1, 1] 
 [0, 0, 0, 0, 1] 
 0.7890625 

FourValues
 40 
 [1, 1, 1, 1, 1] 
 [0, 0, 0, 1, 0] 
 0.7835743801652892 

FourValues
 40 
 [1, 1, 1, 1, 1] 
 [0, 0, 1, 0, 0] 
 0.7841796875 

FourValues
 40 
 [1, 1, 1, 1, 1] 
 [0, 1, 0, 0, 0] 
 0.79736328125 

FourValues
 40 
 [1, 1, 1, 1, 1] 
 [1, 0, 0, 0, 0] 
 0.79248046875 

DataShapley
 41 
 [4] 
 [1, 1, 1, 1, 1] 
 0.7827 

DataShapley
 41 
 [4, 0] 
 [1, 1, 1, 1, 1] 
 0.7871 

DataShapley
 41 
 [4, 0, 1] 
 [1, 1, 1, 1, 1] 
 0.7882 

DataShapley
 41 
 [4, 0, 1, 2] 
 [1, 1, 1, 1, 1] 
 0.7887 

DataShapley
 41 
 [4, 0, 1, 2, 3] 
 [1, 1, 1, 1, 1] 
 0.7887 

FourValues
 41 
 [0, 0, 0, 0, 1] 
 [0, 0, 0, 0, 1] 
 0.7828125 

FourValues
 41 
 [0, 0, 0, 1, 0] 
 [0, 0, 0, 1, 0] 
 0.78150826446281 

FourValues
 41 
 [0, 0, 1, 0, 0] 
 [0, 0, 1, 0, 0] 
 0.7783203125 

FourValues
 41 
 [0, 1, 0, 0, 0] 
 [0, 1, 0, 0, 0] 
 0.7958984375 

FourValues
 41 
 [0, 1, 1, 1, 1] 
 [1, 0, 0, 0, 0] 
 0.79150390625 

FourValues
 41 
 [1, 0, 0, 0, 0] 
 [1, 0, 0, 0, 0] 
 0.7890625 

FourValues
 41 
 [1, 0, 1, 1, 1] 
 [0, 1, 0, 0, 0] 
 0.794921875 

FourValues
 41 
 [1, 1, 0, 1, 1] 
 [0, 0, 1, 0, 0] 
 0.783203125 

FourValues
 41 
 [1, 1, 1, 0, 1] 
 [0, 0, 0, 1, 0] 
 0.7830578512396694 

FourValues
 41 
 [1, 1, 1, 1, 0] 
 [0, 0, 0, 0, 1] 
 0.7875 

FourValues
 41 
 [1, 1, 1, 1, 1] 
 [0, 0, 0, 0, 1] 
 0.7890625 

FourValues
 41 
 [1, 1, 1, 1, 1] 
 [0, 0, 0, 1, 0] 
 0.7830578512396694 

FourValues
 41 
 [1, 1, 1, 1, 1] 
 [0, 0, 1, 0, 0] 
 0.783203125 

FourValues
 41 
 [1, 1, 1, 1, 1] 
 [0, 1, 0, 0, 0] 
 0.7958984375 

FourValues
 41 
 [1, 1, 1, 1, 1] 
 [1, 0, 0, 0, 0] 
 0.7919921875 

DataShapley
 42 
 [4] 
 [1, 1, 1, 1, 1] 
 0.7895 

DataShapley
 42 
 [4, 0] 
 [1, 1, 1, 1, 1] 
 0.7886 

DataShapley
 42 
 [4, 0, 2] 
 [1, 1, 1, 1, 1] 
 0.7889 

DataShapley
 42 
 [4, 0, 2, 1] 
 [1, 1, 1, 1, 1] 
 0.7891 

DataShapley
 42 
 [4, 0, 2, 1, 3] 
 [1, 1, 1, 1, 1] 
 0.7891 

FourValues
 42 
 [0, 0, 0, 0, 1] 
 [0, 0, 0, 0, 1] 
 0.7901041666666667 

FourValues
 42 
 [0, 0, 0, 1, 0] 
 [0, 0, 0, 1, 0] 
 0.78099173553719 

FourValues
 42 
 [0, 0, 1, 0, 0] 
 [0, 0, 1, 0, 0] 
 0.7822265625 

FourValues
 42 
 [0, 1, 0, 0, 0] 
 [0, 1, 0, 0, 0] 
 0.7958984375 

FourValues
 42 
 [0, 1, 1, 1, 1] 
 [1, 0, 0, 0, 0] 
 0.7919921875 

FourValues
 42 
 [1, 0, 0, 0, 0] 
 [1, 0, 0, 0, 0] 
 0.7900390625 

FourValues
 42 
 [1, 0, 1, 1, 1] 
 [0, 1, 0, 0, 0] 
 0.7958984375 

FourValues
 42 
 [1, 1, 0, 1, 1] 
 [0, 0, 1, 0, 0] 
 0.783203125 

FourValues
 42 
 [1, 1, 1, 0, 1] 
 [0, 0, 0, 1, 0] 
 0.7830578512396694 

FourValues
 42 
 [1, 1, 1, 1, 0] 
 [0, 0, 0, 0, 1] 
 0.7890625 

FourValues
 42 
 [1, 1, 1, 1, 1] 
 [0, 0, 0, 0, 1] 
 0.7895833333333333 

FourValues
 42 
 [1, 1, 1, 1, 1] 
 [0, 0, 0, 1, 0] 
 0.7825413223140496 

FourValues
 42 
 [1, 1, 1, 1, 1] 
 [0, 0, 1, 0, 0] 
 0.78369140625 

FourValues
 42 
 [1, 1, 1, 1, 1] 
 [0, 1, 0, 0, 0] 
 0.79736328125 

FourValues
 42 
 [1, 1, 1, 1, 1] 
 [1, 0, 0, 0, 0] 
 0.7919921875 

DataShapley
 43 
 [2] 
 [1, 1, 1, 1, 1] 
 0.7876 

DataShapley
 43 
 [2, 1] 
 [1, 1, 1, 1, 1] 
 0.7884 

DataShapley
 43 
 [2, 1, 3] 
 [1, 1, 1, 1, 1] 
 0.7892 

DataShapley
 43 
 [2, 1, 3, 0] 
 [1, 1, 1, 1, 1] 
 0.7888 

DataShapley
 43 
 [2, 1, 3, 0, 4] 
 [1, 1, 1, 1, 1] 
 0.7887 

FourValues
 43 
 [0, 0, 0, 0, 1] 
 [0, 0, 0, 0, 1] 
 0.7880208333333333 

FourValues
 43 
 [0, 0, 0, 1, 0] 
 [0, 0, 0, 1, 0] 
 0.7804752066115702 

FourValues
 43 
 [0, 0, 1, 0, 0] 
 [0, 0, 1, 0, 0] 
 0.78076171875 

FourValues
 43 
 [0, 1, 0, 0, 0] 
 [0, 1, 0, 0, 0] 
 0.79638671875 

FourValues
 43 
 [0, 1, 1, 1, 1] 
 [1, 0, 0, 0, 0] 
 0.79345703125 

FourValues
 43 
 [1, 0, 0, 0, 0] 
 [1, 0, 0, 0, 0] 
 0.78955078125 

FourValues
 43 
 [1, 0, 1, 1, 1] 
 [0, 1, 0, 0, 0] 
 0.7958984375 

FourValues
 43 
 [1, 1, 0, 1, 1] 
 [0, 0, 1, 0, 0] 
 0.78466796875 

FourValues
 43 
 [1, 1, 1, 0, 1] 
 [0, 0, 0, 1, 0] 
 0.7825413223140496 

FourValues
 43 
 [1, 1, 1, 1, 0] 
 [0, 0, 0, 0, 1] 
 0.7890625 

FourValues
 43 
 [1, 1, 1, 1, 1] 
 [0, 0, 0, 0, 1] 
 0.7885416666666667 

FourValues
 43 
 [1, 1, 1, 1, 1] 
 [0, 0, 0, 1, 0] 
 0.7825413223140496 

FourValues
 43 
 [1, 1, 1, 1, 1] 
 [0, 0, 1, 0, 0] 
 0.78466796875 

FourValues
 43 
 [1, 1, 1, 1, 1] 
 [0, 1, 0, 0, 0] 
 0.79541015625 

FourValues
 43 
 [1, 1, 1, 1, 1] 
 [1, 0, 0, 0, 0] 
 0.7919921875 

DataShapley
 44 
 [1] 
 [1, 1, 1, 1, 1] 
 0.7865 

DataShapley
 44 
 [1, 2] 
 [1, 1, 1, 1, 1] 
 0.7869 

DataShapley
 44 
 [1, 2, 3] 
 [1, 1, 1, 1, 1] 
 0.7884 

DataShapley
 44 
 [1, 2, 3, 4] 
 [1, 1, 1, 1, 1] 
 0.7883 

DataShapley
 44 
 [1, 2, 3, 4, 0] 
 [1, 1, 1, 1, 1] 
 0.7887 

FourValues
 44 
 [0, 0, 0, 0, 1] 
 [0, 0, 0, 0, 1] 
 0.7895833333333333 

FourValues
 44 
 [0, 0, 0, 1, 0] 
 [0, 0, 0, 1, 0] 
 0.7820247933884298 

FourValues
 44 
 [0, 0, 1, 0, 0] 
 [0, 0, 1, 0, 0] 
 0.77734375 

FourValues
 44 
 [0, 1, 0, 0, 0] 
 [0, 1, 0, 0, 0] 
 0.79638671875 

FourValues
 44 
 [0, 1, 1, 1, 1] 
 [1, 0, 0, 0, 0] 
 0.791015625 

FourValues
 44 
 [1, 0, 0, 0, 0] 
 [1, 0, 0, 0, 0] 
 0.79052734375 

FourValues
 44 
 [1, 0, 1, 1, 1] 
 [0, 1, 0, 0, 0] 
 0.79736328125 

FourValues
 44 
 [1, 1, 0, 1, 1] 
 [0, 0, 1, 0, 0] 
 0.78173828125 

FourValues
 44 
 [1, 1, 1, 0, 1] 
 [0, 0, 0, 1, 0] 
 0.7830578512396694 

FourValues
 44 
 [1, 1, 1, 1, 0] 
 [0, 0, 0, 0, 1] 
 0.7895833333333333 

FourValues
 44 
 [1, 1, 1, 1, 1] 
 [0, 0, 0, 0, 1] 
 0.7895833333333333 

FourValues
 44 
 [1, 1, 1, 1, 1] 
 [0, 0, 0, 1, 0] 
 0.7825413223140496 

FourValues
 44 
 [1, 1, 1, 1, 1] 
 [0, 0, 1, 0, 0] 
 0.78125 

FourValues
 44 
 [1, 1, 1, 1, 1] 
 [0, 1, 0, 0, 0] 
 0.79833984375 

FourValues
 44 
 [1, 1, 1, 1, 1] 
 [1, 0, 0, 0, 0] 
 0.79150390625 

DataShapley
 45 
 [2] 
 [1, 1, 1, 1, 1] 
 0.7859 

DataShapley
 45 
 [2, 3] 
 [1, 1, 1, 1, 1] 
 0.7866 

DataShapley
 45 
 [2, 3, 1] 
 [1, 1, 1, 1, 1] 
 0.7879 

DataShapley
 45 
 [2, 3, 1, 4] 
 [1, 1, 1, 1, 1] 
 0.7883 

DataShapley
 45 
 [2, 3, 1, 4, 0] 
 [1, 1, 1, 1, 1] 
 0.7885 

FourValues
 45 
 [0, 0, 0, 0, 1] 
 [0, 0, 0, 0, 1] 
 0.7838541666666666 

FourValues
 45 
 [0, 0, 0, 1, 0] 
 [0, 0, 0, 1, 0] 
 0.7773760330578512 

FourValues
 45 
 [0, 0, 1, 0, 0] 
 [0, 0, 1, 0, 0] 
 0.779296875 

FourValues
 45 
 [0, 1, 0, 0, 0] 
 [0, 1, 0, 0, 0] 
 0.79541015625 

FourValues
 45 
 [0, 1, 1, 1, 1] 
 [1, 0, 0, 0, 0] 
 0.791015625 

FourValues
 45 
 [1, 0, 0, 0, 0] 
 [1, 0, 0, 0, 0] 
 0.791015625 

FourValues
 45 
 [1, 0, 1, 1, 1] 
 [0, 1, 0, 0, 0] 
 0.79638671875 

FourValues
 45 
 [1, 1, 0, 1, 1] 
 [0, 0, 1, 0, 0] 
 0.78466796875 

FourValues
 45 
 [1, 1, 1, 0, 1] 
 [0, 0, 0, 1, 0] 
 0.7825413223140496 

FourValues
 45 
 [1, 1, 1, 1, 0] 
 [0, 0, 0, 0, 1] 
 0.7890625 

FourValues
 45 
 [1, 1, 1, 1, 1] 
 [0, 0, 0, 0, 1] 
 0.7890625 

FourValues
 45 
 [1, 1, 1, 1, 1] 
 [0, 0, 0, 1, 0] 
 0.78150826446281 

FourValues
 45 
 [1, 1, 1, 1, 1] 
 [0, 0, 1, 0, 0] 
 0.78466796875 

FourValues
 45 
 [1, 1, 1, 1, 1] 
 [0, 1, 0, 0, 0] 
 0.79638671875 

FourValues
 45 
 [1, 1, 1, 1, 1] 
 [1, 0, 0, 0, 0] 
 0.79052734375 

DataShapley
 46 
 [1] 
 [1, 1, 1, 1, 1] 
 0.7879 

DataShapley
 46 
 [1, 0] 
 [1, 1, 1, 1, 1] 
 0.7878 

DataShapley
 46 
 [1, 0, 2] 
 [1, 1, 1, 1, 1] 
 0.7885 

DataShapley
 46 
 [1, 0, 2, 4] 
 [1, 1, 1, 1, 1] 
 0.7886 

DataShapley
 46 
 [1, 0, 2, 4, 3] 
 [1, 1, 1, 1, 1] 
 0.7888 

FourValues
 46 
 [0, 0, 0, 0, 1] 
 [0, 0, 0, 0, 1] 
 0.7864583333333334 

FourValues
 46 
 [0, 0, 0, 1, 0] 
 [0, 0, 0, 1, 0] 
 0.7825413223140496 

FourValues
 46 
 [0, 0, 1, 0, 0] 
 [0, 0, 1, 0, 0] 
 0.78173828125 

FourValues
 46 
 [0, 1, 0, 0, 0] 
 [0, 1, 0, 0, 0] 
 0.794921875 

FourValues
 46 
 [0, 1, 1, 1, 1] 
 [1, 0, 0, 0, 0] 
 0.7919921875 

FourValues
 46 
 [1, 0, 0, 0, 0] 
 [1, 0, 0, 0, 0] 
 0.79052734375 

FourValues
 46 
 [1, 0, 1, 1, 1] 
 [0, 1, 0, 0, 0] 
 0.79541015625 

FourValues
 46 
 [1, 1, 0, 1, 1] 
 [0, 0, 1, 0, 0] 
 0.78076171875 

FourValues
 46 
 [1, 1, 1, 0, 1] 
 [0, 0, 0, 1, 0] 
 0.7825413223140496 

FourValues
 46 
 [1, 1, 1, 1, 0] 
 [0, 0, 0, 0, 1] 
 0.7901041666666667 

FourValues
 46 
 [1, 1, 1, 1, 1] 
 [0, 0, 0, 0, 1] 
 0.7901041666666667 

FourValues
 46 
 [1, 1, 1, 1, 1] 
 [0, 0, 0, 1, 0] 
 0.7825413223140496 

FourValues
 46 
 [1, 1, 1, 1, 1] 
 [0, 0, 1, 0, 0] 
 0.78173828125 

FourValues
 46 
 [1, 1, 1, 1, 1] 
 [0, 1, 0, 0, 0] 
 0.79736328125 

FourValues
 46 
 [1, 1, 1, 1, 1] 
 [1, 0, 0, 0, 0] 
 0.7919921875 

DataShapley
 47 
 [4] 
 [1, 1, 1, 1, 1] 
 0.7864 

DataShapley
 47 
 [4, 2] 
 [1, 1, 1, 1, 1] 
 0.7879 

DataShapley
 47 
 [4, 2, 1] 
 [1, 1, 1, 1, 1] 
 0.7887 

DataShapley
 47 
 [4, 2, 1, 0] 
 [1, 1, 1, 1, 1] 
 0.789 

DataShapley
 47 
 [4, 2, 1, 0, 3] 
 [1, 1, 1, 1, 1] 
 0.7891 

FourValues
 47 
 [0, 0, 0, 0, 1] 
 [0, 0, 0, 0, 1] 
 0.7875 

FourValues
 47 
 [0, 0, 0, 1, 0] 
 [0, 0, 0, 1, 0] 
 0.7835743801652892 

FourValues
 47 
 [0, 0, 1, 0, 0] 
 [0, 0, 1, 0, 0] 
 0.78076171875 

FourValues
 47 
 [0, 1, 0, 0, 0] 
 [0, 1, 0, 0, 0] 
 0.794921875 

FourValues
 47 
 [0, 1, 1, 1, 1] 
 [1, 0, 0, 0, 0] 
 0.79443359375 

FourValues
 47 
 [1, 0, 0, 0, 0] 
 [1, 0, 0, 0, 0] 
 0.787109375 

FourValues
 47 
 [1, 0, 1, 1, 1] 
 [0, 1, 0, 0, 0] 
 0.79541015625 

FourValues
 47 
 [1, 1, 0, 1, 1] 
 [0, 0, 1, 0, 0] 
 0.783203125 

FourValues
 47 
 [1, 1, 1, 0, 1] 
 [0, 0, 0, 1, 0] 
 0.7840909090909091 

FourValues
 47 
 [1, 1, 1, 1, 0] 
 [0, 0, 0, 0, 1] 
 0.7895833333333333 

FourValues
 47 
 [1, 1, 1, 1, 1] 
 [0, 0, 0, 0, 1] 
 0.7895833333333333 

FourValues
 47 
 [1, 1, 1, 1, 1] 
 [0, 0, 0, 1, 0] 
 0.7835743801652892 

FourValues
 47 
 [1, 1, 1, 1, 1] 
 [0, 0, 1, 0, 0] 
 0.78271484375 

FourValues
 47 
 [1, 1, 1, 1, 1] 
 [0, 1, 0, 0, 0] 
 0.7958984375 

FourValues
 47 
 [1, 1, 1, 1, 1] 
 [1, 0, 0, 0, 0] 
 0.79345703125 

DataShapley
 48 
 [3] 
 [1, 1, 1, 1, 1] 
 0.7848 

DataShapley
 48 
 [3, 4] 
 [1, 1, 1, 1, 1] 
 0.7882 

DataShapley
 48 
 [3, 4, 2] 
 [1, 1, 1, 1, 1] 
 0.7885 

DataShapley
 48 
 [3, 4, 2, 0] 
 [1, 1, 1, 1, 1] 
 0.7891 

DataShapley
 48 
 [3, 4, 2, 0, 1] 
 [1, 1, 1, 1, 1] 
 0.7891 

FourValues
 48 
 [0, 0, 0, 0, 1] 
 [0, 0, 0, 0, 1] 
 0.7880208333333333 

FourValues
 48 
 [0, 0, 0, 1, 0] 
 [0, 0, 0, 1, 0] 
 0.7804752066115702 

FourValues
 48 
 [0, 0, 1, 0, 0] 
 [0, 0, 1, 0, 0] 
 0.7802734375 

FourValues
 48 
 [0, 1, 0, 0, 0] 
 [0, 1, 0, 0, 0] 
 0.79638671875 

FourValues
 48 
 [0, 1, 1, 1, 1] 
 [1, 0, 0, 0, 0] 
 0.79345703125 

FourValues
 48 
 [1, 0, 0, 0, 0] 
 [1, 0, 0, 0, 0] 
 0.78662109375 

FourValues
 48 
 [1, 0, 1, 1, 1] 
 [0, 1, 0, 0, 0] 
 0.79638671875 

FourValues
 48 
 [1, 1, 0, 1, 1] 
 [0, 0, 1, 0, 0] 
 0.78271484375 

FourValues
 48 
 [1, 1, 1, 0, 1] 
 [0, 0, 0, 1, 0] 
 0.7835743801652892 

FourValues
 48 
 [1, 1, 1, 1, 0] 
 [0, 0, 0, 0, 1] 
 0.7895833333333333 

FourValues
 48 
 [1, 1, 1, 1, 1] 
 [0, 0, 0, 0, 1] 
 0.790625 

FourValues
 48 
 [1, 1, 1, 1, 1] 
 [0, 0, 0, 1, 0] 
 0.7840909090909091 

FourValues
 48 
 [1, 1, 1, 1, 1] 
 [0, 0, 1, 0, 0] 
 0.78173828125 

FourValues
 48 
 [1, 1, 1, 1, 1] 
 [0, 1, 0, 0, 0] 
 0.796875 

FourValues
 48 
 [1, 1, 1, 1, 1] 
 [1, 0, 0, 0, 0] 
 0.7919921875 

DataShapley
 49 
 [2] 
 [1, 1, 1, 1, 1] 
 0.787 

DataShapley
 49 
 [2, 1] 
 [1, 1, 1, 1, 1] 
 0.7889 

DataShapley
 49 
 [2, 1, 4] 
 [1, 1, 1, 1, 1] 
 0.789 

DataShapley
 49 
 [2, 1, 4, 3] 
 [1, 1, 1, 1, 1] 
 0.7892 

DataShapley
 49 
 [2, 1, 4, 3, 0] 
 [1, 1, 1, 1, 1] 
 0.7891 

FourValues
 49 
 [0, 0, 0, 0, 1] 
 [0, 0, 0, 0, 1] 
 0.7859375 

FourValues
 49 
 [0, 0, 0, 1, 0] 
 [0, 0, 0, 1, 0] 
 0.7840909090909091 

FourValues
 49 
 [0, 0, 1, 0, 0] 
 [0, 0, 1, 0, 0] 
 0.77880859375 

FourValues
 49 
 [0, 1, 0, 0, 0] 
 [0, 1, 0, 0, 0] 
 0.79541015625 

FourValues
 49 
 [0, 1, 1, 1, 1] 
 [1, 0, 0, 0, 0] 
 0.79248046875 

FourValues
 49 
 [1, 0, 0, 0, 0] 
 [1, 0, 0, 0, 0] 
 0.78955078125 

FourValues
 49 
 [1, 0, 1, 1, 1] 
 [0, 1, 0, 0, 0] 
 0.79736328125 

FourValues
 49 
 [1, 1, 0, 1, 1] 
 [0, 0, 1, 0, 0] 
 0.7822265625 

FourValues
 49 
 [1, 1, 1, 0, 1] 
 [0, 0, 0, 1, 0] 
 0.7825413223140496 

FourValues
 49 
 [1, 1, 1, 1, 0] 
 [0, 0, 0, 0, 1] 
 0.7911458333333333 

FourValues
 49 
 [1, 1, 1, 1, 1] 
 [0, 0, 0, 0, 1] 
 0.7901041666666667 

FourValues
 49 
 [1, 1, 1, 1, 1] 
 [0, 0, 0, 1, 0] 
 0.7830578512396694 

FourValues
 49 
 [1, 1, 1, 1, 1] 
 [0, 0, 1, 0, 0] 
 0.783203125 

FourValues
 49 
 [1, 1, 1, 1, 1] 
 [0, 1, 0, 0, 0] 
 0.79736328125 

FourValues
 49 
 [1, 1, 1, 1, 1] 
 [1, 0, 0, 0, 0] 
 0.79150390625 

