
Experimental details:
    Model     : mlp
    Optimizer : sgd
    Learning  : 0.01
    Global Rounds   : 50

    Federated parameters:
    Non-IID
    Fraction of users  : 0.1
    Local Batch size   : 10
    Local Epochs       : 1


Experimental details:
    Model     : mlp
    Optimizer : sgd
    Learning  : 0.01
    Global Rounds   : 50

    Federated parameters:
    Non-IID
    Fraction of users  : 0.1
    Local Batch size   : 10
    Local Epochs       : 1

DataShapley
 0 
 [4] 
 [1, 1, 1, 1, 1] 
 0.17803157541148806 

DataShapley
 0 
 [4, 3] 
 [1, 1, 1, 1, 1] 
 0.31306684581793753 

DataShapley
 0 
 [4, 3, 1] 
 [1, 1, 1, 1, 1] 
 0.5031911320120928 

DataShapley
 0 
 [4, 3, 1, 2] 
 [1, 1, 1, 1, 1] 
 0.32180047027208597 

DataShapley
 0 
 [4, 3, 1, 2, 0] 
 [1, 1, 1, 1, 1] 
 0.31877729257641924 

FourValues
 0 
 [0, 0, 0, 0, 1] 
 [0, 0, 0, 0, 1] 
 0.6352530541012217 

FourValues
 0 
 [0, 0, 0, 1, 0] 
 [0, 0, 0, 1, 0] 
 0.6519434628975265 

FourValues
 0 
 [0, 0, 1, 0, 0] 
 [0, 0, 1, 0, 0] 
 0.62778730703259 

FourValues
 0 
 [0, 1, 0, 0, 0] 
 [0, 1, 0, 0, 0] 
 0.6928895612708018 

FourValues
 0 
 [0, 1, 1, 1, 1] 
 [1, 0, 0, 0, 0] 
 0.11784511784511785 

FourValues
 0 
 [1, 0, 0, 0, 0] 
 [1, 0, 0, 0, 0] 
 0.6515151515151515 

FourValues
 0 
 [1, 0, 1, 1, 1] 
 [0, 1, 0, 0, 0] 
 0.07261724659606657 

FourValues
 0 
 [1, 1, 0, 1, 1] 
 [0, 0, 1, 0, 0] 
 0.06174957118353345 

FourValues
 0 
 [1, 1, 1, 0, 1] 
 [0, 0, 0, 1, 0] 
 0.0 

FourValues
 0 
 [1, 1, 1, 1, 0] 
 [0, 0, 0, 0, 1] 
 0.16753926701570682 

FourValues
 0 
 [1, 1, 1, 1, 1] 
 [0, 0, 0, 0, 1] 
 0.418848167539267 

FourValues
 0 
 [1, 1, 1, 1, 1] 
 [0, 0, 0, 1, 0] 
 0.16607773851590105 

FourValues
 0 
 [1, 1, 1, 1, 1] 
 [0, 0, 1, 0, 0] 
 0.25728987993138935 

FourValues
 0 
 [1, 1, 1, 1, 1] 
 [0, 1, 0, 0, 0] 
 0.4069591527987897 

FourValues
 0 
 [1, 1, 1, 1, 1] 
 [1, 0, 0, 0, 0] 
 0.32996632996632996 

DataShapley
 1 
 [2] 
 [1, 1, 1, 1, 1] 
 0.18172657037285858 

DataShapley
 1 
 [2, 1] 
 [1, 1, 1, 1, 1] 
 0.37554585152838427 

DataShapley
 1 
 [2, 1, 3] 
 [1, 1, 1, 1, 1] 
 0.5256970104131676 

DataShapley
 1 
 [2, 1, 3, 4] 
 [1, 1, 1, 1, 1] 
 0.42861941551897886 

DataShapley
 1 
 [2, 1, 3, 4, 0] 
 [1, 1, 1, 1, 1] 
 0.42861941551897886 

FourValues
 1 
 [0, 0, 0, 0, 1] 
 [0, 0, 0, 0, 1] 
 0.9528795811518325 

FourValues
 1 
 [0, 0, 0, 1, 0] 
 [0, 0, 0, 1, 0] 
 0.6484098939929329 

FourValues
 1 
 [0, 0, 1, 0, 0] 
 [0, 0, 1, 0, 0] 
 0.6312178387650086 

FourValues
 1 
 [0, 1, 0, 0, 0] 
 [0, 1, 0, 0, 0] 
 0.6928895612708018 

FourValues
 1 
 [0, 1, 1, 1, 1] 
 [1, 0, 0, 0, 0] 
 0.22727272727272727 

FourValues
 1 
 [1, 0, 0, 0, 0] 
 [1, 0, 0, 0, 0] 
 0.6616161616161617 

FourValues
 1 
 [1, 0, 1, 1, 1] 
 [0, 1, 0, 0, 0] 
 0.17397881996974282 

FourValues
 1 
 [1, 1, 0, 1, 1] 
 [0, 0, 1, 0, 0] 
 0.19897084048027444 

FourValues
 1 
 [1, 1, 1, 0, 1] 
 [0, 0, 0, 1, 0] 
 0.18904593639575973 

FourValues
 1 
 [1, 1, 1, 1, 0] 
 [0, 0, 0, 0, 1] 
 0.4642233856893543 

FourValues
 1 
 [1, 1, 1, 1, 1] 
 [0, 0, 0, 0, 1] 
 0.6038394415357766 

FourValues
 1 
 [1, 1, 1, 1, 1] 
 [0, 0, 0, 1, 0] 
 0.31095406360424027 

FourValues
 1 
 [1, 1, 1, 1, 1] 
 [0, 0, 1, 0, 0] 
 0.34305317324185247 

FourValues
 1 
 [1, 1, 1, 1, 1] 
 [0, 1, 0, 0, 0] 
 0.5431164901664145 

FourValues
 1 
 [1, 1, 1, 1, 1] 
 [1, 0, 0, 0, 0] 
 0.3282828282828283 

DataShapley
 2 
 [2] 
 [1, 1, 1, 1, 1] 
 0.18206247900571046 

DataShapley
 2 
 [2, 4] 
 [1, 1, 1, 1, 1] 
 0.2811555256970104 

DataShapley
 2 
 [2, 4, 0] 
 [1, 1, 1, 1, 1] 
 0.3920053745381256 

DataShapley
 2 
 [2, 4, 0, 1] 
 [1, 1, 1, 1, 1] 
 0.4524689284514612 

DataShapley
 2 
 [2, 4, 0, 1, 3] 
 [1, 1, 1, 1, 1] 
 0.47363117232112867 

FourValues
 2 
 [0, 0, 0, 0, 1] 
 [0, 0, 0, 0, 1] 
 0.9476439790575916 

FourValues
 2 
 [0, 0, 0, 1, 0] 
 [0, 0, 0, 1, 0] 
 0.6484098939929329 

FourValues
 2 
 [0, 0, 1, 0, 0] 
 [0, 0, 1, 0, 0] 
 0.6329331046312179 

FourValues
 2 
 [0, 1, 0, 0, 0] 
 [0, 1, 0, 0, 0] 
 0.6913767019667171 

FourValues
 2 
 [0, 1, 1, 1, 1] 
 [1, 0, 0, 0, 0] 
 0.2727272727272727 

FourValues
 2 
 [1, 0, 0, 0, 0] 
 [1, 0, 0, 0, 0] 
 0.6599326599326599 

FourValues
 2 
 [1, 0, 1, 1, 1] 
 [0, 1, 0, 0, 0] 
 0.23600605143721634 

FourValues
 2 
 [1, 1, 0, 1, 1] 
 [0, 0, 1, 0, 0] 
 0.2281303602058319 

FourValues
 2 
 [1, 1, 1, 0, 1] 
 [0, 0, 0, 1, 0] 
 0.2773851590106007 

FourValues
 2 
 [1, 1, 1, 1, 0] 
 [0, 0, 0, 0, 1] 
 0.5532286212914486 

FourValues
 2 
 [1, 1, 1, 1, 1] 
 [0, 0, 0, 0, 1] 
 0.6736474694589878 

FourValues
 2 
 [1, 1, 1, 1, 1] 
 [0, 0, 0, 1, 0] 
 0.34275618374558303 

FourValues
 2 
 [1, 1, 1, 1, 1] 
 [0, 0, 1, 0, 0] 
 0.42538593481989706 

FourValues
 2 
 [1, 1, 1, 1, 1] 
 [0, 1, 0, 0, 0] 
 0.5854765506807866 

FourValues
 2 
 [1, 1, 1, 1, 1] 
 [1, 0, 0, 0, 0] 
 0.3282828282828283 

DataShapley
 3 
 [2] 
 [1, 1, 1, 1, 1] 
 0.18407793080282164 

DataShapley
 3 
 [2, 3] 
 [1, 1, 1, 1, 1] 
 0.356399059455828 

DataShapley
 3 
 [2, 3, 4] 
 [1, 1, 1, 1, 1] 
 0.37017131340275444 

DataShapley
 3 
 [2, 3, 4, 1] 
 [1, 1, 1, 1, 1] 
 0.5387974470943904 

DataShapley
 3 
 [2, 3, 4, 1, 0] 
 [1, 1, 1, 1, 1] 
 0.5263688276788714 

FourValues
 3 
 [0, 0, 0, 0, 1] 
 [0, 0, 0, 0, 1] 
 0.9633507853403142 

FourValues
 3 
 [0, 0, 0, 1, 0] 
 [0, 0, 0, 1, 0] 
 0.6519434628975265 

FourValues
 3 
 [0, 0, 1, 0, 0] 
 [0, 0, 1, 0, 0] 
 0.6346483704974271 

FourValues
 3 
 [0, 1, 0, 0, 0] 
 [0, 1, 0, 0, 0] 
 0.6913767019667171 

FourValues
 3 
 [0, 1, 1, 1, 1] 
 [1, 0, 0, 0, 0] 
 0.2962962962962963 

FourValues
 3 
 [1, 0, 0, 0, 0] 
 [1, 0, 0, 0, 0] 
 0.6548821548821548 

FourValues
 3 
 [1, 0, 1, 1, 1] 
 [0, 1, 0, 0, 0] 
 0.3328290468986384 

FourValues
 3 
 [1, 1, 0, 1, 1] 
 [0, 0, 1, 0, 0] 
 0.21269296740994853 

FourValues
 3 
 [1, 1, 1, 0, 1] 
 [0, 0, 0, 1, 0] 
 0.2968197879858657 

FourValues
 3 
 [1, 1, 1, 1, 0] 
 [0, 0, 0, 0, 1] 
 0.5619546247818499 

FourValues
 3 
 [1, 1, 1, 1, 1] 
 [0, 0, 0, 0, 1] 
 0.7713787085514834 

FourValues
 3 
 [1, 1, 1, 1, 1] 
 [0, 0, 0, 1, 0] 
 0.4098939929328622 

FourValues
 3 
 [1, 1, 1, 1, 1] 
 [0, 0, 1, 0, 0] 
 0.43739279588336194 

FourValues
 3 
 [1, 1, 1, 1, 1] 
 [0, 1, 0, 0, 0] 
 0.6414523449319214 

FourValues
 3 
 [1, 1, 1, 1, 1] 
 [1, 0, 0, 0, 0] 
 0.3602693602693603 

DataShapley
 4 
 [1] 
 [1, 1, 1, 1, 1] 
 0.316761840779308 

DataShapley
 4 
 [1, 3] 
 [1, 1, 1, 1, 1] 
 0.4215653342290897 

DataShapley
 4 
 [1, 3, 2] 
 [1, 1, 1, 1, 1] 
 0.5485387974470944 

DataShapley
 4 
 [1, 3, 2, 0] 
 [1, 1, 1, 1, 1] 
 0.5666778636210951 

DataShapley
 4 
 [1, 3, 2, 0, 4] 
 [1, 1, 1, 1, 1] 
 0.5663419549882432 

FourValues
 4 
 [0, 0, 0, 0, 1] 
 [0, 0, 0, 0, 1] 
 0.9668411867364747 

FourValues
 4 
 [0, 0, 0, 1, 0] 
 [0, 0, 0, 1, 0] 
 0.6501766784452296 

FourValues
 4 
 [0, 0, 1, 0, 0] 
 [0, 0, 1, 0, 0] 
 0.6346483704974271 

FourValues
 4 
 [0, 1, 0, 0, 0] 
 [0, 1, 0, 0, 0] 
 0.6913767019667171 

FourValues
 4 
 [0, 1, 1, 1, 1] 
 [1, 0, 0, 0, 0] 
 0.3047138047138047 

FourValues
 4 
 [1, 0, 0, 0, 0] 
 [1, 0, 0, 0, 0] 
 0.6616161616161617 

FourValues
 4 
 [1, 0, 1, 1, 1] 
 [0, 1, 0, 0, 0] 
 0.4069591527987897 

FourValues
 4 
 [1, 1, 0, 1, 1] 
 [0, 0, 1, 0, 0] 
 0.21783876500857632 

FourValues
 4 
 [1, 1, 1, 0, 1] 
 [0, 0, 0, 1, 0] 
 0.3003533568904594 

FourValues
 4 
 [1, 1, 1, 1, 0] 
 [0, 0, 0, 0, 1] 
 0.5776614310645725 

FourValues
 4 
 [1, 1, 1, 1, 1] 
 [0, 0, 0, 0, 1] 
 0.8464223385689355 

FourValues
 4 
 [1, 1, 1, 1, 1] 
 [0, 0, 0, 1, 0] 
 0.45936395759717313 

FourValues
 4 
 [1, 1, 1, 1, 1] 
 [0, 0, 1, 0, 0] 
 0.4665523156089194 

FourValues
 4 
 [1, 1, 1, 1, 1] 
 [0, 1, 0, 0, 0] 
 0.649016641452345 

FourValues
 4 
 [1, 1, 1, 1, 1] 
 [1, 0, 0, 0, 0] 
 0.40404040404040403 

DataShapley
 5 
 [3] 
 [1, 1, 1, 1, 1] 
 0.25058784010749074 

DataShapley
 5 
 [3, 4] 
 [1, 1, 1, 1, 1] 
 0.4037621766879409 

DataShapley
 5 
 [3, 4, 0] 
 [1, 1, 1, 1, 1] 
 0.574403762176688 

DataShapley
 5 
 [3, 4, 0, 1] 
 [1, 1, 1, 1, 1] 
 0.594222371514948 

DataShapley
 5 
 [3, 4, 0, 1, 2] 
 [1, 1, 1, 1, 1] 
 0.5878401074907625 

FourValues
 5 
 [0, 0, 0, 0, 1] 
 [0, 0, 0, 0, 1] 
 0.9703315881326352 

FourValues
 5 
 [0, 0, 0, 1, 0] 
 [0, 0, 0, 1, 0] 
 0.6537102473498233 

FourValues
 5 
 [0, 0, 1, 0, 0] 
 [0, 0, 1, 0, 0] 
 0.6329331046312179 

FourValues
 5 
 [0, 1, 0, 0, 0] 
 [0, 1, 0, 0, 0] 
 0.6898638426626323 

FourValues
 5 
 [0, 1, 1, 1, 1] 
 [1, 0, 0, 0, 0] 
 0.3063973063973064 

FourValues
 5 
 [1, 0, 0, 0, 0] 
 [1, 0, 0, 0, 0] 
 0.6582491582491582 

FourValues
 5 
 [1, 0, 1, 1, 1] 
 [0, 1, 0, 0, 0] 
 0.4735249621785174 

FourValues
 5 
 [1, 1, 0, 1, 1] 
 [0, 0, 1, 0, 0] 
 0.2555746140651801 

FourValues
 5 
 [1, 1, 1, 0, 1] 
 [0, 0, 0, 1, 0] 
 0.30565371024734983 

FourValues
 5 
 [1, 1, 1, 1, 0] 
 [0, 0, 0, 0, 1] 
 0.6055846422338569 

FourValues
 5 
 [1, 1, 1, 1, 1] 
 [0, 0, 0, 0, 1] 
 0.8830715532286213 

FourValues
 5 
 [1, 1, 1, 1, 1] 
 [0, 0, 0, 1, 0] 
 0.46819787985865724 

FourValues
 5 
 [1, 1, 1, 1, 1] 
 [0, 0, 1, 0, 0] 
 0.48027444253859347 

FourValues
 5 
 [1, 1, 1, 1, 1] 
 [0, 1, 0, 0, 0] 
 0.6505295007564297 

FourValues
 5 
 [1, 1, 1, 1, 1] 
 [1, 0, 0, 0, 0] 
 0.45286195286195285 

DataShapley
 6 
 [2] 
 [1, 1, 1, 1, 1] 
 0.24487739334900907 

DataShapley
 6 
 [2, 0] 
 [1, 1, 1, 1, 1] 
 0.5334229089687605 

DataShapley
 6 
 [2, 0, 4] 
 [1, 1, 1, 1, 1] 
 0.5209942895532416 

DataShapley
 6 
 [2, 0, 4, 3] 
 [1, 1, 1, 1, 1] 
 0.5811219348337252 

DataShapley
 6 
 [2, 0, 4, 3, 1] 
 [1, 1, 1, 1, 1] 
 0.6056432650319113 

FourValues
 6 
 [0, 0, 0, 0, 1] 
 [0, 0, 0, 0, 1] 
 0.9616055846422339 

FourValues
 6 
 [0, 0, 0, 1, 0] 
 [0, 0, 0, 1, 0] 
 0.6501766784452296 

FourValues
 6 
 [0, 0, 1, 0, 0] 
 [0, 0, 1, 0, 0] 
 0.6363636363636364 

FourValues
 6 
 [0, 1, 0, 0, 0] 
 [0, 1, 0, 0, 0] 
 0.6913767019667171 

FourValues
 6 
 [0, 1, 1, 1, 1] 
 [1, 0, 0, 0, 0] 
 0.3148148148148148 

FourValues
 6 
 [1, 0, 0, 0, 0] 
 [1, 0, 0, 0, 0] 
 0.6582491582491582 

FourValues
 6 
 [1, 0, 1, 1, 1] 
 [0, 1, 0, 0, 0] 
 0.5355521936459909 

FourValues
 6 
 [1, 1, 0, 1, 1] 
 [0, 0, 1, 0, 0] 
 0.2830188679245283 

FourValues
 6 
 [1, 1, 1, 0, 1] 
 [0, 0, 0, 1, 0] 
 0.30742049469964666 

FourValues
 6 
 [1, 1, 1, 1, 0] 
 [0, 0, 0, 0, 1] 
 0.6788830715532286 

FourValues
 6 
 [1, 1, 1, 1, 1] 
 [0, 0, 0, 0, 1] 
 0.8970331588132635 

FourValues
 6 
 [1, 1, 1, 1, 1] 
 [0, 0, 0, 1, 0] 
 0.49469964664310956 

FourValues
 6 
 [1, 1, 1, 1, 1] 
 [0, 0, 1, 0, 0] 
 0.5042881646655232 

FourValues
 6 
 [1, 1, 1, 1, 1] 
 [0, 1, 0, 0, 0] 
 0.653555219364599 

FourValues
 6 
 [1, 1, 1, 1, 1] 
 [1, 0, 0, 0, 0] 
 0.4764309764309764 

DataShapley
 7 
 [4] 
 [1, 1, 1, 1, 1] 
 0.32515955660060464 

DataShapley
 7 
 [4, 0] 
 [1, 1, 1, 1, 1] 
 0.5821296607322808 

DataShapley
 7 
 [4, 0, 2] 
 [1, 1, 1, 1, 1] 
 0.5428283506886127 

DataShapley
 7 
 [4, 0, 2, 1] 
 [1, 1, 1, 1, 1] 
 0.5851528384279476 

DataShapley
 7 
 [4, 0, 2, 1, 3] 
 [1, 1, 1, 1, 1] 
 0.6227746053073564 

FourValues
 7 
 [0, 0, 0, 0, 1] 
 [0, 0, 0, 0, 1] 
 0.9633507853403142 

FourValues
 7 
 [0, 0, 0, 1, 0] 
 [0, 0, 0, 1, 0] 
 0.6484098939929329 

FourValues
 7 
 [0, 0, 1, 0, 0] 
 [0, 0, 1, 0, 0] 
 0.6346483704974271 

FourValues
 7 
 [0, 1, 0, 0, 0] 
 [0, 1, 0, 0, 0] 
 0.6898638426626323 

FourValues
 7 
 [0, 1, 1, 1, 1] 
 [1, 0, 0, 0, 0] 
 0.32323232323232326 

FourValues
 7 
 [1, 0, 0, 0, 0] 
 [1, 0, 0, 0, 0] 
 0.6599326599326599 

FourValues
 7 
 [1, 0, 1, 1, 1] 
 [0, 1, 0, 0, 0] 
 0.5552193645990923 

FourValues
 7 
 [1, 1, 0, 1, 1] 
 [0, 0, 1, 0, 0] 
 0.3053173241852487 

FourValues
 7 
 [1, 1, 1, 0, 1] 
 [0, 0, 0, 1, 0] 
 0.3303886925795053 

FourValues
 7 
 [1, 1, 1, 1, 0] 
 [0, 0, 0, 0, 1] 
 0.7382198952879581 

FourValues
 7 
 [1, 1, 1, 1, 1] 
 [0, 0, 0, 0, 1] 
 0.912739965095986 

FourValues
 7 
 [1, 1, 1, 1, 1] 
 [0, 0, 0, 1, 0] 
 0.5353356890459364 

FourValues
 7 
 [1, 1, 1, 1, 1] 
 [0, 0, 1, 0, 0] 
 0.5094339622641509 

FourValues
 7 
 [1, 1, 1, 1, 1] 
 [0, 1, 0, 0, 0] 
 0.6580937972768532 

FourValues
 7 
 [1, 1, 1, 1, 1] 
 [1, 0, 0, 0, 0] 
 0.4983164983164983 

DataShapley
 8 
 [1] 
 [1, 1, 1, 1, 1] 
 0.4017467248908297 

DataShapley
 8 
 [1, 3] 
 [1, 1, 1, 1, 1] 
 0.4998320456835741 

DataShapley
 8 
 [1, 3, 4] 
 [1, 1, 1, 1, 1] 
 0.5948941887806517 

DataShapley
 8 
 [1, 3, 4, 0] 
 [1, 1, 1, 1, 1] 
 0.6194155189788377 

DataShapley
 8 
 [1, 3, 4, 0, 2] 
 [1, 1, 1, 1, 1] 
 0.6241182398387639 

FourValues
 8 
 [0, 0, 0, 0, 1] 
 [0, 0, 0, 0, 1] 
 0.9720767888307156 

FourValues
 8 
 [0, 0, 0, 1, 0] 
 [0, 0, 0, 1, 0] 
 0.6501766784452296 

FourValues
 8 
 [0, 0, 1, 0, 0] 
 [0, 0, 1, 0, 0] 
 0.6346483704974271 

FourValues
 8 
 [0, 1, 0, 0, 0] 
 [0, 1, 0, 0, 0] 
 0.6913767019667171 

FourValues
 8 
 [0, 1, 1, 1, 1] 
 [1, 0, 0, 0, 0] 
 0.34175084175084175 

FourValues
 8 
 [1, 0, 0, 0, 0] 
 [1, 0, 0, 0, 0] 
 0.6599326599326599 

FourValues
 8 
 [1, 0, 1, 1, 1] 
 [0, 1, 0, 0, 0] 
 0.5915279878971256 

FourValues
 8 
 [1, 1, 0, 1, 1] 
 [0, 0, 1, 0, 0] 
 0.31046312178387653 

FourValues
 8 
 [1, 1, 1, 0, 1] 
 [0, 0, 0, 1, 0] 
 0.32685512367491165 

FourValues
 8 
 [1, 1, 1, 1, 0] 
 [0, 0, 0, 0, 1] 
 0.7591623036649214 

FourValues
 8 
 [1, 1, 1, 1, 1] 
 [0, 0, 0, 0, 1] 
 0.912739965095986 

FourValues
 8 
 [1, 1, 1, 1, 1] 
 [0, 0, 0, 1, 0] 
 0.5318021201413428 

FourValues
 8 
 [1, 1, 1, 1, 1] 
 [0, 0, 1, 0, 0] 
 0.5060034305317325 

FourValues
 8 
 [1, 1, 1, 1, 1] 
 [0, 1, 0, 0, 0] 
 0.659606656580938 

FourValues
 8 
 [1, 1, 1, 1, 1] 
 [1, 0, 0, 0, 0] 
 0.51010101010101 

DataShapley
 9 
 [2] 
 [1, 1, 1, 1, 1] 
 0.2633523681558616 

DataShapley
 9 
 [2, 0] 
 [1, 1, 1, 1, 1] 
 0.5683574067853544 

DataShapley
 9 
 [2, 0, 3] 
 [1, 1, 1, 1, 1] 
 0.6341954988243198 

DataShapley
 9 
 [2, 0, 3, 1] 
 [1, 1, 1, 1, 1] 
 0.6308364124958011 

DataShapley
 9 
 [2, 0, 3, 1, 4] 
 [1, 1, 1, 1, 1] 
 0.6278132348001344 

FourValues
 9 
 [0, 0, 0, 0, 1] 
 [0, 0, 0, 0, 1] 
 0.9703315881326352 

FourValues
 9 
 [0, 0, 0, 1, 0] 
 [0, 0, 0, 1, 0] 
 0.6501766784452296 

FourValues
 9 
 [0, 0, 1, 0, 0] 
 [0, 0, 1, 0, 0] 
 0.6329331046312179 

FourValues
 9 
 [0, 1, 0, 0, 0] 
 [0, 1, 0, 0, 0] 
 0.6898638426626323 

FourValues
 9 
 [0, 1, 1, 1, 1] 
 [1, 0, 0, 0, 0] 
 0.335016835016835 

FourValues
 9 
 [1, 0, 0, 0, 0] 
 [1, 0, 0, 0, 0] 
 0.6565656565656566 

FourValues
 9 
 [1, 0, 1, 1, 1] 
 [0, 1, 0, 0, 0] 
 0.5885022692889561 

FourValues
 9 
 [1, 1, 0, 1, 1] 
 [0, 0, 1, 0, 0] 
 0.3241852487135506 

FourValues
 9 
 [1, 1, 1, 0, 1] 
 [0, 0, 0, 1, 0] 
 0.34452296819787986 

FourValues
 9 
 [1, 1, 1, 1, 0] 
 [0, 0, 0, 0, 1] 
 0.7888307155322862 

FourValues
 9 
 [1, 1, 1, 1, 1] 
 [0, 0, 0, 0, 1] 
 0.9162303664921466 

FourValues
 9 
 [1, 1, 1, 1, 1] 
 [0, 0, 0, 1, 0] 
 0.5441696113074205 

FourValues
 9 
 [1, 1, 1, 1, 1] 
 [0, 0, 1, 0, 0] 
 0.5145797598627787 

FourValues
 9 
 [1, 1, 1, 1, 1] 
 [0, 1, 0, 0, 0] 
 0.6580937972768532 

FourValues
 9 
 [1, 1, 1, 1, 1] 
 [1, 0, 0, 0, 0] 
 0.5067340067340067 

DataShapley
 10 
 [4] 
 [1, 1, 1, 1, 1] 
 0.35774269398723546 

DataShapley
 10 
 [4, 1] 
 [1, 1, 1, 1, 1] 
 0.5539133355727243 

DataShapley
 10 
 [4, 1, 0] 
 [1, 1, 1, 1, 1] 
 0.6026200873362445 

DataShapley
 10 
 [4, 1, 0, 2] 
 [1, 1, 1, 1, 1] 
 0.5928787369835404 

DataShapley
 10 
 [4, 1, 0, 2, 3] 
 [1, 1, 1, 1, 1] 
 0.6321800470272086 

FourValues
 10 
 [0, 0, 0, 0, 1] 
 [0, 0, 0, 0, 1] 
 0.9720767888307156 

FourValues
 10 
 [0, 0, 0, 1, 0] 
 [0, 0, 0, 1, 0] 
 0.6537102473498233 

FourValues
 10 
 [0, 0, 1, 0, 0] 
 [0, 0, 1, 0, 0] 
 0.6329331046312179 

FourValues
 10 
 [0, 1, 0, 0, 0] 
 [0, 1, 0, 0, 0] 
 0.6913767019667171 

FourValues
 10 
 [0, 1, 1, 1, 1] 
 [1, 0, 0, 0, 0] 
 0.3501683501683502 

FourValues
 10 
 [1, 0, 0, 0, 0] 
 [1, 0, 0, 0, 0] 
 0.6599326599326599 

FourValues
 10 
 [1, 0, 1, 1, 1] 
 [0, 1, 0, 0, 0] 
 0.6036308623298033 

FourValues
 10 
 [1, 1, 0, 1, 1] 
 [0, 0, 1, 0, 0] 
 0.33276157804459694 

FourValues
 10 
 [1, 1, 1, 0, 1] 
 [0, 0, 0, 1, 0] 
 0.3480565371024735 

FourValues
 10 
 [1, 1, 1, 1, 0] 
 [0, 0, 0, 0, 1] 
 0.8307155322862129 

FourValues
 10 
 [1, 1, 1, 1, 1] 
 [0, 0, 0, 0, 1] 
 0.924956369982548 

FourValues
 10 
 [1, 1, 1, 1, 1] 
 [0, 0, 0, 1, 0] 
 0.549469964664311 

FourValues
 10 
 [1, 1, 1, 1, 1] 
 [0, 0, 1, 0, 0] 
 0.5094339622641509 

FourValues
 10 
 [1, 1, 1, 1, 1] 
 [0, 1, 0, 0, 0] 
 0.6611195158850227 

FourValues
 10 
 [1, 1, 1, 1, 1] 
 [1, 0, 0, 0, 0] 
 0.5168350168350169 

DataShapley
 11 
 [3] 
 [1, 1, 1, 1, 1] 
 0.3254954652334565 

DataShapley
 11 
 [3, 4] 
 [1, 1, 1, 1, 1] 
 0.5344306348673161 

DataShapley
 11 
 [3, 4, 1] 
 [1, 1, 1, 1, 1] 
 0.60900235136043 

DataShapley
 11 
 [3, 4, 1, 2] 
 [1, 1, 1, 1, 1] 
 0.6056432650319113 

DataShapley
 11 
 [3, 4, 1, 2, 0] 
 [1, 1, 1, 1, 1] 
 0.6399059455828014 

FourValues
 11 
 [0, 0, 0, 0, 1] 
 [0, 0, 0, 0, 1] 
 0.9738219895287958 

FourValues
 11 
 [0, 0, 0, 1, 0] 
 [0, 0, 0, 1, 0] 
 0.6484098939929329 

FourValues
 11 
 [0, 0, 1, 0, 0] 
 [0, 0, 1, 0, 0] 
 0.6346483704974271 

FourValues
 11 
 [0, 1, 0, 0, 0] 
 [0, 1, 0, 0, 0] 
 0.6898638426626323 

FourValues
 11 
 [0, 1, 1, 1, 1] 
 [1, 0, 0, 0, 0] 
 0.3552188552188552 

FourValues
 11 
 [1, 0, 0, 0, 0] 
 [1, 0, 0, 0, 0] 
 0.6632996632996633 

FourValues
 11 
 [1, 0, 1, 1, 1] 
 [0, 1, 0, 0, 0] 
 0.5990922844175491 

FourValues
 11 
 [1, 1, 0, 1, 1] 
 [0, 0, 1, 0, 0] 
 0.35334476843910806 

FourValues
 11 
 [1, 1, 1, 0, 1] 
 [0, 0, 0, 1, 0] 
 0.3621908127208481 

FourValues
 11 
 [1, 1, 1, 1, 0] 
 [0, 0, 0, 0, 1] 
 0.8429319371727748 

FourValues
 11 
 [1, 1, 1, 1, 1] 
 [0, 0, 0, 0, 1] 
 0.9336823734729494 

FourValues
 11 
 [1, 1, 1, 1, 1] 
 [0, 0, 0, 1, 0] 
 0.5565371024734982 

FourValues
 11 
 [1, 1, 1, 1, 1] 
 [0, 0, 1, 0, 0] 
 0.5214408233276158 

FourValues
 11 
 [1, 1, 1, 1, 1] 
 [0, 1, 0, 0, 0] 
 0.6626323751891074 

FourValues
 11 
 [1, 1, 1, 1, 1] 
 [1, 0, 0, 0, 0] 
 0.5269360269360269 

DataShapley
 12 
 [0] 
 [1, 1, 1, 1, 1] 
 0.443063486731609 

DataShapley
 12 
 [0, 1] 
 [1, 1, 1, 1, 1] 
 0.5052065838092039 

DataShapley
 12 
 [0, 1, 4] 
 [1, 1, 1, 1, 1] 
 0.6123614376889486 

DataShapley
 12 
 [0, 1, 4, 3] 
 [1, 1, 1, 1, 1] 
 0.6392341283170977 

DataShapley
 12 
 [0, 1, 4, 3, 2] 
 [1, 1, 1, 1, 1] 
 0.6469600268726906 

FourValues
 12 
 [0, 0, 0, 0, 1] 
 [0, 0, 0, 0, 1] 
 0.9755671902268761 

FourValues
 12 
 [0, 0, 0, 1, 0] 
 [0, 0, 0, 1, 0] 
 0.6537102473498233 

FourValues
 12 
 [0, 0, 1, 0, 0] 
 [0, 0, 1, 0, 0] 
 0.6363636363636364 

FourValues
 12 
 [0, 1, 0, 0, 0] 
 [0, 1, 0, 0, 0] 
 0.6913767019667171 

FourValues
 12 
 [0, 1, 1, 1, 1] 
 [1, 0, 0, 0, 0] 
 0.37373737373737376 

FourValues
 12 
 [1, 0, 0, 0, 0] 
 [1, 0, 0, 0, 0] 
 0.6599326599326599 

FourValues
 12 
 [1, 0, 1, 1, 1] 
 [0, 1, 0, 0, 0] 
 0.6127080181543116 

FourValues
 12 
 [1, 1, 0, 1, 1] 
 [0, 0, 1, 0, 0] 
 0.36192109777015435 

FourValues
 12 
 [1, 1, 1, 0, 1] 
 [0, 0, 0, 1, 0] 
 0.3710247349823322 

FourValues
 12 
 [1, 1, 1, 1, 0] 
 [0, 0, 0, 0, 1] 
 0.8586387434554974 

FourValues
 12 
 [1, 1, 1, 1, 1] 
 [0, 0, 0, 0, 1] 
 0.9424083769633508 

FourValues
 12 
 [1, 1, 1, 1, 1] 
 [0, 0, 0, 1, 0] 
 0.5530035335689046 

FourValues
 12 
 [1, 1, 1, 1, 1] 
 [0, 0, 1, 0, 0] 
 0.5283018867924528 

FourValues
 12 
 [1, 1, 1, 1, 1] 
 [0, 1, 0, 0, 0] 
 0.6626323751891074 

FourValues
 12 
 [1, 1, 1, 1, 1] 
 [1, 0, 0, 0, 0] 
 0.5505050505050505 

DataShapley
 13 
 [0] 
 [1, 1, 1, 1, 1] 
 0.4376889486059792 

DataShapley
 13 
 [0, 4] 
 [1, 1, 1, 1, 1] 
 0.6184077930802822 

DataShapley
 13 
 [0, 4, 2] 
 [1, 1, 1, 1, 1] 
 0.5875041988579106 

DataShapley
 13 
 [0, 4, 2, 1] 
 [1, 1, 1, 1, 1] 
 0.6150487067517635 

DataShapley
 13 
 [0, 4, 2, 1, 3] 
 [1, 1, 1, 1, 1] 
 0.6523345649983204 

FourValues
 13 
 [0, 0, 0, 0, 1] 
 [0, 0, 0, 0, 1] 
 0.9720767888307156 

FourValues
 13 
 [0, 0, 0, 1, 0] 
 [0, 0, 0, 1, 0] 
 0.6519434628975265 

FourValues
 13 
 [0, 0, 1, 0, 0] 
 [0, 0, 1, 0, 0] 
 0.6380789022298456 

FourValues
 13 
 [0, 1, 0, 0, 0] 
 [0, 1, 0, 0, 0] 
 0.6913767019667171 

FourValues
 13 
 [0, 1, 1, 1, 1] 
 [1, 0, 0, 0, 0] 
 0.4006734006734007 

FourValues
 13 
 [1, 0, 0, 0, 0] 
 [1, 0, 0, 0, 0] 
 0.6599326599326599 

FourValues
 13 
 [1, 0, 1, 1, 1] 
 [0, 1, 0, 0, 0] 
 0.6157337367624811 

FourValues
 13 
 [1, 1, 0, 1, 1] 
 [0, 0, 1, 0, 0] 
 0.379073756432247 

FourValues
 13 
 [1, 1, 1, 0, 1] 
 [0, 0, 0, 1, 0] 
 0.3710247349823322 

FourValues
 13 
 [1, 1, 1, 1, 0] 
 [0, 0, 0, 0, 1] 
 0.8603839441535777 

FourValues
 13 
 [1, 1, 1, 1, 1] 
 [0, 0, 0, 0, 1] 
 0.9406631762652705 

FourValues
 13 
 [1, 1, 1, 1, 1] 
 [0, 0, 0, 1, 0] 
 0.5547703180212014 

FourValues
 13 
 [1, 1, 1, 1, 1] 
 [0, 0, 1, 0, 0] 
 0.5368782161234992 

FourValues
 13 
 [1, 1, 1, 1, 1] 
 [0, 1, 0, 0, 0] 
 0.6641452344931922 

FourValues
 13 
 [1, 1, 1, 1, 1] 
 [1, 0, 0, 0, 0] 
 0.5673400673400674 

DataShapley
 14 
 [1] 
 [1, 1, 1, 1, 1] 
 0.49815250251931475 

DataShapley
 14 
 [1, 4] 
 [1, 1, 1, 1, 1] 
 0.5770910312395029 

DataShapley
 14 
 [1, 4, 3] 
 [1, 1, 1, 1, 1] 
 0.6294927779643937 

DataShapley
 14 
 [1, 4, 3, 2] 
 [1, 1, 1, 1, 1] 
 0.6207591535102452 

DataShapley
 14 
 [1, 4, 3, 2, 0] 
 [1, 1, 1, 1, 1] 
 0.653342290896876 

FourValues
 14 
 [0, 0, 0, 0, 1] 
 [0, 0, 0, 0, 1] 
 0.9773123909249564 

FourValues
 14 
 [0, 0, 0, 1, 0] 
 [0, 0, 0, 1, 0] 
 0.6537102473498233 

FourValues
 14 
 [0, 0, 1, 0, 0] 
 [0, 0, 1, 0, 0] 
 0.6363636363636364 

FourValues
 14 
 [0, 1, 0, 0, 0] 
 [0, 1, 0, 0, 0] 
 0.6913767019667171 

FourValues
 14 
 [0, 1, 1, 1, 1] 
 [1, 0, 0, 0, 0] 
 0.4057239057239057 

FourValues
 14 
 [1, 0, 0, 0, 0] 
 [1, 0, 0, 0, 0] 
 0.6599326599326599 

FourValues
 14 
 [1, 0, 1, 1, 1] 
 [0, 1, 0, 0, 0] 
 0.6202723146747352 

FourValues
 14 
 [1, 1, 0, 1, 1] 
 [0, 0, 1, 0, 0] 
 0.38593481989708406 

FourValues
 14 
 [1, 1, 1, 0, 1] 
 [0, 0, 0, 1, 0] 
 0.37985865724381623 

FourValues
 14 
 [1, 1, 1, 1, 0] 
 [0, 0, 0, 0, 1] 
 0.8778359511343804 

FourValues
 14 
 [1, 1, 1, 1, 1] 
 [0, 0, 0, 0, 1] 
 0.944153577661431 

FourValues
 14 
 [1, 1, 1, 1, 1] 
 [0, 0, 0, 1, 0] 
 0.5565371024734982 

FourValues
 14 
 [1, 1, 1, 1, 1] 
 [0, 0, 1, 0, 0] 
 0.5385934819897084 

FourValues
 14 
 [1, 1, 1, 1, 1] 
 [0, 1, 0, 0, 0] 
 0.6641452344931922 

FourValues
 14 
 [1, 1, 1, 1, 1] 
 [1, 0, 0, 0, 0] 
 0.5656565656565656 

DataShapley
 15 
 [2] 
 [1, 1, 1, 1, 1] 
 0.31273093718508566 

DataShapley
 15 
 [2, 0] 
 [1, 1, 1, 1, 1] 
 0.6106818945246892 

DataShapley
 15 
 [2, 0, 1] 
 [1, 1, 1, 1, 1] 
 0.6328518642929123 

DataShapley
 15 
 [2, 0, 1, 4] 
 [1, 1, 1, 1, 1] 
 0.6247900571044676 

DataShapley
 15 
 [2, 0, 1, 4, 3] 
 [1, 1, 1, 1, 1] 
 0.6590527376553578 

FourValues
 15 
 [0, 0, 0, 0, 1] 
 [0, 0, 0, 0, 1] 
 0.9738219895287958 

FourValues
 15 
 [0, 0, 0, 1, 0] 
 [0, 0, 0, 1, 0] 
 0.6484098939929329 

FourValues
 15 
 [0, 0, 1, 0, 0] 
 [0, 0, 1, 0, 0] 
 0.6363636363636364 

FourValues
 15 
 [0, 1, 0, 0, 0] 
 [0, 1, 0, 0, 0] 
 0.6913767019667171 

FourValues
 15 
 [0, 1, 1, 1, 1] 
 [1, 0, 0, 0, 0] 
 0.4175084175084175 

FourValues
 15 
 [1, 0, 0, 0, 0] 
 [1, 0, 0, 0, 0] 
 0.6599326599326599 

FourValues
 15 
 [1, 0, 1, 1, 1] 
 [0, 1, 0, 0, 0] 
 0.6202723146747352 

FourValues
 15 
 [1, 1, 0, 1, 1] 
 [0, 0, 1, 0, 0] 
 0.39622641509433965 

FourValues
 15 
 [1, 1, 1, 0, 1] 
 [0, 0, 0, 1, 0] 
 0.39045936395759717 

FourValues
 15 
 [1, 1, 1, 1, 0] 
 [0, 0, 0, 0, 1] 
 0.8795811518324608 

FourValues
 15 
 [1, 1, 1, 1, 1] 
 [0, 0, 0, 0, 1] 
 0.9458987783595113 

FourValues
 15 
 [1, 1, 1, 1, 1] 
 [0, 0, 0, 1, 0] 
 0.5671378091872792 

FourValues
 15 
 [1, 1, 1, 1, 1] 
 [0, 0, 1, 0, 0] 
 0.5454545454545454 

FourValues
 15 
 [1, 1, 1, 1, 1] 
 [0, 1, 0, 0, 0] 
 0.6641452344931922 

FourValues
 15 
 [1, 1, 1, 1, 1] 
 [1, 0, 0, 0, 0] 
 0.5757575757575758 

DataShapley
 16 
 [3] 
 [1, 1, 1, 1, 1] 
 0.37487403426268057 

DataShapley
 16 
 [3, 4] 
 [1, 1, 1, 1, 1] 
 0.5737319449109842 

DataShapley
 16 
 [3, 4, 1] 
 [1, 1, 1, 1, 1] 
 0.6338595901914679 

DataShapley
 16 
 [3, 4, 1, 0] 
 [1, 1, 1, 1, 1] 
 0.650990930466913 

DataShapley
 16 
 [3, 4, 1, 0, 2] 
 [1, 1, 1, 1, 1] 
 0.6587168290225058 

FourValues
 16 
 [0, 0, 0, 0, 1] 
 [0, 0, 0, 0, 1] 
 0.9755671902268761 

FourValues
 16 
 [0, 0, 0, 1, 0] 
 [0, 0, 0, 1, 0] 
 0.6537102473498233 

FourValues
 16 
 [0, 0, 1, 0, 0] 
 [0, 0, 1, 0, 0] 
 0.6329331046312179 

FourValues
 16 
 [0, 1, 0, 0, 0] 
 [0, 1, 0, 0, 0] 
 0.6913767019667171 

FourValues
 16 
 [0, 1, 1, 1, 1] 
 [1, 0, 0, 0, 0] 
 0.4225589225589226 

FourValues
 16 
 [1, 0, 0, 0, 0] 
 [1, 0, 0, 0, 0] 
 0.6599326599326599 

FourValues
 16 
 [1, 0, 1, 1, 1] 
 [0, 1, 0, 0, 0] 
 0.6187594553706506 

FourValues
 16 
 [1, 1, 0, 1, 1] 
 [0, 0, 1, 0, 0] 
 0.3996569468267582 

FourValues
 16 
 [1, 1, 1, 0, 1] 
 [0, 0, 0, 1, 0] 
 0.39045936395759717 

FourValues
 16 
 [1, 1, 1, 1, 0] 
 [0, 0, 0, 0, 1] 
 0.8795811518324608 

FourValues
 16 
 [1, 1, 1, 1, 1] 
 [0, 0, 0, 0, 1] 
 0.9476439790575916 

FourValues
 16 
 [1, 1, 1, 1, 1] 
 [0, 0, 0, 1, 0] 
 0.5724381625441696 

FourValues
 16 
 [1, 1, 1, 1, 1] 
 [0, 0, 1, 0, 0] 
 0.5403087478559176 

FourValues
 16 
 [1, 1, 1, 1, 1] 
 [0, 1, 0, 0, 0] 
 0.6611195158850227 

FourValues
 16 
 [1, 1, 1, 1, 1] 
 [1, 0, 0, 0, 0] 
 0.5757575757575758 

DataShapley
 17 
 [3] 
 [1, 1, 1, 1, 1] 
 0.37285858246556935 

DataShapley
 17 
 [3, 4] 
 [1, 1, 1, 1, 1] 
 0.5700369499496137 

DataShapley
 17 
 [3, 4, 1] 
 [1, 1, 1, 1, 1] 
 0.62882096069869 

DataShapley
 17 
 [3, 4, 1, 2] 
 [1, 1, 1, 1, 1] 
 0.6325159556600605 

DataShapley
 17 
 [3, 4, 1, 2, 0] 
 [1, 1, 1, 1, 1] 
 0.6610681894524689 

FourValues
 17 
 [0, 0, 0, 0, 1] 
 [0, 0, 0, 0, 1] 
 0.9773123909249564 

FourValues
 17 
 [0, 0, 0, 1, 0] 
 [0, 0, 0, 1, 0] 
 0.6466431095406361 

FourValues
 17 
 [0, 0, 1, 0, 0] 
 [0, 0, 1, 0, 0] 
 0.6295025728987993 

FourValues
 17 
 [0, 1, 0, 0, 0] 
 [0, 1, 0, 0, 0] 
 0.6913767019667171 

FourValues
 17 
 [0, 1, 1, 1, 1] 
 [1, 0, 0, 0, 0] 
 0.4276094276094276 

FourValues
 17 
 [1, 0, 0, 0, 0] 
 [1, 0, 0, 0, 0] 
 0.6599326599326599 

FourValues
 17 
 [1, 0, 1, 1, 1] 
 [0, 1, 0, 0, 0] 
 0.6263237518910741 

FourValues
 17 
 [1, 1, 0, 1, 1] 
 [0, 0, 1, 0, 0] 
 0.38593481989708406 

FourValues
 17 
 [1, 1, 1, 0, 1] 
 [0, 0, 0, 1, 0] 
 0.4045936395759717 

FourValues
 17 
 [1, 1, 1, 1, 0] 
 [0, 0, 0, 0, 1] 
 0.8726003490401396 

FourValues
 17 
 [1, 1, 1, 1, 1] 
 [0, 0, 0, 0, 1] 
 0.944153577661431 

FourValues
 17 
 [1, 1, 1, 1, 1] 
 [0, 0, 0, 1, 0] 
 0.5812720848056537 

FourValues
 17 
 [1, 1, 1, 1, 1] 
 [0, 0, 1, 0, 0] 
 0.5317324185248714 

FourValues
 17 
 [1, 1, 1, 1, 1] 
 [0, 1, 0, 0, 0] 
 0.670196671709531 

FourValues
 17 
 [1, 1, 1, 1, 1] 
 [1, 0, 0, 0, 0] 
 0.5808080808080808 

DataShapley
 18 
 [4] 
 [1, 1, 1, 1, 1] 
 0.4313066845817938 

DataShapley
 18 
 [4, 1] 
 [1, 1, 1, 1, 1] 
 0.5932146456163924 

DataShapley
 18 
 [4, 1, 3] 
 [1, 1, 1, 1, 1] 
 0.6382264024185421 

DataShapley
 18 
 [4, 1, 3, 0] 
 [1, 1, 1, 1, 1] 
 0.6516627477326167 

DataShapley
 18 
 [4, 1, 3, 0, 2] 
 [1, 1, 1, 1, 1] 
 0.6637554585152838 

FourValues
 18 
 [0, 0, 0, 0, 1] 
 [0, 0, 0, 0, 1] 
 0.9773123909249564 

FourValues
 18 
 [0, 0, 0, 1, 0] 
 [0, 0, 0, 1, 0] 
 0.6484098939929329 

FourValues
 18 
 [0, 0, 1, 0, 0] 
 [0, 0, 1, 0, 0] 
 0.6346483704974271 

FourValues
 18 
 [0, 1, 0, 0, 0] 
 [0, 1, 0, 0, 0] 
 0.6913767019667171 

FourValues
 18 
 [0, 1, 1, 1, 1] 
 [1, 0, 0, 0, 0] 
 0.4562289562289562 

FourValues
 18 
 [1, 0, 0, 0, 0] 
 [1, 0, 0, 0, 0] 
 0.6599326599326599 

FourValues
 18 
 [1, 0, 1, 1, 1] 
 [0, 1, 0, 0, 0] 
 0.632375189107413 

FourValues
 18 
 [1, 1, 0, 1, 1] 
 [0, 0, 1, 0, 0] 
 0.3996569468267582 

FourValues
 18 
 [1, 1, 1, 0, 1] 
 [0, 0, 0, 1, 0] 
 0.42579505300353354 

FourValues
 18 
 [1, 1, 1, 1, 0] 
 [0, 0, 0, 0, 1] 
 0.8830715532286213 

FourValues
 18 
 [1, 1, 1, 1, 1] 
 [0, 0, 0, 0, 1] 
 0.944153577661431 

FourValues
 18 
 [1, 1, 1, 1, 1] 
 [0, 0, 0, 1, 0] 
 0.5795053003533569 

FourValues
 18 
 [1, 1, 1, 1, 1] 
 [0, 0, 1, 0, 0] 
 0.5437392795883362 

FourValues
 18 
 [1, 1, 1, 1, 1] 
 [0, 1, 0, 0, 0] 
 0.6671709531013615 

FourValues
 18 
 [1, 1, 1, 1, 1] 
 [1, 0, 0, 0, 0] 
 0.5875420875420876 

DataShapley
 19 
 [0] 
 [1, 1, 1, 1, 1] 
 0.4964729593550554 

DataShapley
 19 
 [0, 2] 
 [1, 1, 1, 1, 1] 
 0.6184077930802822 

DataShapley
 19 
 [0, 2, 1] 
 [1, 1, 1, 1, 1] 
 0.6469600268726906 

DataShapley
 19 
 [0, 2, 1, 3] 
 [1, 1, 1, 1, 1] 
 0.6650990930466913 

DataShapley
 19 
 [0, 2, 1, 3, 4] 
 [1, 1, 1, 1, 1] 
 0.6647631844138394 

FourValues
 19 
 [0, 0, 0, 0, 1] 
 [0, 0, 0, 0, 1] 
 0.9720767888307156 

FourValues
 19 
 [0, 0, 0, 1, 0] 
 [0, 0, 0, 1, 0] 
 0.6448763250883393 

FourValues
 19 
 [0, 0, 1, 0, 0] 
 [0, 0, 1, 0, 0] 
 0.6397941680960549 

FourValues
 19 
 [0, 1, 0, 0, 0] 
 [0, 1, 0, 0, 0] 
 0.6913767019667171 

FourValues
 19 
 [0, 1, 1, 1, 1] 
 [1, 0, 0, 0, 0] 
 0.44107744107744107 

FourValues
 19 
 [1, 0, 0, 0, 0] 
 [1, 0, 0, 0, 0] 
 0.6599326599326599 

FourValues
 19 
 [1, 0, 1, 1, 1] 
 [0, 1, 0, 0, 0] 
 0.6308623298033282 

FourValues
 19 
 [1, 1, 0, 1, 1] 
 [0, 0, 1, 0, 0] 
 0.411663807890223 

FourValues
 19 
 [1, 1, 1, 0, 1] 
 [0, 0, 0, 1, 0] 
 0.4081272084805654 

FourValues
 19 
 [1, 1, 1, 1, 0] 
 [0, 0, 0, 0, 1] 
 0.8865619546247818 

FourValues
 19 
 [1, 1, 1, 1, 1] 
 [0, 0, 0, 0, 1] 
 0.9458987783595113 

FourValues
 19 
 [1, 1, 1, 1, 1] 
 [0, 0, 0, 1, 0] 
 0.5812720848056537 

FourValues
 19 
 [1, 1, 1, 1, 1] 
 [0, 0, 1, 0, 0] 
 0.548885077186964 

FourValues
 19 
 [1, 1, 1, 1, 1] 
 [0, 1, 0, 0, 0] 
 0.6641452344931922 

FourValues
 19 
 [1, 1, 1, 1, 1] 
 [1, 0, 0, 0, 0] 
 0.5875420875420876 

DataShapley
 20 
 [0] 
 [1, 1, 1, 1, 1] 
 0.5068861269734632 

DataShapley
 20 
 [0, 3] 
 [1, 1, 1, 1, 1] 
 0.5784346657709103 

DataShapley
 20 
 [0, 3, 1] 
 [1, 1, 1, 1, 1] 
 0.6073228081961707 

DataShapley
 20 
 [0, 3, 1, 4] 
 [1, 1, 1, 1, 1] 
 0.6577091031239503 

DataShapley
 20 
 [0, 3, 1, 4, 2] 
 [1, 1, 1, 1, 1] 
 0.6630836412495801 

FourValues
 20 
 [0, 0, 0, 0, 1] 
 [0, 0, 0, 0, 1] 
 0.9703315881326352 

FourValues
 20 
 [0, 0, 0, 1, 0] 
 [0, 0, 0, 1, 0] 
 0.6519434628975265 

FourValues
 20 
 [0, 0, 1, 0, 0] 
 [0, 0, 1, 0, 0] 
 0.6329331046312179 

FourValues
 20 
 [0, 1, 0, 0, 0] 
 [0, 1, 0, 0, 0] 
 0.6913767019667171 

FourValues
 20 
 [0, 1, 1, 1, 1] 
 [1, 0, 0, 0, 0] 
 0.44107744107744107 

FourValues
 20 
 [1, 0, 0, 0, 0] 
 [1, 0, 0, 0, 0] 
 0.6599326599326599 

FourValues
 20 
 [1, 0, 1, 1, 1] 
 [0, 1, 0, 0, 0] 
 0.6263237518910741 

FourValues
 20 
 [1, 1, 0, 1, 1] 
 [0, 0, 1, 0, 0] 
 0.42538593481989706 

FourValues
 20 
 [1, 1, 1, 0, 1] 
 [0, 0, 0, 1, 0] 
 0.41872791519434627 

FourValues
 20 
 [1, 1, 1, 1, 0] 
 [0, 0, 0, 0, 1] 
 0.8970331588132635 

FourValues
 20 
 [1, 1, 1, 1, 1] 
 [0, 0, 0, 0, 1] 
 0.9476439790575916 

FourValues
 20 
 [1, 1, 1, 1, 1] 
 [0, 0, 0, 1, 0] 
 0.5742049469964664 

FourValues
 20 
 [1, 1, 1, 1, 1] 
 [0, 0, 1, 0, 0] 
 0.548885077186964 

FourValues
 20 
 [1, 1, 1, 1, 1] 
 [0, 1, 0, 0, 0] 
 0.6671709531013615 

FourValues
 20 
 [1, 1, 1, 1, 1] 
 [1, 0, 0, 0, 0] 
 0.5808080808080808 

DataShapley
 21 
 [0] 
 [1, 1, 1, 1, 1] 
 0.514947934161908 

DataShapley
 21 
 [0, 3] 
 [1, 1, 1, 1, 1] 
 0.579106483036614 

DataShapley
 21 
 [0, 3, 2] 
 [1, 1, 1, 1, 1] 
 0.6751763520322472 

DataShapley
 21 
 [0, 3, 2, 1] 
 [1, 1, 1, 1, 1] 
 0.6698018139066174 

DataShapley
 21 
 [0, 3, 2, 1, 4] 
 [1, 1, 1, 1, 1] 
 0.6671145448438025 

FourValues
 21 
 [0, 0, 0, 0, 1] 
 [0, 0, 0, 0, 1] 
 0.9738219895287958 

FourValues
 21 
 [0, 0, 0, 1, 0] 
 [0, 0, 0, 1, 0] 
 0.6519434628975265 

FourValues
 21 
 [0, 0, 1, 0, 0] 
 [0, 0, 1, 0, 0] 
 0.6346483704974271 

FourValues
 21 
 [0, 1, 0, 0, 0] 
 [0, 1, 0, 0, 0] 
 0.6913767019667171 

FourValues
 21 
 [0, 1, 1, 1, 1] 
 [1, 0, 0, 0, 0] 
 0.45454545454545453 

FourValues
 21 
 [1, 0, 0, 0, 0] 
 [1, 0, 0, 0, 0] 
 0.6582491582491582 

FourValues
 21 
 [1, 0, 1, 1, 1] 
 [0, 1, 0, 0, 0] 
 0.6278366111951589 

FourValues
 21 
 [1, 1, 0, 1, 1] 
 [0, 0, 1, 0, 0] 
 0.4339622641509434 

FourValues
 21 
 [1, 1, 1, 0, 1] 
 [0, 0, 0, 1, 0] 
 0.4275618374558304 

FourValues
 21 
 [1, 1, 1, 1, 0] 
 [0, 0, 0, 0, 1] 
 0.8987783595113438 

FourValues
 21 
 [1, 1, 1, 1, 1] 
 [0, 0, 0, 0, 1] 
 0.9493891797556719 

FourValues
 21 
 [1, 1, 1, 1, 1] 
 [0, 0, 0, 1, 0] 
 0.5830388692579506 

FourValues
 21 
 [1, 1, 1, 1, 1] 
 [0, 0, 1, 0, 0] 
 0.548885077186964 

FourValues
 21 
 [1, 1, 1, 1, 1] 
 [0, 1, 0, 0, 0] 
 0.6686838124054463 

FourValues
 21 
 [1, 1, 1, 1, 1] 
 [1, 0, 0, 0, 0] 
 0.5892255892255892 

DataShapley
 22 
 [2] 
 [1, 1, 1, 1, 1] 
 0.3496808867987907 

DataShapley
 22 
 [2, 0] 
 [1, 1, 1, 1, 1] 
 0.633523681558616 

DataShapley
 22 
 [2, 0, 4] 
 [1, 1, 1, 1, 1] 
 0.6160564326503191 

DataShapley
 22 
 [2, 0, 4, 3] 
 [1, 1, 1, 1, 1] 
 0.6684581793752099 

DataShapley
 22 
 [2, 0, 4, 3, 1] 
 [1, 1, 1, 1, 1] 
 0.6684581793752099 

FourValues
 22 
 [0, 0, 0, 0, 1] 
 [0, 0, 0, 0, 1] 
 0.9738219895287958 

FourValues
 22 
 [0, 0, 0, 1, 0] 
 [0, 0, 0, 1, 0] 
 0.6501766784452296 

FourValues
 22 
 [0, 0, 1, 0, 0] 
 [0, 0, 1, 0, 0] 
 0.6363636363636364 

FourValues
 22 
 [0, 1, 0, 0, 0] 
 [0, 1, 0, 0, 0] 
 0.6913767019667171 

FourValues
 22 
 [0, 1, 1, 1, 1] 
 [1, 0, 0, 0, 0] 
 0.4764309764309764 

FourValues
 22 
 [1, 0, 0, 0, 0] 
 [1, 0, 0, 0, 0] 
 0.6599326599326599 

FourValues
 22 
 [1, 0, 1, 1, 1] 
 [0, 1, 0, 0, 0] 
 0.642965204236006 

FourValues
 22 
 [1, 1, 0, 1, 1] 
 [0, 0, 1, 0, 0] 
 0.4219554030874786 

FourValues
 22 
 [1, 1, 1, 0, 1] 
 [0, 0, 0, 1, 0] 
 0.4363957597173145 

FourValues
 22 
 [1, 1, 1, 1, 0] 
 [0, 0, 0, 0, 1] 
 0.8952879581151832 

FourValues
 22 
 [1, 1, 1, 1, 1] 
 [0, 0, 0, 0, 1] 
 0.9476439790575916 

FourValues
 22 
 [1, 1, 1, 1, 1] 
 [0, 0, 0, 1, 0] 
 0.5901060070671378 

FourValues
 22 
 [1, 1, 1, 1, 1] 
 [0, 0, 1, 0, 0] 
 0.5471698113207547 

FourValues
 22 
 [1, 1, 1, 1, 1] 
 [0, 1, 0, 0, 0] 
 0.6656580937972768 

FourValues
 22 
 [1, 1, 1, 1, 1] 
 [1, 0, 0, 0, 0] 
 0.5959595959595959 

DataShapley
 23 
 [1] 
 [1, 1, 1, 1, 1] 
 0.5660060463553913 

DataShapley
 23 
 [1, 0] 
 [1, 1, 1, 1, 1] 
 0.5858246556936513 

DataShapley
 23 
 [1, 0, 3] 
 [1, 1, 1, 1, 1] 
 0.6079946254618743 

DataShapley
 23 
 [1, 0, 3, 2] 
 [1, 1, 1, 1, 1] 
 0.6704736311723212 

DataShapley
 23 
 [1, 0, 3, 2, 4] 
 [1, 1, 1, 1, 1] 
 0.6701377225394692 

FourValues
 23 
 [0, 0, 0, 0, 1] 
 [0, 0, 0, 0, 1] 
 0.9720767888307156 

FourValues
 23 
 [0, 0, 0, 1, 0] 
 [0, 0, 0, 1, 0] 
 0.6484098939929329 

FourValues
 23 
 [0, 0, 1, 0, 0] 
 [0, 0, 1, 0, 0] 
 0.6346483704974271 

FourValues
 23 
 [0, 1, 0, 0, 0] 
 [0, 1, 0, 0, 0] 
 0.6913767019667171 

FourValues
 23 
 [0, 1, 1, 1, 1] 
 [1, 0, 0, 0, 0] 
 0.4781144781144781 

FourValues
 23 
 [1, 0, 0, 0, 0] 
 [1, 0, 0, 0, 0] 
 0.6599326599326599 

FourValues
 23 
 [1, 0, 1, 1, 1] 
 [0, 1, 0, 0, 0] 
 0.6399394856278366 

FourValues
 23 
 [1, 1, 0, 1, 1] 
 [0, 0, 1, 0, 0] 
 0.43739279588336194 

FourValues
 23 
 [1, 1, 1, 0, 1] 
 [0, 0, 0, 1, 0] 
 0.44876325088339225 

FourValues
 23 
 [1, 1, 1, 1, 0] 
 [0, 0, 0, 0, 1] 
 0.8987783595113438 

FourValues
 23 
 [1, 1, 1, 1, 1] 
 [0, 0, 0, 0, 1] 
 0.9493891797556719 

FourValues
 23 
 [1, 1, 1, 1, 1] 
 [0, 0, 0, 1, 0] 
 0.5936395759717314 

FourValues
 23 
 [1, 1, 1, 1, 1] 
 [0, 0, 1, 0, 0] 
 0.5506003430531733 

FourValues
 23 
 [1, 1, 1, 1, 1] 
 [0, 1, 0, 0, 0] 
 0.6686838124054463 

FourValues
 23 
 [1, 1, 1, 1, 1] 
 [1, 0, 0, 0, 0] 
 0.5925925925925926 

DataShapley
 24 
 [3] 
 [1, 1, 1, 1, 1] 
 0.4477662075915351 

DataShapley
 24 
 [3, 2] 
 [1, 1, 1, 1, 1] 
 0.6214309707759489 

DataShapley
 24 
 [3, 2, 4] 
 [1, 1, 1, 1, 1] 
 0.6137050722203561 

DataShapley
 24 
 [3, 2, 4, 0] 
 [1, 1, 1, 1, 1] 
 0.6681222707423581 

DataShapley
 24 
 [3, 2, 4, 0, 1] 
 [1, 1, 1, 1, 1] 
 0.6711454484380248 

FourValues
 24 
 [0, 0, 0, 0, 1] 
 [0, 0, 0, 0, 1] 
 0.9790575916230366 

FourValues
 24 
 [0, 0, 0, 1, 0] 
 [0, 0, 0, 1, 0] 
 0.6537102473498233 

FourValues
 24 
 [0, 0, 1, 0, 0] 
 [0, 0, 1, 0, 0] 
 0.6329331046312179 

FourValues
 24 
 [0, 1, 0, 0, 0] 
 [0, 1, 0, 0, 0] 
 0.6913767019667171 

FourValues
 24 
 [0, 1, 1, 1, 1] 
 [1, 0, 0, 0, 0] 
 0.48148148148148145 

FourValues
 24 
 [1, 0, 0, 0, 0] 
 [1, 0, 0, 0, 0] 
 0.6599326599326599 

FourValues
 24 
 [1, 0, 1, 1, 1] 
 [0, 1, 0, 0, 0] 
 0.6399394856278366 

FourValues
 24 
 [1, 1, 0, 1, 1] 
 [0, 0, 1, 0, 0] 
 0.444253859348199 

FourValues
 24 
 [1, 1, 1, 0, 1] 
 [0, 0, 0, 1, 0] 
 0.4575971731448763 

FourValues
 24 
 [1, 1, 1, 1, 0] 
 [0, 0, 0, 0, 1] 
 0.8987783595113438 

FourValues
 24 
 [1, 1, 1, 1, 1] 
 [0, 0, 0, 0, 1] 
 0.9458987783595113 

FourValues
 24 
 [1, 1, 1, 1, 1] 
 [0, 0, 0, 1, 0] 
 0.5918727915194346 

FourValues
 24 
 [1, 1, 1, 1, 1] 
 [0, 0, 1, 0, 0] 
 0.5506003430531733 

FourValues
 24 
 [1, 1, 1, 1, 1] 
 [0, 1, 0, 0, 0] 
 0.6717095310136157 

FourValues
 24 
 [1, 1, 1, 1, 1] 
 [1, 0, 0, 0, 0] 
 0.5993265993265994 

DataShapley
 25 
 [2] 
 [1, 1, 1, 1, 1] 
 0.3832717500839772 

DataShapley
 25 
 [2, 3] 
 [1, 1, 1, 1, 1] 
 0.6278132348001344 

DataShapley
 25 
 [2, 3, 0] 
 [1, 1, 1, 1, 1] 
 0.6778636210950622 

DataShapley
 25 
 [2, 3, 0, 4] 
 [1, 1, 1, 1, 1] 
 0.6701377225394692 

DataShapley
 25 
 [2, 3, 0, 4, 1] 
 [1, 1, 1, 1, 1] 
 0.6714813570708767 

FourValues
 25 
 [0, 0, 0, 0, 1] 
 [0, 0, 0, 0, 1] 
 0.9720767888307156 

FourValues
 25 
 [0, 0, 0, 1, 0] 
 [0, 0, 0, 1, 0] 
 0.6466431095406361 

FourValues
 25 
 [0, 0, 1, 0, 0] 
 [0, 0, 1, 0, 0] 
 0.6329331046312179 

FourValues
 25 
 [0, 1, 0, 0, 0] 
 [0, 1, 0, 0, 0] 
 0.6913767019667171 

FourValues
 25 
 [0, 1, 1, 1, 1] 
 [1, 0, 0, 0, 0] 
 0.49158249158249157 

FourValues
 25 
 [1, 0, 0, 0, 0] 
 [1, 0, 0, 0, 0] 
 0.6616161616161617 

FourValues
 25 
 [1, 0, 1, 1, 1] 
 [0, 1, 0, 0, 0] 
 0.6459909228441755 

FourValues
 25 
 [1, 1, 0, 1, 1] 
 [0, 0, 1, 0, 0] 
 0.44082332761578047 

FourValues
 25 
 [1, 1, 1, 0, 1] 
 [0, 0, 0, 1, 0] 
 0.4558303886925795 

FourValues
 25 
 [1, 1, 1, 1, 0] 
 [0, 0, 0, 0, 1] 
 0.8952879581151832 

FourValues
 25 
 [1, 1, 1, 1, 1] 
 [0, 0, 0, 0, 1] 
 0.9476439790575916 

FourValues
 25 
 [1, 1, 1, 1, 1] 
 [0, 0, 0, 1, 0] 
 0.5918727915194346 

FourValues
 25 
 [1, 1, 1, 1, 1] 
 [0, 0, 1, 0, 0] 
 0.5471698113207547 

FourValues
 25 
 [1, 1, 1, 1, 1] 
 [0, 1, 0, 0, 0] 
 0.6717095310136157 

FourValues
 25 
 [1, 1, 1, 1, 1] 
 [1, 0, 0, 0, 0] 
 0.6026936026936027 

DataShapley
 26 
 [3] 
 [1, 1, 1, 1, 1] 
 0.4373530399731273 

DataShapley
 26 
 [3, 0] 
 [1, 1, 1, 1, 1] 
 0.5838092038965401 

DataShapley
 26 
 [3, 0, 4] 
 [1, 1, 1, 1, 1] 
 0.6610681894524689 

DataShapley
 26 
 [3, 0, 4, 2] 
 [1, 1, 1, 1, 1] 
 0.6724890829694323 

DataShapley
 26 
 [3, 0, 4, 2, 1] 
 [1, 1, 1, 1, 1] 
 0.6728249916022842 

FourValues
 26 
 [0, 0, 0, 0, 1] 
 [0, 0, 0, 0, 1] 
 0.9738219895287958 

FourValues
 26 
 [0, 0, 0, 1, 0] 
 [0, 0, 0, 1, 0] 
 0.6501766784452296 

FourValues
 26 
 [0, 0, 1, 0, 0] 
 [0, 0, 1, 0, 0] 
 0.6346483704974271 

FourValues
 26 
 [0, 1, 0, 0, 0] 
 [0, 1, 0, 0, 0] 
 0.9077155824508321 

FourValues
 26 
 [0, 1, 1, 1, 1] 
 [1, 0, 0, 0, 0] 
 0.4898989898989899 

FourValues
 26 
 [1, 0, 0, 0, 0] 
 [1, 0, 0, 0, 0] 
 0.6616161616161617 

FourValues
 26 
 [1, 0, 1, 1, 1] 
 [0, 1, 0, 0, 0] 
 0.6459909228441755 

FourValues
 26 
 [1, 1, 0, 1, 1] 
 [0, 0, 1, 0, 0] 
 0.4562607204116638 

FourValues
 26 
 [1, 1, 1, 0, 1] 
 [0, 0, 0, 1, 0] 
 0.46996466431095407 

FourValues
 26 
 [1, 1, 1, 1, 0] 
 [0, 0, 0, 0, 1] 
 0.9040139616055847 

FourValues
 26 
 [1, 1, 1, 1, 1] 
 [0, 0, 0, 0, 1] 
 0.9476439790575916 

FourValues
 26 
 [1, 1, 1, 1, 1] 
 [0, 0, 0, 1, 0] 
 0.6007067137809188 

FourValues
 26 
 [1, 1, 1, 1, 1] 
 [0, 0, 1, 0, 0] 
 0.5471698113207547 

FourValues
 26 
 [1, 1, 1, 1, 1] 
 [0, 1, 0, 0, 0] 
 0.6686838124054463 

FourValues
 26 
 [1, 1, 1, 1, 1] 
 [1, 0, 0, 0, 0] 
 0.6043771043771043 

DataShapley
 27 
 [4] 
 [1, 1, 1, 1, 1] 
 0.47934161907961037 

DataShapley
 27 
 [4, 3] 
 [1, 1, 1, 1, 1] 
 0.6116896204232449 

DataShapley
 27 
 [4, 3, 1] 
 [1, 1, 1, 1, 1] 
 0.653342290896876 

DataShapley
 27 
 [4, 3, 1, 0] 
 [1, 1, 1, 1, 1] 
 0.6661068189452469 

DataShapley
 27 
 [4, 3, 1, 0, 2] 
 [1, 1, 1, 1, 1] 
 0.6751763520322472 

FourValues
 27 
 [0, 0, 0, 0, 1] 
 [0, 0, 0, 0, 1] 
 0.9703315881326352 

FourValues
 27 
 [0, 0, 0, 1, 0] 
 [0, 0, 0, 1, 0] 
 0.6484098939929329 

FourValues
 27 
 [0, 0, 1, 0, 0] 
 [0, 0, 1, 0, 0] 
 0.8610634648370498 

FourValues
 27 
 [0, 1, 0, 0, 0] 
 [0, 1, 0, 0, 0] 
 0.9909228441754917 

FourValues
 27 
 [0, 1, 1, 1, 1] 
 [1, 0, 0, 0, 0] 
 0.4983164983164983 

FourValues
 27 
 [1, 0, 0, 0, 0] 
 [1, 0, 0, 0, 0] 
 0.6616161616161617 

FourValues
 27 
 [1, 0, 1, 1, 1] 
 [0, 1, 0, 0, 0] 
 0.6459909228441755 

FourValues
 27 
 [1, 1, 0, 1, 1] 
 [0, 0, 1, 0, 0] 
 0.45969125214408235 

FourValues
 27 
 [1, 1, 1, 0, 1] 
 [0, 0, 0, 1, 0] 
 0.46996466431095407 

FourValues
 27 
 [1, 1, 1, 1, 0] 
 [0, 0, 0, 0, 1] 
 0.8830715532286213 

FourValues
 27 
 [1, 1, 1, 1, 1] 
 [0, 0, 0, 0, 1] 
 0.9458987783595113 

FourValues
 27 
 [1, 1, 1, 1, 1] 
 [0, 0, 0, 1, 0] 
 0.598939929328622 

FourValues
 27 
 [1, 1, 1, 1, 1] 
 [0, 0, 1, 0, 0] 
 0.5557461406518011 

FourValues
 27 
 [1, 1, 1, 1, 1] 
 [0, 1, 0, 0, 0] 
 0.6732223903177005 

FourValues
 27 
 [1, 1, 1, 1, 1] 
 [1, 0, 0, 0, 0] 
 0.6060606060606061 

DataShapley
 28 
 [3] 
 [1, 1, 1, 1, 1] 
 0.4635539133355727 

DataShapley
 28 
 [3, 0] 
 [1, 1, 1, 1, 1] 
 0.5821296607322808 

DataShapley
 28 
 [3, 0, 2] 
 [1, 1, 1, 1, 1] 
 0.745045347665435 

DataShapley
 28 
 [3, 0, 2, 4] 
 [1, 1, 1, 1, 1] 
 0.6892845146120256 

DataShapley
 28 
 [3, 0, 2, 4, 1] 
 [1, 1, 1, 1, 1] 
 0.7554585152838428 

FourValues
 28 
 [0, 0, 0, 0, 1] 
 [0, 0, 0, 0, 1] 
 0.9720767888307156 

FourValues
 28 
 [0, 0, 0, 1, 0] 
 [0, 0, 0, 1, 0] 
 0.6501766784452296 

FourValues
 28 
 [0, 0, 1, 0, 0] 
 [0, 0, 1, 0, 0] 
 0.9502572898799314 

FourValues
 28 
 [0, 1, 0, 0, 0] 
 [0, 1, 0, 0, 0] 
 0.989409984871407 

FourValues
 28 
 [0, 1, 1, 1, 1] 
 [1, 0, 0, 0, 0] 
 0.4882154882154882 

FourValues
 28 
 [1, 0, 0, 0, 0] 
 [1, 0, 0, 0, 0] 
 0.6616161616161617 

FourValues
 28 
 [1, 0, 1, 1, 1] 
 [0, 1, 0, 0, 0] 
 0.6792738275340393 

FourValues
 28 
 [1, 1, 0, 1, 1] 
 [0, 0, 1, 0, 0] 
 0.5265866209262435 

FourValues
 28 
 [1, 1, 1, 0, 1] 
 [0, 0, 0, 1, 0] 
 0.47703180212014135 

FourValues
 28 
 [1, 1, 1, 1, 0] 
 [0, 0, 0, 0, 1] 
 0.7329842931937173 

FourValues
 28 
 [1, 1, 1, 1, 1] 
 [0, 0, 0, 0, 1] 
 0.9284467713787086 

FourValues
 28 
 [1, 1, 1, 1, 1] 
 [0, 0, 0, 1, 0] 
 0.5936395759717314 

FourValues
 28 
 [1, 1, 1, 1, 1] 
 [0, 0, 1, 0, 0] 
 0.7701543739279588 

FourValues
 28 
 [1, 1, 1, 1, 1] 
 [0, 1, 0, 0, 0] 
 0.8683812405446294 

FourValues
 28 
 [1, 1, 1, 1, 1] 
 [1, 0, 0, 0, 0] 
 0.6026936026936027 

DataShapley
 29 
 [2] 
 [1, 1, 1, 1, 1] 
 0.4289553241518307 

DataShapley
 29 
 [2, 0] 
 [1, 1, 1, 1, 1] 
 0.7161572052401747 

DataShapley
 29 
 [2, 0, 3] 
 [1, 1, 1, 1, 1] 
 0.7591535102452133 

DataShapley
 29 
 [2, 0, 3, 1] 
 [1, 1, 1, 1, 1] 
 0.7396708095398051 

DataShapley
 29 
 [2, 0, 3, 1, 4] 
 [1, 1, 1, 1, 1] 
 0.7762848505206584 

FourValues
 29 
 [0, 0, 0, 0, 1] 
 [0, 0, 0, 0, 1] 
 0.9703315881326352 

FourValues
 29 
 [0, 0, 0, 1, 0] 
 [0, 0, 0, 1, 0] 
 0.6519434628975265 

FourValues
 29 
 [0, 0, 1, 0, 0] 
 [0, 0, 1, 0, 0] 
 0.9502572898799314 

FourValues
 29 
 [0, 1, 0, 0, 0] 
 [0, 1, 0, 0, 0] 
 0.989409984871407 

FourValues
 29 
 [0, 1, 1, 1, 1] 
 [1, 0, 0, 0, 0] 
 0.4898989898989899 

FourValues
 29 
 [1, 0, 0, 0, 0] 
 [1, 0, 0, 0, 0] 
 0.6616161616161617 

FourValues
 29 
 [1, 0, 1, 1, 1] 
 [0, 1, 0, 0, 0] 
 0.783661119515885 

FourValues
 29 
 [1, 1, 0, 1, 1] 
 [0, 0, 1, 0, 0] 
 0.6295025728987993 

FourValues
 29 
 [1, 1, 1, 0, 1] 
 [0, 0, 0, 1, 0] 
 0.4628975265017668 

FourValues
 29 
 [1, 1, 1, 1, 0] 
 [0, 0, 0, 0, 1] 
 0.6178010471204188 

FourValues
 29 
 [1, 1, 1, 1, 1] 
 [0, 0, 0, 0, 1] 
 0.8952879581151832 

FourValues
 29 
 [1, 1, 1, 1, 1] 
 [0, 0, 0, 1, 0] 
 0.5918727915194346 

FourValues
 29 
 [1, 1, 1, 1, 1] 
 [0, 0, 1, 0, 0] 
 0.8404802744425386 

FourValues
 29 
 [1, 1, 1, 1, 1] 
 [0, 1, 0, 0, 0] 
 0.9273827534039334 

FourValues
 29 
 [1, 1, 1, 1, 1] 
 [1, 0, 0, 0, 0] 
 0.6060606060606061 

DataShapley
 30 
 [2] 
 [1, 1, 1, 1, 1] 
 0.4457507557944239 

DataShapley
 30 
 [2, 3] 
 [1, 1, 1, 1, 1] 
 0.6960026872690628 

DataShapley
 30 
 [2, 3, 4] 
 [1, 1, 1, 1, 1] 
 0.6872690628149143 

DataShapley
 30 
 [2, 3, 4, 1] 
 [1, 1, 1, 1, 1] 
 0.7534430634867316 

DataShapley
 30 
 [2, 3, 4, 1, 0] 
 [1, 1, 1, 1, 1] 
 0.777292576419214 

FourValues
 30 
 [0, 0, 0, 0, 1] 
 [0, 0, 0, 0, 1] 
 0.9703315881326352 

FourValues
 30 
 [0, 0, 0, 1, 0] 
 [0, 0, 0, 1, 0] 
 0.6484098939929329 

FourValues
 30 
 [0, 0, 1, 0, 0] 
 [0, 0, 1, 0, 0] 
 0.9468267581475128 

FourValues
 30 
 [0, 1, 0, 0, 0] 
 [0, 1, 0, 0, 0] 
 0.989409984871407 

FourValues
 30 
 [0, 1, 1, 1, 1] 
 [1, 0, 0, 0, 0] 
 0.49326599326599324 

FourValues
 30 
 [1, 0, 0, 0, 0] 
 [1, 0, 0, 0, 0] 
 0.6616161616161617 

FourValues
 30 
 [1, 0, 1, 1, 1] 
 [0, 1, 0, 0, 0] 
 0.8199697428139183 

FourValues
 30 
 [1, 1, 0, 1, 1] 
 [0, 0, 1, 0, 0] 
 0.6963979416809606 

FourValues
 30 
 [1, 1, 1, 0, 1] 
 [0, 0, 0, 1, 0] 
 0.4558303886925795 

FourValues
 30 
 [1, 1, 1, 1, 0] 
 [0, 0, 0, 0, 1] 
 0.6108202443280978 

FourValues
 30 
 [1, 1, 1, 1, 1] 
 [0, 0, 0, 0, 1] 
 0.8708551483420593 

FourValues
 30 
 [1, 1, 1, 1, 1] 
 [0, 0, 0, 1, 0] 
 0.5918727915194346 

FourValues
 30 
 [1, 1, 1, 1, 1] 
 [0, 0, 1, 0, 0] 
 0.8542024013722127 

FourValues
 30 
 [1, 1, 1, 1, 1] 
 [0, 1, 0, 0, 0] 
 0.9394856278366112 

FourValues
 30 
 [1, 1, 1, 1, 1] 
 [1, 0, 0, 0, 0] 
 0.6077441077441077 

DataShapley
 31 
 [4] 
 [1, 1, 1, 1, 1] 
 0.48303661404098086 

DataShapley
 31 
 [4, 2] 
 [1, 1, 1, 1, 1] 
 0.5972455492106147 

DataShapley
 31 
 [4, 2, 1] 
 [1, 1, 1, 1, 1] 
 0.6912999664091367 

DataShapley
 31 
 [4, 2, 1, 0] 
 [1, 1, 1, 1, 1] 
 0.7510917030567685 

DataShapley
 31 
 [4, 2, 1, 0, 3] 
 [1, 1, 1, 1, 1] 
 0.7766207591535103 

FourValues
 31 
 [0, 0, 0, 0, 1] 
 [0, 0, 0, 0, 1] 
 0.9703315881326352 

FourValues
 31 
 [0, 0, 0, 1, 0] 
 [0, 0, 0, 1, 0] 
 0.6484098939929329 

FourValues
 31 
 [0, 0, 1, 0, 0] 
 [0, 0, 1, 0, 0] 
 0.9485420240137221 

FourValues
 31 
 [0, 1, 0, 0, 0] 
 [0, 1, 0, 0, 0] 
 0.989409984871407 

FourValues
 31 
 [0, 1, 1, 1, 1] 
 [1, 0, 0, 0, 0] 
 0.4831649831649832 

FourValues
 31 
 [1, 0, 0, 0, 0] 
 [1, 0, 0, 0, 0] 
 0.6599326599326599 

FourValues
 31 
 [1, 0, 1, 1, 1] 
 [0, 1, 0, 0, 0] 
 0.8411497730711044 

FourValues
 31 
 [1, 1, 0, 1, 1] 
 [0, 0, 1, 0, 0] 
 0.7221269296740995 

FourValues
 31 
 [1, 1, 1, 0, 1] 
 [0, 0, 0, 1, 0] 
 0.4452296819787986 

FourValues
 31 
 [1, 1, 1, 1, 0] 
 [0, 0, 0, 0, 1] 
 0.6143106457242583 

FourValues
 31 
 [1, 1, 1, 1, 1] 
 [0, 0, 0, 0, 1] 
 0.8673647469458988 

FourValues
 31 
 [1, 1, 1, 1, 1] 
 [0, 0, 0, 1, 0] 
 0.588339222614841 

FourValues
 31 
 [1, 1, 1, 1, 1] 
 [0, 0, 1, 0, 0] 
 0.869639794168096 

FourValues
 31 
 [1, 1, 1, 1, 1] 
 [0, 1, 0, 0, 0] 
 0.9394856278366112 

FourValues
 31 
 [1, 1, 1, 1, 1] 
 [1, 0, 0, 0, 0] 
 0.5959595959595959 

DataShapley
 32 
 [0] 
 [1, 1, 1, 1, 1] 
 0.6493113873026537 

DataShapley
 32 
 [0, 4] 
 [1, 1, 1, 1, 1] 
 0.6644272757809876 

DataShapley
 32 
 [0, 4, 3] 
 [1, 1, 1, 1, 1] 
 0.6842458851192476 

DataShapley
 32 
 [0, 4, 3, 2] 
 [1, 1, 1, 1, 1] 
 0.767215317433658 

DataShapley
 32 
 [0, 4, 3, 2, 1] 
 [1, 1, 1, 1, 1] 
 0.7779643936849177 

FourValues
 32 
 [0, 0, 0, 0, 1] 
 [0, 0, 0, 0, 1] 
 0.9773123909249564 

FourValues
 32 
 [0, 0, 0, 1, 0] 
 [0, 0, 0, 1, 0] 
 0.6501766784452296 

FourValues
 32 
 [0, 0, 1, 0, 0] 
 [0, 0, 1, 0, 0] 
 0.9571183533447685 

FourValues
 32 
 [0, 1, 0, 0, 0] 
 [0, 1, 0, 0, 0] 
 0.989409984871407 

FourValues
 32 
 [0, 1, 1, 1, 1] 
 [1, 0, 0, 0, 0] 
 0.49663299663299665 

FourValues
 32 
 [1, 0, 0, 0, 0] 
 [1, 0, 0, 0, 0] 
 0.6599326599326599 

FourValues
 32 
 [1, 0, 1, 1, 1] 
 [0, 1, 0, 0, 0] 
 0.8638426626323752 

FourValues
 32 
 [1, 1, 0, 1, 1] 
 [0, 0, 1, 0, 0] 
 0.7324185248713551 

FourValues
 32 
 [1, 1, 1, 0, 1] 
 [0, 0, 0, 1, 0] 
 0.46819787985865724 

FourValues
 32 
 [1, 1, 1, 1, 0] 
 [0, 0, 0, 0, 1] 
 0.581151832460733 

FourValues
 32 
 [1, 1, 1, 1, 1] 
 [0, 0, 0, 0, 1] 
 0.837696335078534 

FourValues
 32 
 [1, 1, 1, 1, 1] 
 [0, 0, 0, 1, 0] 
 0.5954063604240283 

FourValues
 32 
 [1, 1, 1, 1, 1] 
 [0, 0, 1, 0, 0] 
 0.8713550600343053 

FourValues
 32 
 [1, 1, 1, 1, 1] 
 [0, 1, 0, 0, 0] 
 0.9470499243570348 

FourValues
 32 
 [1, 1, 1, 1, 1] 
 [1, 0, 0, 0, 0] 
 0.6144781144781145 

DataShapley
 33 
 [2] 
 [1, 1, 1, 1, 1] 
 0.42190124286194153 

DataShapley
 33 
 [2, 4] 
 [1, 1, 1, 1, 1] 
 0.6093382599932818 

DataShapley
 33 
 [2, 4, 1] 
 [1, 1, 1, 1, 1] 
 0.7027208599261001 

DataShapley
 33 
 [2, 4, 1, 0] 
 [1, 1, 1, 1, 1] 
 0.7591535102452133 

DataShapley
 33 
 [2, 4, 1, 0, 3] 
 [1, 1, 1, 1, 1] 
 0.7779643936849177 

FourValues
 33 
 [0, 0, 0, 0, 1] 
 [0, 0, 0, 0, 1] 
 0.9703315881326352 

FourValues
 33 
 [0, 0, 0, 1, 0] 
 [0, 0, 0, 1, 0] 
 0.6519434628975265 

FourValues
 33 
 [0, 0, 1, 0, 0] 
 [0, 0, 1, 0, 0] 
 0.9519725557461407 

FourValues
 33 
 [0, 1, 0, 0, 0] 
 [0, 1, 0, 0, 0] 
 0.989409984871407 

FourValues
 33 
 [0, 1, 1, 1, 1] 
 [1, 0, 0, 0, 0] 
 0.4983164983164983 

FourValues
 33 
 [1, 0, 0, 0, 0] 
 [1, 0, 0, 0, 0] 
 0.6616161616161617 

FourValues
 33 
 [1, 0, 1, 1, 1] 
 [0, 1, 0, 0, 0] 
 0.859304084720121 

FourValues
 33 
 [1, 1, 0, 1, 1] 
 [0, 0, 1, 0, 0] 
 0.7324185248713551 

FourValues
 33 
 [1, 1, 1, 0, 1] 
 [0, 0, 0, 1, 0] 
 0.4664310954063604 

FourValues
 33 
 [1, 1, 1, 1, 0] 
 [0, 0, 0, 0, 1] 
 0.6073298429319371 

FourValues
 33 
 [1, 1, 1, 1, 1] 
 [0, 0, 0, 0, 1] 
 0.8551483420593369 

FourValues
 33 
 [1, 1, 1, 1, 1] 
 [0, 0, 0, 1, 0] 
 0.5901060070671378 

FourValues
 33 
 [1, 1, 1, 1, 1] 
 [0, 0, 1, 0, 0] 
 0.8713550600343053 

FourValues
 33 
 [1, 1, 1, 1, 1] 
 [0, 1, 0, 0, 0] 
 0.9409984871406959 

FourValues
 33 
 [1, 1, 1, 1, 1] 
 [1, 0, 0, 0, 0] 
 0.6094276094276094 

DataShapley
 34 
 [0] 
 [1, 1, 1, 1, 1] 
 0.6654350016795432 

DataShapley
 34 
 [0, 2] 
 [1, 1, 1, 1, 1] 
 0.7175008397715821 

DataShapley
 34 
 [0, 2, 1] 
 [1, 1, 1, 1, 1] 
 0.7087672153174337 

DataShapley
 34 
 [0, 2, 1, 4] 
 [1, 1, 1, 1, 1] 
 0.7574739670809539 

DataShapley
 34 
 [0, 2, 1, 4, 3] 
 [1, 1, 1, 1, 1] 
 0.7793080282163252 

FourValues
 34 
 [0, 0, 0, 0, 1] 
 [0, 0, 0, 0, 1] 
 0.9720767888307156 

FourValues
 34 
 [0, 0, 0, 1, 0] 
 [0, 0, 0, 1, 0] 
 0.6501766784452296 

FourValues
 34 
 [0, 0, 1, 0, 0] 
 [0, 0, 1, 0, 0] 
 0.9554030874785592 

FourValues
 34 
 [0, 1, 0, 0, 0] 
 [0, 1, 0, 0, 0] 
 0.989409984871407 

FourValues
 34 
 [0, 1, 1, 1, 1] 
 [1, 0, 0, 0, 0] 
 0.5016835016835017 

FourValues
 34 
 [1, 0, 0, 0, 0] 
 [1, 0, 0, 0, 0] 
 0.6565656565656566 

FourValues
 34 
 [1, 0, 1, 1, 1] 
 [0, 1, 0, 0, 0] 
 0.859304084720121 

FourValues
 34 
 [1, 1, 0, 1, 1] 
 [0, 0, 1, 0, 0] 
 0.7392795883361921 

FourValues
 34 
 [1, 1, 1, 0, 1] 
 [0, 0, 0, 1, 0] 
 0.4752650176678445 

FourValues
 34 
 [1, 1, 1, 1, 0] 
 [0, 0, 0, 0, 1] 
 0.6055846422338569 

FourValues
 34 
 [1, 1, 1, 1, 1] 
 [0, 0, 0, 0, 1] 
 0.8603839441535777 

FourValues
 34 
 [1, 1, 1, 1, 1] 
 [0, 0, 0, 1, 0] 
 0.5954063604240283 

FourValues
 34 
 [1, 1, 1, 1, 1] 
 [0, 0, 1, 0, 0] 
 0.869639794168096 

FourValues
 34 
 [1, 1, 1, 1, 1] 
 [0, 1, 0, 0, 0] 
 0.9425113464447806 

FourValues
 34 
 [1, 1, 1, 1, 1] 
 [1, 0, 0, 0, 0] 
 0.6060606060606061 

DataShapley
 35 
 [3] 
 [1, 1, 1, 1, 1] 
 0.4884111521666107 

DataShapley
 35 
 [3, 0] 
 [1, 1, 1, 1, 1] 
 0.6610681894524689 

DataShapley
 35 
 [3, 0, 1] 
 [1, 1, 1, 1, 1] 
 0.7107826671145449 

DataShapley
 35 
 [3, 0, 1, 4] 
 [1, 1, 1, 1, 1] 
 0.7719180382935842 

DataShapley
 35 
 [3, 0, 1, 4, 2] 
 [1, 1, 1, 1, 1] 
 0.7819952972791401 

FourValues
 35 
 [0, 0, 0, 0, 1] 
 [0, 0, 0, 0, 1] 
 0.9738219895287958 

FourValues
 35 
 [0, 0, 0, 1, 0] 
 [0, 0, 0, 1, 0] 
 0.6519434628975265 

FourValues
 35 
 [0, 0, 1, 0, 0] 
 [0, 0, 1, 0, 0] 
 0.9554030874785592 

FourValues
 35 
 [0, 1, 0, 0, 0] 
 [0, 1, 0, 0, 0] 
 0.989409984871407 

FourValues
 35 
 [0, 1, 1, 1, 1] 
 [1, 0, 0, 0, 0] 
 0.5084175084175084 

FourValues
 35 
 [1, 0, 0, 0, 0] 
 [1, 0, 0, 0, 0] 
 0.6616161616161617 

FourValues
 35 
 [1, 0, 1, 1, 1] 
 [0, 1, 0, 0, 0] 
 0.8714069591527988 

FourValues
 35 
 [1, 1, 0, 1, 1] 
 [0, 0, 1, 0, 0] 
 0.7427101200686106 

FourValues
 35 
 [1, 1, 1, 0, 1] 
 [0, 0, 0, 1, 0] 
 0.49469964664310956 

FourValues
 35 
 [1, 1, 1, 1, 0] 
 [0, 0, 0, 0, 1] 
 0.612565445026178 

FourValues
 35 
 [1, 1, 1, 1, 1] 
 [0, 0, 0, 0, 1] 
 0.8534031413612565 

FourValues
 35 
 [1, 1, 1, 1, 1] 
 [0, 0, 0, 1, 0] 
 0.5971731448763251 

FourValues
 35 
 [1, 1, 1, 1, 1] 
 [0, 0, 1, 0, 0] 
 0.8713550600343053 

FourValues
 35 
 [1, 1, 1, 1, 1] 
 [0, 1, 0, 0, 0] 
 0.9485627836611196 

FourValues
 35 
 [1, 1, 1, 1, 1] 
 [1, 0, 0, 0, 0] 
 0.6161616161616161 

DataShapley
 36 
 [2] 
 [1, 1, 1, 1, 1] 
 0.455492106147128 

DataShapley
 36 
 [2, 4] 
 [1, 1, 1, 1, 1] 
 0.6392341283170977 

DataShapley
 36 
 [2, 4, 3] 
 [1, 1, 1, 1, 1] 
 0.7245549210614712 

DataShapley
 36 
 [2, 4, 3, 0] 
 [1, 1, 1, 1, 1] 
 0.7742693987235472 

DataShapley
 36 
 [2, 4, 3, 0, 1] 
 [1, 1, 1, 1, 1] 
 0.784682566341955 

FourValues
 36 
 [0, 0, 0, 0, 1] 
 [0, 0, 0, 0, 1] 
 0.9720767888307156 

FourValues
 36 
 [0, 0, 0, 1, 0] 
 [0, 0, 0, 1, 0] 
 0.6501766784452296 

FourValues
 36 
 [0, 0, 1, 0, 0] 
 [0, 0, 1, 0, 0] 
 0.9588336192109777 

FourValues
 36 
 [0, 1, 0, 0, 0] 
 [0, 1, 0, 0, 0] 
 0.989409984871407 

FourValues
 36 
 [0, 1, 1, 1, 1] 
 [1, 0, 0, 0, 0] 
 0.51010101010101 

FourValues
 36 
 [1, 0, 0, 0, 0] 
 [1, 0, 0, 0, 0] 
 0.6599326599326599 

FourValues
 36 
 [1, 0, 1, 1, 1] 
 [0, 1, 0, 0, 0] 
 0.8804841149773072 

FourValues
 36 
 [1, 1, 0, 1, 1] 
 [0, 0, 1, 0, 0] 
 0.7530017152658662 

FourValues
 36 
 [1, 1, 1, 0, 1] 
 [0, 0, 0, 1, 0] 
 0.4911660777385159 

FourValues
 36 
 [1, 1, 1, 1, 0] 
 [0, 0, 0, 0, 1] 
 0.6038394415357766 

FourValues
 36 
 [1, 1, 1, 1, 1] 
 [0, 0, 0, 0, 1] 
 0.8534031413612565 

FourValues
 36 
 [1, 1, 1, 1, 1] 
 [0, 0, 0, 1, 0] 
 0.598939929328622 

FourValues
 36 
 [1, 1, 1, 1, 1] 
 [0, 0, 1, 0, 0] 
 0.8799313893653516 

FourValues
 36 
 [1, 1, 1, 1, 1] 
 [0, 1, 0, 0, 0] 
 0.9515885022692889 

FourValues
 36 
 [1, 1, 1, 1, 1] 
 [1, 0, 0, 0, 0] 
 0.6161616161616161 

DataShapley
 37 
 [4] 
 [1, 1, 1, 1, 1] 
 0.4968088679879073 

DataShapley
 37 
 [4, 1] 
 [1, 1, 1, 1, 1] 
 0.7275780987571381 

DataShapley
 37 
 [4, 1, 2] 
 [1, 1, 1, 1, 1] 
 0.7057440376217669 

DataShapley
 37 
 [4, 1, 2, 3] 
 [1, 1, 1, 1, 1] 
 0.7604971447766208 

DataShapley
 37 
 [4, 1, 2, 3, 0] 
 [1, 1, 1, 1, 1] 
 0.7843466577091032 

FourValues
 37 
 [0, 0, 0, 0, 1] 
 [0, 0, 0, 0, 1] 
 0.9703315881326352 

FourValues
 37 
 [0, 0, 0, 1, 0] 
 [0, 0, 0, 1, 0] 
 0.6484098939929329 

FourValues
 37 
 [0, 0, 1, 0, 0] 
 [0, 0, 1, 0, 0] 
 0.9554030874785592 

FourValues
 37 
 [0, 1, 0, 0, 0] 
 [0, 1, 0, 0, 0] 
 0.9909228441754917 

FourValues
 37 
 [0, 1, 1, 1, 1] 
 [1, 0, 0, 0, 0] 
 0.5067340067340067 

FourValues
 37 
 [1, 0, 0, 0, 0] 
 [1, 0, 0, 0, 0] 
 0.6599326599326599 

FourValues
 37 
 [1, 0, 1, 1, 1] 
 [0, 1, 0, 0, 0] 
 0.875945537065053 

FourValues
 37 
 [1, 1, 0, 1, 1] 
 [0, 0, 1, 0, 0] 
 0.7615780445969125 

FourValues
 37 
 [1, 1, 1, 0, 1] 
 [0, 0, 0, 1, 0] 
 0.48056537102473496 

FourValues
 37 
 [1, 1, 1, 1, 0] 
 [0, 0, 0, 0, 1] 
 0.6160558464223386 

FourValues
 37 
 [1, 1, 1, 1, 1] 
 [0, 0, 0, 0, 1] 
 0.8638743455497382 

FourValues
 37 
 [1, 1, 1, 1, 1] 
 [0, 0, 0, 1, 0] 
 0.5865724381625441 

FourValues
 37 
 [1, 1, 1, 1, 1] 
 [0, 0, 1, 0, 0] 
 0.8867924528301887 

FourValues
 37 
 [1, 1, 1, 1, 1] 
 [0, 1, 0, 0, 0] 
 0.9485627836611196 

FourValues
 37 
 [1, 1, 1, 1, 1] 
 [1, 0, 0, 0, 0] 
 0.6127946127946128 

DataShapley
 38 
 [0] 
 [1, 1, 1, 1, 1] 
 0.6603963721867652 

DataShapley
 38 
 [0, 1] 
 [1, 1, 1, 1, 1] 
 0.6755122606650991 

DataShapley
 38 
 [0, 1, 2] 
 [1, 1, 1, 1, 1] 
 0.7222035606315083 

DataShapley
 38 
 [0, 1, 2, 3] 
 [1, 1, 1, 1, 1] 
 0.7494121598925092 

DataShapley
 38 
 [0, 1, 2, 3, 4] 
 [1, 1, 1, 1, 1] 
 0.7870339267719181 

FourValues
 38 
 [0, 0, 0, 0, 1] 
 [0, 0, 0, 0, 1] 
 0.9703315881326352 

FourValues
 38 
 [0, 0, 0, 1, 0] 
 [0, 0, 0, 1, 0] 
 0.6501766784452296 

FourValues
 38 
 [0, 0, 1, 0, 0] 
 [0, 0, 1, 0, 0] 
 0.9554030874785592 

FourValues
 38 
 [0, 1, 0, 0, 0] 
 [0, 1, 0, 0, 0] 
 0.989409984871407 

FourValues
 38 
 [0, 1, 1, 1, 1] 
 [1, 0, 0, 0, 0] 
 0.5185185185185185 

FourValues
 38 
 [1, 0, 0, 0, 0] 
 [1, 0, 0, 0, 0] 
 0.6582491582491582 

FourValues
 38 
 [1, 0, 1, 1, 1] 
 [0, 1, 0, 0, 0] 
 0.8744326777609682 

FourValues
 38 
 [1, 1, 0, 1, 1] 
 [0, 0, 1, 0, 0] 
 0.7632933104631218 

FourValues
 38 
 [1, 1, 1, 0, 1] 
 [0, 0, 0, 1, 0] 
 0.49646643109540634 

FourValues
 38 
 [1, 1, 1, 1, 0] 
 [0, 0, 0, 0, 1] 
 0.631762652705061 

FourValues
 38 
 [1, 1, 1, 1, 1] 
 [0, 0, 0, 0, 1] 
 0.8743455497382199 

FourValues
 38 
 [1, 1, 1, 1, 1] 
 [0, 0, 0, 1, 0] 
 0.5971731448763251 

FourValues
 38 
 [1, 1, 1, 1, 1] 
 [0, 0, 1, 0, 0] 
 0.8816466552315609 

FourValues
 38 
 [1, 1, 1, 1, 1] 
 [0, 1, 0, 0, 0] 
 0.9409984871406959 

FourValues
 38 
 [1, 1, 1, 1, 1] 
 [1, 0, 0, 0, 0] 
 0.6195286195286195 

DataShapley
 39 
 [4] 
 [1, 1, 1, 1, 1] 
 0.49613705072220354 

DataShapley
 39 
 [4, 3] 
 [1, 1, 1, 1, 1] 
 0.6261336916358751 

DataShapley
 39 
 [4, 3, 0] 
 [1, 1, 1, 1, 1] 
 0.7067517635203224 

DataShapley
 39 
 [4, 3, 0, 1] 
 [1, 1, 1, 1, 1] 
 0.7776284850520658 

DataShapley
 39 
 [4, 3, 0, 1, 2] 
 [1, 1, 1, 1, 1] 
 0.7856902922405106 

FourValues
 39 
 [0, 0, 0, 0, 1] 
 [0, 0, 0, 0, 1] 
 0.9755671902268761 

FourValues
 39 
 [0, 0, 0, 1, 0] 
 [0, 0, 0, 1, 0] 
 0.6519434628975265 

FourValues
 39 
 [0, 0, 1, 0, 0] 
 [0, 0, 1, 0, 0] 
 0.9519725557461407 

FourValues
 39 
 [0, 1, 0, 0, 0] 
 [0, 1, 0, 0, 0] 
 0.989409984871407 

FourValues
 39 
 [0, 1, 1, 1, 1] 
 [1, 0, 0, 0, 0] 
 0.5084175084175084 

FourValues
 39 
 [1, 0, 0, 0, 0] 
 [1, 0, 0, 0, 0] 
 0.6599326599326599 

FourValues
 39 
 [1, 0, 1, 1, 1] 
 [0, 1, 0, 0, 0] 
 0.8638426626323752 

FourValues
 39 
 [1, 1, 0, 1, 1] 
 [0, 0, 1, 0, 0] 
 0.7684391080617495 

FourValues
 39 
 [1, 1, 1, 0, 1] 
 [0, 0, 0, 1, 0] 
 0.46996466431095407 

FourValues
 39 
 [1, 1, 1, 1, 0] 
 [0, 0, 0, 0, 1] 
 0.62478184991274 

FourValues
 39 
 [1, 1, 1, 1, 1] 
 [0, 0, 0, 0, 1] 
 0.8656195462478184 

FourValues
 39 
 [1, 1, 1, 1, 1] 
 [0, 0, 0, 1, 0] 
 0.5971731448763251 

FourValues
 39 
 [1, 1, 1, 1, 1] 
 [0, 0, 1, 0, 0] 
 0.8867924528301887 

FourValues
 39 
 [1, 1, 1, 1, 1] 
 [0, 1, 0, 0, 0] 
 0.9425113464447806 

FourValues
 39 
 [1, 1, 1, 1, 1] 
 [1, 0, 0, 0, 0] 
 0.6144781144781145 

DataShapley
 40 
 [0] 
 [1, 1, 1, 1, 1] 
 0.6741686261336917 

DataShapley
 40 
 [0, 2] 
 [1, 1, 1, 1, 1] 
 0.7238831037957676 

DataShapley
 40 
 [0, 2, 4] 
 [1, 1, 1, 1, 1] 
 0.7510917030567685 

DataShapley
 40 
 [0, 2, 4, 3] 
 [1, 1, 1, 1, 1] 
 0.7826671145448438 

DataShapley
 40 
 [0, 2, 4, 3, 1] 
 [1, 1, 1, 1, 1] 
 0.7870339267719181 

FourValues
 40 
 [0, 0, 0, 0, 1] 
 [0, 0, 0, 0, 1] 
 0.9773123909249564 

FourValues
 40 
 [0, 0, 0, 1, 0] 
 [0, 0, 0, 1, 0] 
 0.6537102473498233 

FourValues
 40 
 [0, 0, 1, 0, 0] 
 [0, 0, 1, 0, 0] 
 0.9571183533447685 

FourValues
 40 
 [0, 1, 0, 0, 0] 
 [0, 1, 0, 0, 0] 
 0.9909228441754917 

FourValues
 40 
 [0, 1, 1, 1, 1] 
 [1, 0, 0, 0, 0] 
 0.5202020202020202 

FourValues
 40 
 [1, 0, 0, 0, 0] 
 [1, 0, 0, 0, 0] 
 0.6582491582491582 

FourValues
 40 
 [1, 0, 1, 1, 1] 
 [0, 1, 0, 0, 0] 
 0.8895612708018155 

FourValues
 40 
 [1, 1, 0, 1, 1] 
 [0, 0, 1, 0, 0] 
 0.7701543739279588 

FourValues
 40 
 [1, 1, 1, 0, 1] 
 [0, 0, 0, 1, 0] 
 0.49469964664310956 

FourValues
 40 
 [1, 1, 1, 1, 0] 
 [0, 0, 0, 0, 1] 
 0.6178010471204188 

FourValues
 40 
 [1, 1, 1, 1, 1] 
 [0, 0, 0, 0, 1] 
 0.8586387434554974 

FourValues
 40 
 [1, 1, 1, 1, 1] 
 [0, 0, 0, 1, 0] 
 0.6024734982332155 

FourValues
 40 
 [1, 1, 1, 1, 1] 
 [0, 0, 1, 0, 0] 
 0.8850771869639794 

FourValues
 40 
 [1, 1, 1, 1, 1] 
 [0, 1, 0, 0, 0] 
 0.9515885022692889 

FourValues
 40 
 [1, 1, 1, 1, 1] 
 [1, 0, 0, 0, 0] 
 0.6144781144781145 

DataShapley
 41 
 [2] 
 [1, 1, 1, 1, 1] 
 0.4692643600940544 

DataShapley
 41 
 [2, 4] 
 [1, 1, 1, 1, 1] 
 0.645952300974135 

DataShapley
 41 
 [2, 4, 0] 
 [1, 1, 1, 1, 1] 
 0.7574739670809539 

DataShapley
 41 
 [2, 4, 0, 3] 
 [1, 1, 1, 1, 1] 
 0.7840107490762512 

DataShapley
 41 
 [2, 4, 0, 3, 1] 
 [1, 1, 1, 1, 1] 
 0.7873698354047699 

FourValues
 41 
 [0, 0, 0, 0, 1] 
 [0, 0, 0, 0, 1] 
 0.9773123909249564 

FourValues
 41 
 [0, 0, 0, 1, 0] 
 [0, 0, 0, 1, 0] 
 0.6519434628975265 

FourValues
 41 
 [0, 0, 1, 0, 0] 
 [0, 0, 1, 0, 0] 
 0.9605488850771869 

FourValues
 41 
 [0, 1, 0, 0, 0] 
 [0, 1, 0, 0, 0] 
 0.9909228441754917 

FourValues
 41 
 [0, 1, 1, 1, 1] 
 [1, 0, 0, 0, 0] 
 0.5286195286195287 

FourValues
 41 
 [1, 0, 0, 0, 0] 
 [1, 0, 0, 0, 0] 
 0.6582491582491582 

FourValues
 41 
 [1, 0, 1, 1, 1] 
 [0, 1, 0, 0, 0] 
 0.8940998487140696 

FourValues
 41 
 [1, 1, 0, 1, 1] 
 [0, 0, 1, 0, 0] 
 0.7735849056603774 

FourValues
 41 
 [1, 1, 1, 0, 1] 
 [0, 0, 0, 1, 0] 
 0.5106007067137809 

FourValues
 41 
 [1, 1, 1, 1, 0] 
 [0, 0, 0, 0, 1] 
 0.612565445026178 

FourValues
 41 
 [1, 1, 1, 1, 1] 
 [0, 0, 0, 0, 1] 
 0.849912739965096 

FourValues
 41 
 [1, 1, 1, 1, 1] 
 [0, 0, 0, 1, 0] 
 0.6042402826855123 

FourValues
 41 
 [1, 1, 1, 1, 1] 
 [0, 0, 1, 0, 0] 
 0.8850771869639794 

FourValues
 41 
 [1, 1, 1, 1, 1] 
 [0, 1, 0, 0, 0] 
 0.9531013615733737 

FourValues
 41 
 [1, 1, 1, 1, 1] 
 [1, 0, 0, 0, 0] 
 0.6212121212121212 

DataShapley
 42 
 [1] 
 [1, 1, 1, 1, 1] 
 0.6066509909304669 

DataShapley
 42 
 [1, 3] 
 [1, 1, 1, 1, 1] 
 0.6912999664091367 

DataShapley
 42 
 [1, 3, 0] 
 [1, 1, 1, 1, 1] 
 0.7198522002015452 

DataShapley
 42 
 [1, 3, 0, 4] 
 [1, 1, 1, 1, 1] 
 0.7826671145448438 

DataShapley
 42 
 [1, 3, 0, 4, 2] 
 [1, 1, 1, 1, 1] 
 0.7870339267719181 

FourValues
 42 
 [0, 0, 0, 0, 1] 
 [0, 0, 0, 0, 1] 
 0.9703315881326352 

FourValues
 42 
 [0, 0, 0, 1, 0] 
 [0, 0, 0, 1, 0] 
 0.6519434628975265 

FourValues
 42 
 [0, 0, 1, 0, 0] 
 [0, 0, 1, 0, 0] 
 0.9536878216123499 

FourValues
 42 
 [0, 1, 0, 0, 0] 
 [0, 1, 0, 0, 0] 
 0.989409984871407 

FourValues
 42 
 [0, 1, 1, 1, 1] 
 [1, 0, 0, 0, 0] 
 0.5134680134680135 

FourValues
 42 
 [1, 0, 0, 0, 0] 
 [1, 0, 0, 0, 0] 
 0.6582491582491582 

FourValues
 42 
 [1, 0, 1, 1, 1] 
 [0, 1, 0, 0, 0] 
 0.897125567322239 

FourValues
 42 
 [1, 1, 0, 1, 1] 
 [0, 0, 1, 0, 0] 
 0.7735849056603774 

FourValues
 42 
 [1, 1, 1, 0, 1] 
 [0, 0, 0, 1, 0] 
 0.4876325088339223 

FourValues
 42 
 [1, 1, 1, 1, 0] 
 [0, 0, 0, 0, 1] 
 0.62478184991274 

FourValues
 42 
 [1, 1, 1, 1, 1] 
 [0, 0, 0, 0, 1] 
 0.8621291448516579 

FourValues
 42 
 [1, 1, 1, 1, 1] 
 [0, 0, 0, 1, 0] 
 0.598939929328622 

FourValues
 42 
 [1, 1, 1, 1, 1] 
 [0, 0, 1, 0, 0] 
 0.8833619210977701 

FourValues
 42 
 [1, 1, 1, 1, 1] 
 [0, 1, 0, 0, 0] 
 0.9515885022692889 

FourValues
 42 
 [1, 1, 1, 1, 1] 
 [1, 0, 0, 0, 0] 
 0.6161616161616161 

DataShapley
 43 
 [2] 
 [1, 1, 1, 1, 1] 
 0.46792072556264697 

DataShapley
 43 
 [2, 0] 
 [1, 1, 1, 1, 1] 
 0.7322808196170641 

DataShapley
 43 
 [2, 0, 3] 
 [1, 1, 1, 1, 1] 
 0.7739334900906953 

DataShapley
 43 
 [2, 0, 3, 1] 
 [1, 1, 1, 1, 1] 
 0.7504198857910648 

DataShapley
 43 
 [2, 0, 3, 1, 4] 
 [1, 1, 1, 1, 1] 
 0.7893852872018811 

FourValues
 43 
 [0, 0, 0, 0, 1] 
 [0, 0, 0, 0, 1] 
 0.9738219895287958 

FourValues
 43 
 [0, 0, 0, 1, 0] 
 [0, 0, 0, 1, 0] 
 0.6519434628975265 

FourValues
 43 
 [0, 0, 1, 0, 0] 
 [0, 0, 1, 0, 0] 
 0.9485420240137221 

FourValues
 43 
 [0, 1, 0, 0, 0] 
 [0, 1, 0, 0, 0] 
 0.9909228441754917 

FourValues
 43 
 [0, 1, 1, 1, 1] 
 [1, 0, 0, 0, 0] 
 0.5185185185185185 

FourValues
 43 
 [1, 0, 0, 0, 0] 
 [1, 0, 0, 0, 0] 
 0.6599326599326599 

FourValues
 43 
 [1, 0, 1, 1, 1] 
 [0, 1, 0, 0, 0] 
 0.8910741301059002 

FourValues
 43 
 [1, 1, 0, 1, 1] 
 [0, 0, 1, 0, 0] 
 0.7890222984562607 

FourValues
 43 
 [1, 1, 1, 0, 1] 
 [0, 0, 0, 1, 0] 
 0.5053003533568905 

FourValues
 43 
 [1, 1, 1, 1, 0] 
 [0, 0, 0, 0, 1] 
 0.62478184991274 

FourValues
 43 
 [1, 1, 1, 1, 1] 
 [0, 0, 0, 0, 1] 
 0.8708551483420593 

FourValues
 43 
 [1, 1, 1, 1, 1] 
 [0, 0, 0, 1, 0] 
 0.6024734982332155 

FourValues
 43 
 [1, 1, 1, 1, 1] 
 [0, 0, 1, 0, 0] 
 0.8902229845626072 

FourValues
 43 
 [1, 1, 1, 1, 1] 
 [0, 1, 0, 0, 0] 
 0.9470499243570348 

FourValues
 43 
 [1, 1, 1, 1, 1] 
 [1, 0, 0, 0, 0] 
 0.6144781144781145 

DataShapley
 44 
 [4] 
 [1, 1, 1, 1, 1] 
 0.522337924084649 

DataShapley
 44 
 [4, 2] 
 [1, 1, 1, 1, 1] 
 0.6429291232784683 

DataShapley
 44 
 [4, 2, 3] 
 [1, 1, 1, 1, 1] 
 0.7292576419213974 

DataShapley
 44 
 [4, 2, 3, 0] 
 [1, 1, 1, 1, 1] 
 0.7836748404433994 

DataShapley
 44 
 [4, 2, 3, 0, 1] 
 [1, 1, 1, 1, 1] 
 0.7927443735303997 

FourValues
 44 
 [0, 0, 0, 0, 1] 
 [0, 0, 0, 0, 1] 
 0.9685863874345549 

FourValues
 44 
 [0, 0, 0, 1, 0] 
 [0, 0, 0, 1, 0] 
 0.6519434628975265 

FourValues
 44 
 [0, 0, 1, 0, 0] 
 [0, 0, 1, 0, 0] 
 0.9588336192109777 

FourValues
 44 
 [0, 1, 0, 0, 0] 
 [0, 1, 0, 0, 0] 
 0.989409984871407 

FourValues
 44 
 [0, 1, 1, 1, 1] 
 [1, 0, 0, 0, 0] 
 0.5387205387205387 

FourValues
 44 
 [1, 0, 0, 0, 0] 
 [1, 0, 0, 0, 0] 
 0.6599326599326599 

FourValues
 44 
 [1, 0, 1, 1, 1] 
 [0, 1, 0, 0, 0] 
 0.8940998487140696 

FourValues
 44 
 [1, 1, 0, 1, 1] 
 [0, 0, 1, 0, 0] 
 0.7838765008576329 

FourValues
 44 
 [1, 1, 1, 0, 1] 
 [0, 0, 0, 1, 0] 
 0.5035335689045937 

FourValues
 44 
 [1, 1, 1, 1, 0] 
 [0, 0, 0, 0, 1] 
 0.631762652705061 

FourValues
 44 
 [1, 1, 1, 1, 1] 
 [0, 0, 0, 0, 1] 
 0.8708551483420593 

FourValues
 44 
 [1, 1, 1, 1, 1] 
 [0, 0, 0, 1, 0] 
 0.6007067137809188 

FourValues
 44 
 [1, 1, 1, 1, 1] 
 [0, 0, 1, 0, 0] 
 0.8919382504288165 

FourValues
 44 
 [1, 1, 1, 1, 1] 
 [0, 1, 0, 0, 0] 
 0.9546142208774584 

FourValues
 44 
 [1, 1, 1, 1, 1] 
 [1, 0, 0, 0, 0] 
 0.622895622895623 

DataShapley
 45 
 [3] 
 [1, 1, 1, 1, 1] 
 0.502519314746389 

DataShapley
 45 
 [3, 2] 
 [1, 1, 1, 1, 1] 
 0.732616728249916 

DataShapley
 45 
 [3, 2, 1] 
 [1, 1, 1, 1, 1] 
 0.7389989922741015 

DataShapley
 45 
 [3, 2, 1, 4] 
 [1, 1, 1, 1, 1] 
 0.7739334900906953 

DataShapley
 45 
 [3, 2, 1, 4, 0] 
 [1, 1, 1, 1, 1] 
 0.7940880080618072 

FourValues
 45 
 [0, 0, 0, 0, 1] 
 [0, 0, 0, 0, 1] 
 0.9738219895287958 

FourValues
 45 
 [0, 0, 0, 1, 0] 
 [0, 0, 0, 1, 0] 
 0.6519434628975265 

FourValues
 45 
 [0, 0, 1, 0, 0] 
 [0, 0, 1, 0, 0] 
 0.9519725557461407 

FourValues
 45 
 [0, 1, 0, 0, 0] 
 [0, 1, 0, 0, 0] 
 0.9924357034795764 

FourValues
 45 
 [0, 1, 1, 1, 1] 
 [1, 0, 0, 0, 0] 
 0.5185185185185185 

FourValues
 45 
 [1, 0, 0, 0, 0] 
 [1, 0, 0, 0, 0] 
 0.6582491582491582 

FourValues
 45 
 [1, 0, 1, 1, 1] 
 [0, 1, 0, 0, 0] 
 0.8744326777609682 

FourValues
 45 
 [1, 1, 0, 1, 1] 
 [0, 0, 1, 0, 0] 
 0.7753001715265866 

FourValues
 45 
 [1, 1, 1, 0, 1] 
 [0, 0, 0, 1, 0] 
 0.47703180212014135 

FourValues
 45 
 [1, 1, 1, 1, 0] 
 [0, 0, 0, 0, 1] 
 0.6631762652705061 

FourValues
 45 
 [1, 1, 1, 1, 1] 
 [0, 0, 0, 0, 1] 
 0.8952879581151832 

FourValues
 45 
 [1, 1, 1, 1, 1] 
 [0, 0, 0, 1, 0] 
 0.5954063604240283 

FourValues
 45 
 [1, 1, 1, 1, 1] 
 [0, 0, 1, 0, 0] 
 0.8919382504288165 

FourValues
 45 
 [1, 1, 1, 1, 1] 
 [0, 1, 0, 0, 0] 
 0.9500756429652042 

FourValues
 45 
 [1, 1, 1, 1, 1] 
 [1, 0, 0, 0, 0] 
 0.6161616161616161 

DataShapley
 46 
 [4] 
 [1, 1, 1, 1, 1] 
 0.522337924084649 

DataShapley
 46 
 [4, 0] 
 [1, 1, 1, 1, 1] 
 0.7020490426603964 

DataShapley
 46 
 [4, 0, 1] 
 [1, 1, 1, 1, 1] 
 0.7833389318105475 

DataShapley
 46 
 [4, 0, 1, 3] 
 [1, 1, 1, 1, 1] 
 0.7809875713805845 

DataShapley
 46 
 [4, 0, 1, 3, 2] 
 [1, 1, 1, 1, 1] 
 0.7937520994289553 

FourValues
 46 
 [0, 0, 0, 0, 1] 
 [0, 0, 0, 0, 1] 
 0.9755671902268761 

FourValues
 46 
 [0, 0, 0, 1, 0] 
 [0, 0, 0, 1, 0] 
 0.6519434628975265 

FourValues
 46 
 [0, 0, 1, 0, 0] 
 [0, 0, 1, 0, 0] 
 0.9554030874785592 

FourValues
 46 
 [0, 1, 0, 0, 0] 
 [0, 1, 0, 0, 0] 
 0.989409984871407 

FourValues
 46 
 [0, 1, 1, 1, 1] 
 [1, 0, 0, 0, 0] 
 0.5185185185185185 

FourValues
 46 
 [1, 0, 0, 0, 0] 
 [1, 0, 0, 0, 0] 
 0.6599326599326599 

FourValues
 46 
 [1, 0, 1, 1, 1] 
 [0, 1, 0, 0, 0] 
 0.8910741301059002 

FourValues
 46 
 [1, 1, 0, 1, 1] 
 [0, 0, 1, 0, 0] 
 0.7718696397941681 

FourValues
 46 
 [1, 1, 1, 0, 1] 
 [0, 0, 0, 1, 0] 
 0.48939929328621906 

FourValues
 46 
 [1, 1, 1, 1, 0] 
 [0, 0, 0, 0, 1] 
 0.6596858638743456 

FourValues
 46 
 [1, 1, 1, 1, 1] 
 [0, 0, 0, 0, 1] 
 0.8848167539267016 

FourValues
 46 
 [1, 1, 1, 1, 1] 
 [0, 0, 0, 1, 0] 
 0.5971731448763251 

FourValues
 46 
 [1, 1, 1, 1, 1] 
 [0, 0, 1, 0, 0] 
 0.8936535162950258 

FourValues
 46 
 [1, 1, 1, 1, 1] 
 [0, 1, 0, 0, 0] 
 0.9531013615733737 

FourValues
 46 
 [1, 1, 1, 1, 1] 
 [1, 0, 0, 0, 0] 
 0.6178451178451179 

DataShapley
 47 
 [2] 
 [1, 1, 1, 1, 1] 
 0.5115888478333893 

DataShapley
 47 
 [2, 1] 
 [1, 1, 1, 1, 1] 
 0.6442727578098757 

DataShapley
 47 
 [2, 1, 3] 
 [1, 1, 1, 1, 1] 
 0.7430298958683238 

DataShapley
 47 
 [2, 1, 3, 0] 
 [1, 1, 1, 1, 1] 
 0.7561303325495465 

DataShapley
 47 
 [2, 1, 3, 0, 4] 
 [1, 1, 1, 1, 1] 
 0.7927443735303997 

FourValues
 47 
 [0, 0, 0, 0, 1] 
 [0, 0, 0, 0, 1] 
 0.9720767888307156 

FourValues
 47 
 [0, 0, 0, 1, 0] 
 [0, 0, 0, 1, 0] 
 0.6519434628975265 

FourValues
 47 
 [0, 0, 1, 0, 0] 
 [0, 0, 1, 0, 0] 
 0.9588336192109777 

FourValues
 47 
 [0, 1, 0, 0, 0] 
 [0, 1, 0, 0, 0] 
 0.9909228441754917 

FourValues
 47 
 [0, 1, 1, 1, 1] 
 [1, 0, 0, 0, 0] 
 0.5437710437710438 

FourValues
 47 
 [1, 0, 0, 0, 0] 
 [1, 0, 0, 0, 0] 
 0.6599326599326599 

FourValues
 47 
 [1, 0, 1, 1, 1] 
 [0, 1, 0, 0, 0] 
 0.903177004538578 

FourValues
 47 
 [1, 1, 0, 1, 1] 
 [0, 0, 1, 0, 0] 
 0.7890222984562607 

FourValues
 47 
 [1, 1, 1, 0, 1] 
 [0, 0, 0, 1, 0] 
 0.49469964664310956 

FourValues
 47 
 [1, 1, 1, 1, 0] 
 [0, 0, 0, 0, 1] 
 0.6369982547993019 

FourValues
 47 
 [1, 1, 1, 1, 1] 
 [0, 0, 0, 0, 1] 
 0.8638743455497382 

FourValues
 47 
 [1, 1, 1, 1, 1] 
 [0, 0, 0, 1, 0] 
 0.6042402826855123 

FourValues
 47 
 [1, 1, 1, 1, 1] 
 [0, 0, 1, 0, 0] 
 0.8936535162950258 

FourValues
 47 
 [1, 1, 1, 1, 1] 
 [0, 1, 0, 0, 0] 
 0.9576399394856279 

FourValues
 47 
 [1, 1, 1, 1, 1] 
 [1, 0, 0, 0, 0] 
 0.6212121212121212 

DataShapley
 48 
 [1] 
 [1, 1, 1, 1, 1] 
 0.591535102452133 

DataShapley
 48 
 [1, 4] 
 [1, 1, 1, 1, 1] 
 0.7497480685253611 

DataShapley
 48 
 [1, 4, 3] 
 [1, 1, 1, 1, 1] 
 0.7692307692307693 

DataShapley
 48 
 [1, 4, 3, 2] 
 [1, 1, 1, 1, 1] 
 0.7806516627477326 

DataShapley
 48 
 [1, 4, 3, 2, 0] 
 [1, 1, 1, 1, 1] 
 0.7954316425932146 

FourValues
 48 
 [0, 0, 0, 0, 1] 
 [0, 0, 0, 0, 1] 
 0.9738219895287958 

FourValues
 48 
 [0, 0, 0, 1, 0] 
 [0, 0, 0, 1, 0] 
 0.6501766784452296 

FourValues
 48 
 [0, 0, 1, 0, 0] 
 [0, 0, 1, 0, 0] 
 0.9502572898799314 

FourValues
 48 
 [0, 1, 0, 0, 0] 
 [0, 1, 0, 0, 0] 
 0.9909228441754917 

FourValues
 48 
 [0, 1, 1, 1, 1] 
 [1, 0, 0, 0, 0] 
 0.5353535353535354 

FourValues
 48 
 [1, 0, 0, 0, 0] 
 [1, 0, 0, 0, 0] 
 0.6599326599326599 

FourValues
 48 
 [1, 0, 1, 1, 1] 
 [0, 1, 0, 0, 0] 
 0.886535552193646 

FourValues
 48 
 [1, 1, 0, 1, 1] 
 [0, 0, 1, 0, 0] 
 0.79073756432247 

FourValues
 48 
 [1, 1, 1, 0, 1] 
 [0, 0, 0, 1, 0] 
 0.4911660777385159 

FourValues
 48 
 [1, 1, 1, 1, 0] 
 [0, 0, 0, 0, 1] 
 0.643979057591623 

FourValues
 48 
 [1, 1, 1, 1, 1] 
 [0, 0, 0, 0, 1] 
 0.8830715532286213 

FourValues
 48 
 [1, 1, 1, 1, 1] 
 [0, 0, 0, 1, 0] 
 0.598939929328622 

FourValues
 48 
 [1, 1, 1, 1, 1] 
 [0, 0, 1, 0, 0] 
 0.8953687821612349 

FourValues
 48 
 [1, 1, 1, 1, 1] 
 [0, 1, 0, 0, 0] 
 0.9531013615733737 

FourValues
 48 
 [1, 1, 1, 1, 1] 
 [1, 0, 0, 0, 0] 
 0.6245791245791246 

DataShapley
 49 
 [3] 
 [1, 1, 1, 1, 1] 
 0.5314074571716493 

DataShapley
 49 
 [3, 1] 
 [1, 1, 1, 1, 1] 
 0.7117903930131004 

DataShapley
 49 
 [3, 1, 4] 
 [1, 1, 1, 1, 1] 
 0.7695666778636211 

DataShapley
 49 
 [3, 1, 4, 2] 
 [1, 1, 1, 1, 1] 
 0.7836748404433994 

DataShapley
 49 
 [3, 1, 4, 2, 0] 
 [1, 1, 1, 1, 1] 
 0.7964393684917702 

FourValues
 49 
 [0, 0, 0, 0, 1] 
 [0, 0, 0, 0, 1] 
 0.9703315881326352 

FourValues
 49 
 [0, 0, 0, 1, 0] 
 [0, 0, 0, 1, 0] 
 0.6519434628975265 

FourValues
 49 
 [0, 0, 1, 0, 0] 
 [0, 0, 1, 0, 0] 
 0.9588336192109777 

FourValues
 49 
 [0, 1, 0, 0, 0] 
 [0, 1, 0, 0, 0] 
 0.989409984871407 

FourValues
 49 
 [0, 1, 1, 1, 1] 
 [1, 0, 0, 0, 0] 
 0.5404040404040404 

FourValues
 49 
 [1, 0, 0, 0, 0] 
 [1, 0, 0, 0, 0] 
 0.6582491582491582 

FourValues
 49 
 [1, 0, 1, 1, 1] 
 [0, 1, 0, 0, 0] 
 0.897125567322239 

FourValues
 49 
 [1, 1, 0, 1, 1] 
 [0, 0, 1, 0, 0] 
 0.7941680960548885 

FourValues
 49 
 [1, 1, 1, 0, 1] 
 [0, 0, 0, 1, 0] 
 0.5017667844522968 

FourValues
 49 
 [1, 1, 1, 1, 0] 
 [0, 0, 0, 0, 1] 
 0.6666666666666666 

FourValues
 49 
 [1, 1, 1, 1, 1] 
 [0, 0, 0, 0, 1] 
 0.8900523560209425 

FourValues
 49 
 [1, 1, 1, 1, 1] 
 [0, 0, 0, 1, 0] 
 0.6024734982332155 

FourValues
 49 
 [1, 1, 1, 1, 1] 
 [0, 0, 1, 0, 0] 
 0.8936535162950258 

FourValues
 49 
 [1, 1, 1, 1, 1] 
 [0, 1, 0, 0, 0] 
 0.9515885022692889 

FourValues
 49 
 [1, 1, 1, 1, 1] 
 [1, 0, 0, 0, 0] 
 0.622895622895623 

