
Experimental details:
    Model     : cnn
    Optimizer : sgd
    Learning  : 0.1
    Global Rounds   : 50

    Federated parameters:
    Non-IID
    Fraction of users  : 0.2
    Local Batch size   : 10
    Local Epochs       : 1

Files already downloaded and verified
Files already downloaded and verified
K
Resoults
0
[1, 1, 1, 1, 1]
[1, 1, 1, 1, 1]
0.1
189.23994159698486
UJKOR
K
Resoults
1
[1, 1, 1, 1, 1]
[1, 1, 1, 1, 1]
0.1
249.94544982910156
UJKOR
K
Resoults
2
[1, 1, 1, 1, 1]
[1, 1, 1, 1, 1]
0.1
208.51766157150269
UJKOR
K
Resoults
3
[1, 1, 1, 1, 1]
[1, 1, 1, 1, 1]
0.1
203.75184440612793
UJKOR
K
Resoults
4
[1, 1, 1, 1, 1]
[1, 1, 1, 1, 1]
0.1071
243.83930015563965
UJKOR
K
Resoults
5
[1, 1, 1, 1, 1]
[1, 1, 1, 1, 1]
0.1
192.36834526062012
UJKOR
K
Resoults
6
[1, 1, 1, 1, 1]
[1, 1, 1, 1, 1]
0.1368
193.74679279327393
UJKOR
K
Resoults
7
[1, 1, 1, 1, 1]
[1, 1, 1, 1, 1]
0.1469
215.74155163764954
UJKOR
K
Resoults
8
[1, 1, 1, 1, 1]
[1, 1, 1, 1, 1]
0.1933
199.33552813529968
UJKOR
K
Resoults
9
[1, 1, 1, 1, 1]
[1, 1, 1, 1, 1]
0.1237
232.7427875995636
UJKOR
K
Resoults
10
[1, 1, 1, 1, 1]
[1, 1, 1, 1, 1]
0.1082
267.6867325305939
UJKOR
K
Resoults
11
[1, 1, 1, 1, 1]
[1, 1, 1, 1, 1]
0.1387
197.3117151260376
UJKOR
K
Resoults
12
[1, 1, 1, 1, 1]
[1, 1, 1, 1, 1]
0.1
235.49050951004028
UJKOR
K
Resoults
13
[1, 1, 1, 1, 1]
[1, 1, 1, 1, 1]
0.134
200.46272730827332
UJKOR
K
Resoults
14
[1, 1, 1, 1, 1]
[1, 1, 1, 1, 1]
0.1564
200.23890471458435
UJKOR
K
Resoults
15
[1, 1, 1, 1, 1]
[1, 1, 1, 1, 1]
0.1625
191.91358089447021
UJKOR
K
Resoults
16
[1, 1, 1, 1, 1]
[1, 1, 1, 1, 1]
0.169
205.81891775131226
UJKOR
K
Resoults
17
[1, 1, 1, 1, 1]
[1, 1, 1, 1, 1]
0.1663
195.17916750907898
UJKOR
K
Resoults
18
[1, 1, 1, 1, 1]
[1, 1, 1, 1, 1]
0.1609
191.0588526725769
UJKOR
K
Resoults
19
[1, 1, 1, 1, 1]
[1, 1, 1, 1, 1]
0.1474
218.60237860679626
UJKOR
K
Resoults
20
[1, 1, 1, 1, 1]
[1, 1, 1, 1, 1]
0.1442
271.2935633659363
UJKOR
K
Resoults
21
[1, 1, 1, 1, 1]
[1, 1, 1, 1, 1]
0.1778
213.8325231075287
UJKOR
K
Resoults
22
[1, 1, 1, 1, 1]
[1, 1, 1, 1, 1]
0.11
200.99811458587646
UJKOR
K
Resoults
23
[1, 1, 1, 1, 1]
[1, 1, 1, 1, 1]
0.1626
202.72836542129517
UJKOR
K
Resoults
24
[1, 1, 1, 1, 1]
[1, 1, 1, 1, 1]
0.155
202.17333889007568
UJKOR
K
Resoults
25
[1, 1, 1, 1, 1]
[1, 1, 1, 1, 1]
0.1465
225.70039582252502
UJKOR
K
Resoults
26
[1, 1, 1, 1, 1]
[1, 1, 1, 1, 1]
0.151
203.90977311134338
UJKOR
K
Resoults
27
[1, 1, 1, 1, 1]
[1, 1, 1, 1, 1]
0.1611
193.47873067855835
UJKOR
K
Resoults
28
[1, 1, 1, 1, 1]
[1, 1, 1, 1, 1]
0.1005
199.5340712070465
UJKOR
K
Resoults
29
[1, 1, 1, 1, 1]
[1, 1, 1, 1, 1]
0.1788
231.2481529712677
UJKOR
K
Resoults
30
[1, 1, 1, 1, 1]
[1, 1, 1, 1, 1]
0.1595
203.02299046516418
UJKOR
K
Resoults
31
[1, 1, 1, 1, 1]
[1, 1, 1, 1, 1]
0.1921
204.80573320388794
UJKOR
K
Resoults
32
[1, 1, 1, 1, 1]
[1, 1, 1, 1, 1]
0.1611
204.52494192123413
UJKOR
K
Resoults
33
[1, 1, 1, 1, 1]
[1, 1, 1, 1, 1]
0.183
199.83827114105225
UJKOR
K
Resoults
34
[1, 1, 1, 1, 1]
[1, 1, 1, 1, 1]
0.1707
213.58917784690857
UJKOR
K
Resoults
35
[1, 1, 1, 1, 1]
[1, 1, 1, 1, 1]
0.1936
206.9737184047699
UJKOR
K
Resoults
36
[1, 1, 1, 1, 1]
[1, 1, 1, 1, 1]
0.1852
211.9503264427185
UJKOR
K
Resoults
37
[1, 1, 1, 1, 1]
[1, 1, 1, 1, 1]
0.2124
224.62712001800537
UJKOR
K
Resoults
38
[1, 1, 1, 1, 1]
[1, 1, 1, 1, 1]
0.2128
205.8846836090088
UJKOR
K
Resoults
39
[1, 1, 1, 1, 1]
[1, 1, 1, 1, 1]
0.1521
233.32573914527893
UJKOR
K
Resoults
40
[1, 1, 1, 1, 1]
[1, 1, 1, 1, 1]
0.2305
187.08343839645386
UJKOR
K
Resoults
41
[1, 1, 1, 1, 1]
[1, 1, 1, 1, 1]
0.2106
229.33726525306702
UJKOR
K
Resoults
42
[1, 1, 1, 1, 1]
[1, 1, 1, 1, 1]
0.1584
231.94430661201477
UJKOR
K
Resoults
43
[1, 1, 1, 1, 1]
[1, 1, 1, 1, 1]
0.2308
208.45832133293152
UJKOR
K
Resoults
44
[1, 1, 1, 1, 1]
[1, 1, 1, 1, 1]
0.2102
220.98305916786194
UJKOR
K
Resoults
45
[1, 1, 1, 1, 1]
[1, 1, 1, 1, 1]
0.2345
230.32242250442505
UJKOR
K
Resoults
46
[1, 1, 1, 1, 1]
[1, 1, 1, 1, 1]
0.2185
223.3651316165924
UJKOR
K
Resoults
47
[1, 1, 1, 1, 1]
[1, 1, 1, 1, 1]
0.174
208.73842692375183
UJKOR
K
Resoults
48
[1, 1, 1, 1, 1]
[1, 1, 1, 1, 1]
0.239
194.90936374664307
UJKOR
K
Resoults
49
[1, 1, 1, 1, 1]
[1, 1, 1, 1, 1]
0.1932
207.40728855133057
UJKOR
