
Experimental details:
    Model     : cnn
    Optimizer : sgd
    Learning  : 0.01
    Global Rounds   : 50

    Federated parameters:
    Non-IID
    Fraction of users  : 0.0
    Local Batch size   : 10
    Local Epochs       : 1

Files already downloaded and verified
Files already downloaded and verified
3
Resoults
0
[1, 1, 1, 1, 1]
[1, 1, 1, 1, 1]
0.0981
182.07039141654968
Resoults
0
[1, 1, 1, 1, 1]
[1, 1, 1, 1, 1]
0.0981
182.07039141654968
2
Resoults
1
[1, 1, 1, 1, 1]
[1, 1, 1, 1, 1]
0.0962
182.133620262146
Resoults
1
[1, 1, 1, 1, 1]
[1, 1, 1, 1, 1]
0.0962
182.133620262146
3
Resoults
2
[1, 1, 1, 1, 1]
[1, 1, 1, 1, 1]
0.0948
182.21508049964905
Resoults
2
[1, 1, 1, 1, 1]
[1, 1, 1, 1, 1]
0.0948
182.21508049964905
2
Resoults
3
[1, 1, 1, 1, 1]
[1, 1, 1, 1, 1]
0.1046
182.31541514396667
Resoults
3
[1, 1, 1, 1, 1]
[1, 1, 1, 1, 1]
0.1046
182.31541514396667
4
Resoults
4
[1, 1, 1, 1, 1]
[1, 1, 1, 1, 1]
0.1104
182.43555092811584
Resoults
4
[1, 1, 1, 1, 1]
[1, 1, 1, 1, 1]
0.1104
182.43555092811584
0
Resoults
5
[1, 1, 1, 1, 1]
[1, 1, 1, 1, 1]
0.1106
182.56254529953003
Resoults
5
[1, 1, 1, 1, 1]
[1, 1, 1, 1, 1]
0.1106
182.56254529953003
2
Resoults
6
[1, 1, 1, 1, 1]
[1, 1, 1, 1, 1]
0.1074
182.70653581619263
Resoults
6
[1, 1, 1, 1, 1]
[1, 1, 1, 1, 1]
0.1074
182.70653581619263
0
Resoults
7
[1, 1, 1, 1, 1]
[1, 1, 1, 1, 1]
0.1081
182.86021184921265
Resoults
7
[1, 1, 1, 1, 1]
[1, 1, 1, 1, 1]
0.1081
182.86021184921265
4
Resoults
8
[1, 1, 1, 1, 1]
[1, 1, 1, 1, 1]
0.1223
183.03655314445496
Resoults
8
[1, 1, 1, 1, 1]
[1, 1, 1, 1, 1]
0.1223
183.03655314445496
2
Resoults
9
[1, 1, 1, 1, 1]
[1, 1, 1, 1, 1]
0.1287
183.2324013710022
Resoults
9
[1, 1, 1, 1, 1]
[1, 1, 1, 1, 1]
0.1287
183.2324013710022
0
Resoults
10
[1, 1, 1, 1, 1]
[1, 1, 1, 1, 1]
0.1291
183.43533635139465
Resoults
10
[1, 1, 1, 1, 1]
[1, 1, 1, 1, 1]
0.1291
183.43533635139465
3
Resoults
11
[1, 1, 1, 1, 1]
[1, 1, 1, 1, 1]
0.1228
183.68548107147217
Resoults
11
[1, 1, 1, 1, 1]
[1, 1, 1, 1, 1]
0.1228
183.68548107147217
4
Resoults
12
[1, 1, 1, 1, 1]
[1, 1, 1, 1, 1]
0.1175
183.98429822921753
Resoults
12
[1, 1, 1, 1, 1]
[1, 1, 1, 1, 1]
0.1175
183.98429822921753
0
Resoults
13
[1, 1, 1, 1, 1]
[1, 1, 1, 1, 1]
0.1044
184.33303356170654
Resoults
13
[1, 1, 1, 1, 1]
[1, 1, 1, 1, 1]
0.1044
184.33303356170654
3
Resoults
14
[1, 1, 1, 1, 1]
[1, 1, 1, 1, 1]
0.1036
184.91445183753967
Resoults
14
[1, 1, 1, 1, 1]
[1, 1, 1, 1, 1]
0.1036
184.91445183753967
1
Resoults
15
[1, 1, 1, 1, 1]
[1, 1, 1, 1, 1]
0.102
185.7729880809784
Resoults
15
[1, 1, 1, 1, 1]
[1, 1, 1, 1, 1]
0.102
185.7729880809784
1
Resoults
16
[1, 1, 1, 1, 1]
[1, 1, 1, 1, 1]
0.103
187.06161618232727
Resoults
16
[1, 1, 1, 1, 1]
[1, 1, 1, 1, 1]
0.103
187.06161618232727
1
Resoults
17
[1, 1, 1, 1, 1]
[1, 1, 1, 1, 1]
0.1062
188.85163760185242
Resoults
17
[1, 1, 1, 1, 1]
[1, 1, 1, 1, 1]
0.1062
188.85163760185242
3
Resoults
18
[1, 1, 1, 1, 1]
[1, 1, 1, 1, 1]
0.1361
190.8986713886261
Resoults
18
[1, 1, 1, 1, 1]
[1, 1, 1, 1, 1]
0.1361
190.8986713886261
4
Resoults
19
[1, 1, 1, 1, 1]
[1, 1, 1, 1, 1]
0.1559
193.08138585090637
Resoults
19
[1, 1, 1, 1, 1]
[1, 1, 1, 1, 1]
0.1559
193.08138585090637
3
Resoults
20
[1, 1, 1, 1, 1]
[1, 1, 1, 1, 1]
0.1558
195.9753029346466
Resoults
20
[1, 1, 1, 1, 1]
[1, 1, 1, 1, 1]
0.1558
195.9753029346466
4
Resoults
21
[1, 1, 1, 1, 1]
[1, 1, 1, 1, 1]
0.168
197.96264719963074
Resoults
21
[1, 1, 1, 1, 1]
[1, 1, 1, 1, 1]
0.168
197.96264719963074
2
Resoults
22
[1, 1, 1, 1, 1]
[1, 1, 1, 1, 1]
0.1723
201.23285245895386
Resoults
22
[1, 1, 1, 1, 1]
[1, 1, 1, 1, 1]
0.1723
201.23285245895386
0
Resoults
23
[1, 1, 1, 1, 1]
[1, 1, 1, 1, 1]
0.1366
204.63422274589539
Resoults
23
[1, 1, 1, 1, 1]
[1, 1, 1, 1, 1]
0.1366
204.63422274589539
4
Resoults
24
[1, 1, 1, 1, 1]
[1, 1, 1, 1, 1]
0.1737
206.48109483718872
Resoults
24
[1, 1, 1, 1, 1]
[1, 1, 1, 1, 1]
0.1737
206.48109483718872
0
Resoults
25
[1, 1, 1, 1, 1]
[1, 1, 1, 1, 1]
0.1786
207.71362257003784
Resoults
25
[1, 1, 1, 1, 1]
[1, 1, 1, 1, 1]
0.1786
207.71362257003784
3
Resoults
26
[1, 1, 1, 1, 1]
[1, 1, 1, 1, 1]
0.2054
206.5067229270935
Resoults
26
[1, 1, 1, 1, 1]
[1, 1, 1, 1, 1]
0.2054
206.5067229270935
4
Resoults
27
[1, 1, 1, 1, 1]
[1, 1, 1, 1, 1]
0.1899
208.2673237323761
Resoults
27
[1, 1, 1, 1, 1]
[1, 1, 1, 1, 1]
0.1899
208.2673237323761
4
Resoults
28
[1, 1, 1, 1, 1]
[1, 1, 1, 1, 1]
0.1762
210.64766764640808
Resoults
28
[1, 1, 1, 1, 1]
[1, 1, 1, 1, 1]
0.1762
210.64766764640808
4
Resoults
29
[1, 1, 1, 1, 1]
[1, 1, 1, 1, 1]
0.1932
213.88105463981628
Resoults
29
[1, 1, 1, 1, 1]
[1, 1, 1, 1, 1]
0.1932
213.88105463981628
3
Resoults
30
[1, 1, 1, 1, 1]
[1, 1, 1, 1, 1]
0.1794
213.05918216705322
Resoults
30
[1, 1, 1, 1, 1]
[1, 1, 1, 1, 1]
0.1794
213.05918216705322
0
Resoults
31
[1, 1, 1, 1, 1]
[1, 1, 1, 1, 1]
0.1968
217.6389377117157
Resoults
31
[1, 1, 1, 1, 1]
[1, 1, 1, 1, 1]
0.1968
217.6389377117157
0
Resoults
32
[1, 1, 1, 1, 1]
[1, 1, 1, 1, 1]
0.1877
217.68894386291504
Resoults
32
[1, 1, 1, 1, 1]
[1, 1, 1, 1, 1]
0.1877
217.68894386291504
1
Resoults
33
[1, 1, 1, 1, 1]
[1, 1, 1, 1, 1]
0.203
214.13797998428345
Resoults
33
[1, 1, 1, 1, 1]
[1, 1, 1, 1, 1]
0.203
214.13797998428345
0
Resoults
34
[1, 1, 1, 1, 1]
[1, 1, 1, 1, 1]
0.1887
219.00868678092957
Resoults
34
[1, 1, 1, 1, 1]
[1, 1, 1, 1, 1]
0.1887
219.00868678092957
0
Resoults
35
[1, 1, 1, 1, 1]
[1, 1, 1, 1, 1]
0.1956
214.67743921279907
Resoults
35
[1, 1, 1, 1, 1]
[1, 1, 1, 1, 1]
0.1956
214.67743921279907
2
Resoults
36
[1, 1, 1, 1, 1]
[1, 1, 1, 1, 1]
0.2139
210.31574749946594
Resoults
36
[1, 1, 1, 1, 1]
[1, 1, 1, 1, 1]
0.2139
210.31574749946594
0
Resoults
37
[1, 1, 1, 1, 1]
[1, 1, 1, 1, 1]
0.1987
212.04657912254333
Resoults
37
[1, 1, 1, 1, 1]
[1, 1, 1, 1, 1]
0.1987
212.04657912254333
4
Resoults
38
[1, 1, 1, 1, 1]
[1, 1, 1, 1, 1]
0.2071
209.18643045425415
Resoults
38
[1, 1, 1, 1, 1]
[1, 1, 1, 1, 1]
0.2071
209.18643045425415
1
Resoults
39
[1, 1, 1, 1, 1]
[1, 1, 1, 1, 1]
0.2072
207.72521305084229
Resoults
39
[1, 1, 1, 1, 1]
[1, 1, 1, 1, 1]
0.2072
207.72521305084229
4
Resoults
40
[1, 1, 1, 1, 1]
[1, 1, 1, 1, 1]
0.1998
213.5343942642212
Resoults
40
[1, 1, 1, 1, 1]
[1, 1, 1, 1, 1]
0.1998
213.5343942642212
1
Resoults
41
[1, 1, 1, 1, 1]
[1, 1, 1, 1, 1]
0.2171
212.6863100528717
Resoults
41
[1, 1, 1, 1, 1]
[1, 1, 1, 1, 1]
0.2171
212.6863100528717
2
Resoults
42
[1, 1, 1, 1, 1]
[1, 1, 1, 1, 1]
0.1954
215.1923635005951
Resoults
42
[1, 1, 1, 1, 1]
[1, 1, 1, 1, 1]
0.1954
215.1923635005951
4
Resoults
43
[1, 1, 1, 1, 1]
[1, 1, 1, 1, 1]
0.2044
210.9399540424347
Resoults
43
[1, 1, 1, 1, 1]
[1, 1, 1, 1, 1]
0.2044
210.9399540424347
4
Resoults
44
[1, 1, 1, 1, 1]
[1, 1, 1, 1, 1]
0.2064
214.3820939064026
Resoults
44
[1, 1, 1, 1, 1]
[1, 1, 1, 1, 1]
0.2064
214.3820939064026
0
Resoults
45
[1, 1, 1, 1, 1]
[1, 1, 1, 1, 1]
0.2004
222.18069005012512
Resoults
45
[1, 1, 1, 1, 1]
[1, 1, 1, 1, 1]
0.2004
222.18069005012512
1
Resoults
46
[1, 1, 1, 1, 1]
[1, 1, 1, 1, 1]
0.2175
214.4115228652954
Resoults
46
[1, 1, 1, 1, 1]
[1, 1, 1, 1, 1]
0.2175
214.4115228652954
1
Resoults
47
[1, 1, 1, 1, 1]
[1, 1, 1, 1, 1]
0.2017
215.81562566757202
Resoults
47
[1, 1, 1, 1, 1]
[1, 1, 1, 1, 1]
0.2017
215.81562566757202
0
Resoults
48
[1, 1, 1, 1, 1]
[1, 1, 1, 1, 1]
0.2127
220.6363079547882
Resoults
48
[1, 1, 1, 1, 1]
[1, 1, 1, 1, 1]
0.2127
220.6363079547882
0
Resoults
49
[1, 1, 1, 1, 1]
[1, 1, 1, 1, 1]
0.2214
220.7221577167511
Resoults
49
[1, 1, 1, 1, 1]
[1, 1, 1, 1, 1]
0.2214
220.7221577167511

Experimental details:
    Model     : cnn
    Optimizer : sgd
    Learning  : 0.01
    Global Rounds   : 50

    Federated parameters:
    Non-IID
    Fraction of users  : 0.0
    Local Batch size   : 10
    Local Epochs       : 1

Files already downloaded and verified
Files already downloaded and verified
4
Resoults
0
[1, 1, 1, 1, 1]
[1, 1, 1, 1, 1]
0.1218
181.9149193763733
Resoults
0
[1, 1, 1, 1, 1]
[1, 1, 1, 1, 1]
0.1218
181.9149193763733
0
Resoults
1
[1, 1, 1, 1, 1]
[1, 1, 1, 1, 1]
0.1233
181.93898034095764
Resoults
1
[1, 1, 1, 1, 1]
[1, 1, 1, 1, 1]
0.1233
181.93898034095764
4
Resoults
2
[1, 1, 1, 1, 1]
[1, 1, 1, 1, 1]
0.1222
181.9975824356079
Resoults
2
[1, 1, 1, 1, 1]
[1, 1, 1, 1, 1]
0.1222
181.9975824356079
4
Resoults
3
[1, 1, 1, 1, 1]
[1, 1, 1, 1, 1]
0.1301
182.08533239364624
Resoults
3
[1, 1, 1, 1, 1]
[1, 1, 1, 1, 1]
0.1301
182.08533239364624
2
Resoults
4
[1, 1, 1, 1, 1]
[1, 1, 1, 1, 1]
0.1494
182.19815874099731
Resoults
4
[1, 1, 1, 1, 1]
[1, 1, 1, 1, 1]
0.1494
182.19815874099731
2
Resoults
5
[1, 1, 1, 1, 1]
[1, 1, 1, 1, 1]
0.1628
182.3475217819214
Resoults
5
[1, 1, 1, 1, 1]
[1, 1, 1, 1, 1]
0.1628
182.3475217819214
0
Resoults
6
[1, 1, 1, 1, 1]
[1, 1, 1, 1, 1]
0.1532
182.53382468223572
Resoults
6
[1, 1, 1, 1, 1]
[1, 1, 1, 1, 1]
0.1532
182.53382468223572
1
Resoults
7
[1, 1, 1, 1, 1]
[1, 1, 1, 1, 1]
0.1277
182.80170488357544
Resoults
7
[1, 1, 1, 1, 1]
[1, 1, 1, 1, 1]
0.1277
182.80170488357544
1
Resoults
8
[1, 1, 1, 1, 1]
[1, 1, 1, 1, 1]
0.116
183.20105957984924
Resoults
8
[1, 1, 1, 1, 1]
[1, 1, 1, 1, 1]
0.116
183.20105957984924
4
Resoults
9
[1, 1, 1, 1, 1]
[1, 1, 1, 1, 1]
0.1081
183.9203245639801
Resoults
9
[1, 1, 1, 1, 1]
[1, 1, 1, 1, 1]
0.1081
183.9203245639801
3
Resoults
10
[1, 1, 1, 1, 1]
[1, 1, 1, 1, 1]
0.1018
184.92421126365662
Resoults
10
[1, 1, 1, 1, 1]
[1, 1, 1, 1, 1]
0.1018
184.92421126365662
2
Resoults
11
[1, 1, 1, 1, 1]
[1, 1, 1, 1, 1]
0.1009
186.77650666236877
Resoults
11
[1, 1, 1, 1, 1]
[1, 1, 1, 1, 1]
0.1009
186.77650666236877
3
Resoults
12
[1, 1, 1, 1, 1]
[1, 1, 1, 1, 1]
0.1018
189.10485577583313
Resoults
12
[1, 1, 1, 1, 1]
[1, 1, 1, 1, 1]
0.1018
189.10485577583313
0
Resoults
13
[1, 1, 1, 1, 1]
[1, 1, 1, 1, 1]
0.1027
192.7884702682495
Resoults
13
[1, 1, 1, 1, 1]
[1, 1, 1, 1, 1]
0.1027
192.7884702682495
4
Resoults
14
[1, 1, 1, 1, 1]
[1, 1, 1, 1, 1]
0.1139
194.1988172531128
Resoults
14
[1, 1, 1, 1, 1]
[1, 1, 1, 1, 1]
0.1139
194.1988172531128
2
Resoults
15
[1, 1, 1, 1, 1]
[1, 1, 1, 1, 1]
0.1291
199.77941417694092
Resoults
15
[1, 1, 1, 1, 1]
[1, 1, 1, 1, 1]
0.1291
199.77941417694092
2
Resoults
16
[1, 1, 1, 1, 1]
[1, 1, 1, 1, 1]
0.1589
205.19290685653687
Resoults
16
[1, 1, 1, 1, 1]
[1, 1, 1, 1, 1]
0.1589
205.19290685653687
1
Resoults
17
[1, 1, 1, 1, 1]
[1, 1, 1, 1, 1]
0.1543
205.7686185836792
Resoults
17
[1, 1, 1, 1, 1]
[1, 1, 1, 1, 1]
0.1543
205.7686185836792
0
Resoults
18
[1, 1, 1, 1, 1]
[1, 1, 1, 1, 1]
0.1507
211.82475996017456
Resoults
18
[1, 1, 1, 1, 1]
[1, 1, 1, 1, 1]
0.1507
211.82475996017456
4
Resoults
19
[1, 1, 1, 1, 1]
[1, 1, 1, 1, 1]
0.1842
209.94983506202698
Resoults
19
[1, 1, 1, 1, 1]
[1, 1, 1, 1, 1]
0.1842
209.94983506202698
0
Resoults
20
[1, 1, 1, 1, 1]
[1, 1, 1, 1, 1]
0.1747
215.56341218948364
Resoults
20
[1, 1, 1, 1, 1]
[1, 1, 1, 1, 1]
0.1747
215.56341218948364
1
Resoults
21
[1, 1, 1, 1, 1]
[1, 1, 1, 1, 1]
0.1792
215.63180088996887
Resoults
21
[1, 1, 1, 1, 1]
[1, 1, 1, 1, 1]
0.1792
215.63180088996887
2
Resoults
22
[1, 1, 1, 1, 1]
[1, 1, 1, 1, 1]
0.1688
223.025972366333
Resoults
22
[1, 1, 1, 1, 1]
[1, 1, 1, 1, 1]
0.1688
223.025972366333
1
Resoults
23
[1, 1, 1, 1, 1]
[1, 1, 1, 1, 1]
0.1943
221.12918210029602
Resoults
23
[1, 1, 1, 1, 1]
[1, 1, 1, 1, 1]
0.1943
221.12918210029602
1
Resoults
24
[1, 1, 1, 1, 1]
[1, 1, 1, 1, 1]
0.1666
225.07872462272644
Resoults
24
[1, 1, 1, 1, 1]
[1, 1, 1, 1, 1]
0.1666
225.07872462272644
4
Resoults
25
[1, 1, 1, 1, 1]
[1, 1, 1, 1, 1]
0.18
225.59671306610107
Resoults
25
[1, 1, 1, 1, 1]
[1, 1, 1, 1, 1]
0.18
225.59671306610107
3
Resoults
26
[1, 1, 1, 1, 1]
[1, 1, 1, 1, 1]
0.1863
228.25229740142822
Resoults
26
[1, 1, 1, 1, 1]
[1, 1, 1, 1, 1]
0.1863
228.25229740142822
3
Resoults
27
[1, 1, 1, 1, 1]
[1, 1, 1, 1, 1]
0.1475
227.93622016906738
Resoults
27
[1, 1, 1, 1, 1]
[1, 1, 1, 1, 1]
0.1475
227.93622016906738
1
Resoults
28
[1, 1, 1, 1, 1]
[1, 1, 1, 1, 1]
0.1988
229.0182819366455
Resoults
28
[1, 1, 1, 1, 1]
[1, 1, 1, 1, 1]
0.1988
229.0182819366455
3
Resoults
29
[1, 1, 1, 1, 1]
[1, 1, 1, 1, 1]
0.1979
231.78759098052979
Resoults
29
[1, 1, 1, 1, 1]
[1, 1, 1, 1, 1]
0.1979
231.78759098052979
4
Resoults
30
[1, 1, 1, 1, 1]
[1, 1, 1, 1, 1]
0.2079
229.7620313167572
Resoults
30
[1, 1, 1, 1, 1]
[1, 1, 1, 1, 1]
0.2079
229.7620313167572
1
Resoults
31
[1, 1, 1, 1, 1]
[1, 1, 1, 1, 1]
0.1951
232.2045876979828
Resoults
31
[1, 1, 1, 1, 1]
[1, 1, 1, 1, 1]
0.1951
232.2045876979828
4
Resoults
32
[1, 1, 1, 1, 1]
[1, 1, 1, 1, 1]
0.1973
232.15436267852783
Resoults
32
[1, 1, 1, 1, 1]
[1, 1, 1, 1, 1]
0.1973
232.15436267852783
1
Resoults
33
[1, 1, 1, 1, 1]
[1, 1, 1, 1, 1]
0.2073
232.10497522354126
Resoults
33
[1, 1, 1, 1, 1]
[1, 1, 1, 1, 1]
0.2073
232.10497522354126
0
Resoults
34
[1, 1, 1, 1, 1]
[1, 1, 1, 1, 1]
0.206
237.48727011680603
Resoults
34
[1, 1, 1, 1, 1]
[1, 1, 1, 1, 1]
0.206
237.48727011680603
2
Resoults
35
[1, 1, 1, 1, 1]
[1, 1, 1, 1, 1]
0.2074
244.75176215171814
Resoults
35
[1, 1, 1, 1, 1]
[1, 1, 1, 1, 1]
0.2074
244.75176215171814
3
Resoults
36
[1, 1, 1, 1, 1]
[1, 1, 1, 1, 1]
0.2172
234.54291319847107
Resoults
36
[1, 1, 1, 1, 1]
[1, 1, 1, 1, 1]
0.2172
234.54291319847107
3
Resoults
37
[1, 1, 1, 1, 1]
[1, 1, 1, 1, 1]
0.2267
237.1098701953888
Resoults
37
[1, 1, 1, 1, 1]
[1, 1, 1, 1, 1]
0.2267
237.1098701953888
4
Resoults
38
[1, 1, 1, 1, 1]
[1, 1, 1, 1, 1]
0.2316
236.57473373413086
Resoults
38
[1, 1, 1, 1, 1]
[1, 1, 1, 1, 1]
0.2316
236.57473373413086
2
Resoults
39
[1, 1, 1, 1, 1]
[1, 1, 1, 1, 1]
0.2271
239.4956772327423
Resoults
39
[1, 1, 1, 1, 1]
[1, 1, 1, 1, 1]
0.2271
239.4956772327423
0
Resoults
40
[1, 1, 1, 1, 1]
[1, 1, 1, 1, 1]
0.2155
242.77083897590637
Resoults
40
[1, 1, 1, 1, 1]
[1, 1, 1, 1, 1]
0.2155
242.77083897590637
4
Resoults
41
[1, 1, 1, 1, 1]
[1, 1, 1, 1, 1]
0.219
232.91563868522644
Resoults
41
[1, 1, 1, 1, 1]
[1, 1, 1, 1, 1]
0.219
232.91563868522644
0
Resoults
42
[1, 1, 1, 1, 1]
[1, 1, 1, 1, 1]
0.2367
248.3100883960724
Resoults
42
[1, 1, 1, 1, 1]
[1, 1, 1, 1, 1]
0.2367
248.3100883960724
0
Resoults
43
[1, 1, 1, 1, 1]
[1, 1, 1, 1, 1]
0.2449
249.22451949119568
Resoults
43
[1, 1, 1, 1, 1]
[1, 1, 1, 1, 1]
0.2449
249.22451949119568
0
Resoults
44
[1, 1, 1, 1, 1]
[1, 1, 1, 1, 1]
0.2165
251.0303418636322
Resoults
44
[1, 1, 1, 1, 1]
[1, 1, 1, 1, 1]
0.2165
251.0303418636322
2
Resoults
45
[1, 1, 1, 1, 1]
[1, 1, 1, 1, 1]
0.2364
251.96140813827515
Resoults
45
[1, 1, 1, 1, 1]
[1, 1, 1, 1, 1]
0.2364
251.96140813827515
0
Resoults
46
[1, 1, 1, 1, 1]
[1, 1, 1, 1, 1]
0.2395
259.3645513057709
Resoults
46
[1, 1, 1, 1, 1]
[1, 1, 1, 1, 1]
0.2395
259.3645513057709
2
Resoults
47
[1, 1, 1, 1, 1]
[1, 1, 1, 1, 1]
0.2268
247.756751537323
Resoults
47
[1, 1, 1, 1, 1]
[1, 1, 1, 1, 1]
0.2268
247.756751537323
2
Resoults
48
[1, 1, 1, 1, 1]
[1, 1, 1, 1, 1]
0.2462
252.41330242156982
Resoults
48
[1, 1, 1, 1, 1]
[1, 1, 1, 1, 1]
0.2462
252.41330242156982
0
Resoults
49
[1, 1, 1, 1, 1]
[1, 1, 1, 1, 1]
0.2153
260.8368122577667
Resoults
49
[1, 1, 1, 1, 1]
[1, 1, 1, 1, 1]
0.2153
260.8368122577667

Experimental details:
    Model     : cnn
    Optimizer : sgd
    Learning  : 0.01
    Global Rounds   : 50

    Federated parameters:
    Non-IID
    Fraction of users  : 0.0
    Local Batch size   : 10
    Local Epochs       : 1

Files already downloaded and verified
Files already downloaded and verified
1
Resoults
0
[1, 1, 1, 1, 1]
[1, 1, 1, 1, 1]
0.1
182.1086881160736
Resoults
0
[1, 1, 1, 1, 1]
[1, 1, 1, 1, 1]
0.1
182.1086881160736
4
Resoults
1
[1, 1, 1, 1, 1]
[1, 1, 1, 1, 1]
0.1
182.10866594314575
Resoults
1
[1, 1, 1, 1, 1]
[1, 1, 1, 1, 1]
0.1
182.10866594314575
4
Resoults
2
[1, 1, 1, 1, 1]
[1, 1, 1, 1, 1]
0.1
182.14141368865967
Resoults
2
[1, 1, 1, 1, 1]
[1, 1, 1, 1, 1]
0.1
182.14141368865967
0
Resoults
3
[1, 1, 1, 1, 1]
[1, 1, 1, 1, 1]
0.1
182.19859266281128
Resoults
3
[1, 1, 1, 1, 1]
[1, 1, 1, 1, 1]
0.1
182.19859266281128
3
Resoults
4
[1, 1, 1, 1, 1]
[1, 1, 1, 1, 1]
0.1
182.28737139701843
Resoults
4
[1, 1, 1, 1, 1]
[1, 1, 1, 1, 1]
0.1
182.28737139701843
0
Resoults
5
[1, 1, 1, 1, 1]
[1, 1, 1, 1, 1]
0.1
182.39253425598145
Resoults
5
[1, 1, 1, 1, 1]
[1, 1, 1, 1, 1]
0.1
182.39253425598145
3
Resoults
6
[1, 1, 1, 1, 1]
[1, 1, 1, 1, 1]
0.1
182.52846598625183
Resoults
6
[1, 1, 1, 1, 1]
[1, 1, 1, 1, 1]
0.1
182.52846598625183
2
Resoults
7
[1, 1, 1, 1, 1]
[1, 1, 1, 1, 1]
0.1
182.68294954299927
Resoults
7
[1, 1, 1, 1, 1]
[1, 1, 1, 1, 1]
0.1
182.68294954299927
0
Resoults
8
[1, 1, 1, 1, 1]
[1, 1, 1, 1, 1]
0.1
182.8584053516388
Resoults
8
[1, 1, 1, 1, 1]
[1, 1, 1, 1, 1]
0.1
182.8584053516388
0
Resoults
9
[1, 1, 1, 1, 1]
[1, 1, 1, 1, 1]
0.1
183.0595359802246
Resoults
9
[1, 1, 1, 1, 1]
[1, 1, 1, 1, 1]
0.1
183.0595359802246
4
Resoults
10
[1, 1, 1, 1, 1]
[1, 1, 1, 1, 1]
0.1
183.29879522323608
Resoults
10
[1, 1, 1, 1, 1]
[1, 1, 1, 1, 1]
0.1
183.29879522323608
4
Resoults
11
[1, 1, 1, 1, 1]
[1, 1, 1, 1, 1]
0.1
183.57251143455505
Resoults
11
[1, 1, 1, 1, 1]
[1, 1, 1, 1, 1]
0.1
183.57251143455505
4
Resoults
12
[1, 1, 1, 1, 1]
[1, 1, 1, 1, 1]
0.1
183.88407111167908
Resoults
12
[1, 1, 1, 1, 1]
[1, 1, 1, 1, 1]
0.1
183.88407111167908
2
Resoults
13
[1, 1, 1, 1, 1]
[1, 1, 1, 1, 1]
0.1
184.25947260856628
Resoults
13
[1, 1, 1, 1, 1]
[1, 1, 1, 1, 1]
0.1
184.25947260856628
1
Resoults
14
[1, 1, 1, 1, 1]
[1, 1, 1, 1, 1]
0.1
184.7167341709137
Resoults
14
[1, 1, 1, 1, 1]
[1, 1, 1, 1, 1]
0.1
184.7167341709137
3
Resoults
15
[1, 1, 1, 1, 1]
[1, 1, 1, 1, 1]
0.0999
185.2806899547577
Resoults
15
[1, 1, 1, 1, 1]
[1, 1, 1, 1, 1]
0.0999
185.2806899547577
2
Resoults
16
[1, 1, 1, 1, 1]
[1, 1, 1, 1, 1]
0.1
185.99707007408142
Resoults
16
[1, 1, 1, 1, 1]
[1, 1, 1, 1, 1]
0.1
185.99707007408142
4
Resoults
17
[1, 1, 1, 1, 1]
[1, 1, 1, 1, 1]
0.101
186.96447920799255
Resoults
17
[1, 1, 1, 1, 1]
[1, 1, 1, 1, 1]
0.101
186.96447920799255
4
Resoults
18
[1, 1, 1, 1, 1]
[1, 1, 1, 1, 1]
0.101
188.2525646686554
Resoults
18
[1, 1, 1, 1, 1]
[1, 1, 1, 1, 1]
0.101
188.2525646686554
4
Resoults
19
[1, 1, 1, 1, 1]
[1, 1, 1, 1, 1]
0.1044
190.0238778591156
Resoults
19
[1, 1, 1, 1, 1]
[1, 1, 1, 1, 1]
0.1044
190.0238778591156
1
Resoults
20
[1, 1, 1, 1, 1]
[1, 1, 1, 1, 1]
0.1102
192.1691188812256
Resoults
20
[1, 1, 1, 1, 1]
[1, 1, 1, 1, 1]
0.1102
192.1691188812256
4
Resoults
21
[1, 1, 1, 1, 1]
[1, 1, 1, 1, 1]
0.1139
195.06335020065308
Resoults
21
[1, 1, 1, 1, 1]
[1, 1, 1, 1, 1]
0.1139
195.06335020065308
4
Resoults
22
[1, 1, 1, 1, 1]
[1, 1, 1, 1, 1]
0.1374
198.5050928592682
Resoults
22
[1, 1, 1, 1, 1]
[1, 1, 1, 1, 1]
0.1374
198.5050928592682
2
Resoults
23
[1, 1, 1, 1, 1]
[1, 1, 1, 1, 1]
0.1285
202.56334447860718
Resoults
23
[1, 1, 1, 1, 1]
[1, 1, 1, 1, 1]
0.1285
202.56334447860718
3
Resoults
24
[1, 1, 1, 1, 1]
[1, 1, 1, 1, 1]
0.1297
206.46388459205627
Resoults
24
[1, 1, 1, 1, 1]
[1, 1, 1, 1, 1]
0.1297
206.46388459205627
3
Resoults
25
[1, 1, 1, 1, 1]
[1, 1, 1, 1, 1]
0.1218
209.86674427986145
Resoults
25
[1, 1, 1, 1, 1]
[1, 1, 1, 1, 1]
0.1218
209.86674427986145
4
Resoults
26
[1, 1, 1, 1, 1]
[1, 1, 1, 1, 1]
0.1621
212.13869452476501
Resoults
26
[1, 1, 1, 1, 1]
[1, 1, 1, 1, 1]
0.1621
212.13869452476501
2
Resoults
27
[1, 1, 1, 1, 1]
[1, 1, 1, 1, 1]
0.1554
217.0784947872162
Resoults
27
[1, 1, 1, 1, 1]
[1, 1, 1, 1, 1]
0.1554
217.0784947872162
1
Resoults
28
[1, 1, 1, 1, 1]
[1, 1, 1, 1, 1]
0.1488
218.95733070373535
Resoults
28
[1, 1, 1, 1, 1]
[1, 1, 1, 1, 1]
0.1488
218.95733070373535
3
Resoults
29
[1, 1, 1, 1, 1]
[1, 1, 1, 1, 1]
0.1532
220.5770857334137
Resoults
29
[1, 1, 1, 1, 1]
[1, 1, 1, 1, 1]
0.1532
220.5770857334137
4
Resoults
30
[1, 1, 1, 1, 1]
[1, 1, 1, 1, 1]
0.1625
220.71910977363586
Resoults
30
[1, 1, 1, 1, 1]
[1, 1, 1, 1, 1]
0.1625
220.71910977363586
0
Resoults
31
[1, 1, 1, 1, 1]
[1, 1, 1, 1, 1]
0.1855
222.46972799301147
Resoults
31
[1, 1, 1, 1, 1]
[1, 1, 1, 1, 1]
0.1855
222.46972799301147
1
Resoults
32
[1, 1, 1, 1, 1]
[1, 1, 1, 1, 1]
0.2072
223.4844937324524
Resoults
32
[1, 1, 1, 1, 1]
[1, 1, 1, 1, 1]
0.2072
223.4844937324524
1
Resoults
33
[1, 1, 1, 1, 1]
[1, 1, 1, 1, 1]
0.2112
224.6724615097046
Resoults
33
[1, 1, 1, 1, 1]
[1, 1, 1, 1, 1]
0.2112
224.6724615097046
3
Resoults
34
[1, 1, 1, 1, 1]
[1, 1, 1, 1, 1]
0.1547
225.50491523742676
Resoults
34
[1, 1, 1, 1, 1]
[1, 1, 1, 1, 1]
0.1547
225.50491523742676
1
Resoults
35
[1, 1, 1, 1, 1]
[1, 1, 1, 1, 1]
0.1978
222.73138904571533
Resoults
35
[1, 1, 1, 1, 1]
[1, 1, 1, 1, 1]
0.1978
222.73138904571533
4
Resoults
36
[1, 1, 1, 1, 1]
[1, 1, 1, 1, 1]
0.2028
223.37670183181763
Resoults
36
[1, 1, 1, 1, 1]
[1, 1, 1, 1, 1]
0.2028
223.37670183181763
3
Resoults
37
[1, 1, 1, 1, 1]
[1, 1, 1, 1, 1]
0.2118
223.48524498939514
Resoults
37
[1, 1, 1, 1, 1]
[1, 1, 1, 1, 1]
0.2118
223.48524498939514
0
Resoults
38
[1, 1, 1, 1, 1]
[1, 1, 1, 1, 1]
0.2036
227.3428599834442
Resoults
38
[1, 1, 1, 1, 1]
[1, 1, 1, 1, 1]
0.2036
227.3428599834442
4
Resoults
39
[1, 1, 1, 1, 1]
[1, 1, 1, 1, 1]
0.219
222.85935878753662
Resoults
39
[1, 1, 1, 1, 1]
[1, 1, 1, 1, 1]
0.219
222.85935878753662
3
Resoults
40
[1, 1, 1, 1, 1]
[1, 1, 1, 1, 1]
0.2227
225.2989010810852
Resoults
40
[1, 1, 1, 1, 1]
[1, 1, 1, 1, 1]
0.2227
225.2989010810852
2
Resoults
41
[1, 1, 1, 1, 1]
[1, 1, 1, 1, 1]
0.2227
229.10431337356567
Resoults
41
[1, 1, 1, 1, 1]
[1, 1, 1, 1, 1]
0.2227
229.10431337356567
1
Resoults
42
[1, 1, 1, 1, 1]
[1, 1, 1, 1, 1]
0.2077
226.31815934181213
Resoults
42
[1, 1, 1, 1, 1]
[1, 1, 1, 1, 1]
0.2077
226.31815934181213
1
Resoults
43
[1, 1, 1, 1, 1]
[1, 1, 1, 1, 1]
0.2361
224.3397557735443
Resoults
43
[1, 1, 1, 1, 1]
[1, 1, 1, 1, 1]
0.2361
224.3397557735443
2
Resoults
44
[1, 1, 1, 1, 1]
[1, 1, 1, 1, 1]
0.232
229.84922647476196
Resoults
44
[1, 1, 1, 1, 1]
[1, 1, 1, 1, 1]
0.232
229.84922647476196
1
Resoults
45
[1, 1, 1, 1, 1]
[1, 1, 1, 1, 1]
0.2348
227.6939835548401
Resoults
45
[1, 1, 1, 1, 1]
[1, 1, 1, 1, 1]
0.2348
227.6939835548401
2
Resoults
46
[1, 1, 1, 1, 1]
[1, 1, 1, 1, 1]
0.1925
236.45194125175476
Resoults
46
[1, 1, 1, 1, 1]
[1, 1, 1, 1, 1]
0.1925
236.45194125175476
2
Resoults
47
[1, 1, 1, 1, 1]
[1, 1, 1, 1, 1]
0.223
241.28826332092285
Resoults
47
[1, 1, 1, 1, 1]
[1, 1, 1, 1, 1]
0.223
241.28826332092285
1
Resoults
48
[1, 1, 1, 1, 1]
[1, 1, 1, 1, 1]
0.2293
225.82685708999634
Resoults
48
[1, 1, 1, 1, 1]
[1, 1, 1, 1, 1]
0.2293
225.82685708999634
0
Resoults
49
[1, 1, 1, 1, 1]
[1, 1, 1, 1, 1]
0.2366
220.7422912120819
Resoults
49
[1, 1, 1, 1, 1]
[1, 1, 1, 1, 1]
0.2366
220.7422912120819
78052
9
Resoults
6
[1, 1, 1, 1, 1, 1, 1, 1, 1, 1, 1, 1, 1, 1, 1, 1, 1, 1, 1, 1, 1, 1, 1, 1, 1]
[1, 1, 1, 1, 1, 1, 1, 1, 1, 1, 1, 1, 1, 1, 1, 1, 1, 1, 1, 1, 1, 1, 1, 1, 1]
0.1
182.62175965309143
Resoults
6
[1, 1, 1, 1, 1, 1, 1, 1, 1, 1, 1, 1, 1, 1, 1, 1, 1, 1, 1, 1, 1, 1, 1, 1, 1]
[1, 1, 1, 1, 1, 1, 1, 1, 1, 1, 1, 1, 1, 1, 1, 1, 1, 1, 1, 1, 1, 1, 1, 1, 1]
0.1
182.62175965309143
3
Resoults
7
[1, 1, 1, 1, 1, 1, 1, 1, 1, 1, 1, 1, 1, 1, 1, 1, 1, 1, 1, 1, 1, 1, 1, 1, 1]
[1, 1, 1, 1, 1, 1, 1, 1, 1, 1, 1, 1, 1, 1, 1, 1, 1, 1, 1, 1, 1, 1, 1, 1, 1]
0.1
182.79103422164917
Resoults
7
[1, 1, 1, 1, 1, 1, 1, 1, 1, 1, 1, 1, 1, 1, 1, 1, 1, 1, 1, 1, 1, 1, 1, 1, 1]
[1, 1, 1, 1, 1, 1, 1, 1, 1, 1, 1, 1, 1, 1, 1, 1, 1, 1, 1, 1, 1, 1, 1, 1, 1]
0.1
182.79103422164917
8
Resoults
8
[1, 1, 1, 1, 1, 1, 1, 1, 1, 1, 1, 1, 1, 1, 1, 1, 1, 1, 1, 1, 1, 1, 1, 1, 1]
[1, 1, 1, 1, 1, 1, 1, 1, 1, 1, 1, 1, 1, 1, 1, 1, 1, 1, 1, 1, 1, 1, 1, 1, 1]
0.1
182.98758006095886
Resoults
8
[1, 1, 1, 1, 1, 1, 1, 1, 1, 1, 1, 1, 1, 1, 1, 1, 1, 1, 1, 1, 1, 1, 1, 1, 1]
[1, 1, 1, 1, 1, 1, 1, 1, 1, 1, 1, 1, 1, 1, 1, 1, 1, 1, 1, 1, 1, 1, 1, 1, 1]
0.1
182.98758006095886
12
Resoults
9
[1, 1, 1, 1, 1, 1, 1, 1, 1, 1, 1, 1, 1, 1, 1, 1, 1, 1, 1, 1, 1, 1, 1, 1, 1]
[1, 1, 1, 1, 1, 1, 1, 1, 1, 1, 1, 1, 1, 1, 1, 1, 1, 1, 1, 1, 1, 1, 1, 1, 1]
0.1
183.207989692688
Resoults
9
[1, 1, 1, 1, 1, 1, 1, 1, 1, 1, 1, 1, 1, 1, 1, 1, 1, 1, 1, 1, 1, 1, 1, 1, 1]
[1, 1, 1, 1, 1, 1, 1, 1, 1, 1, 1, 1, 1, 1, 1, 1, 1, 1, 1, 1, 1, 1, 1, 1, 1]
0.1
183.207989692688
24
Resoults
10
[1, 1, 1, 1, 1, 1, 1, 1, 1, 1, 1, 1, 1, 1, 1, 1, 1, 1, 1, 1, 1, 1, 1, 1, 1]
[1, 1, 1, 1, 1, 1, 1, 1, 1, 1, 1, 1, 1, 1, 1, 1, 1, 1, 1, 1, 1, 1, 1, 1, 1]
0.0996
183.4638545513153
Resoults
10
[1, 1, 1, 1, 1, 1, 1, 1, 1, 1, 1, 1, 1, 1, 1, 1, 1, 1, 1, 1, 1, 1, 1, 1, 1]
[1, 1, 1, 1, 1, 1, 1, 1, 1, 1, 1, 1, 1, 1, 1, 1, 1, 1, 1, 1, 1, 1, 1, 1, 1]
0.0996
183.4638545513153
21
Resoults
11
[1, 1, 1, 1, 1, 1, 1, 1, 1, 1, 1, 1, 1, 1, 1, 1, 1, 1, 1, 1, 1, 1, 1, 1, 1]
[1, 1, 1, 1, 1, 1, 1, 1, 1, 1, 1, 1, 1, 1, 1, 1, 1, 1, 1, 1, 1, 1, 1, 1, 1]
0.0996
183.75339007377625
Resoults
11
[1, 1, 1, 1, 1, 1, 1, 1, 1, 1, 1, 1, 1, 1, 1, 1, 1, 1, 1, 1, 1, 1, 1, 1, 1]
[1, 1, 1, 1, 1, 1, 1, 1, 1, 1, 1, 1, 1, 1, 1, 1, 1, 1, 1, 1, 1, 1, 1, 1, 1]
0.0996
183.75339007377625
18
Resoults
12
[1, 1, 1, 1, 1, 1, 1, 1, 1, 1, 1, 1, 1, 1, 1, 1, 1, 1, 1, 1, 1, 1, 1, 1, 1]
[1, 1, 1, 1, 1, 1, 1, 1, 1, 1, 1, 1, 1, 1, 1, 1, 1, 1, 1, 1, 1, 1, 1, 1, 1]
0.1003
184.08256912231445
Resoults
12
[1, 1, 1, 1, 1, 1, 1, 1, 1, 1, 1, 1, 1, 1, 1, 1, 1, 1, 1, 1, 1, 1, 1, 1, 1]
[1, 1, 1, 1, 1, 1, 1, 1, 1, 1, 1, 1, 1, 1, 1, 1, 1, 1, 1, 1, 1, 1, 1, 1, 1]
0.1003
184.08256912231445
20
Resoults
13
[1, 1, 1, 1, 1, 1, 1, 1, 1, 1, 1, 1, 1, 1, 1, 1, 1, 1, 1, 1, 1, 1, 1, 1, 1]
[1, 1, 1, 1, 1, 1, 1, 1, 1, 1, 1, 1, 1, 1, 1, 1, 1, 1, 1, 1, 1, 1, 1, 1, 1]
0.1054
184.46442437171936
Resoults
13
[1, 1, 1, 1, 1, 1, 1, 1, 1, 1, 1, 1, 1, 1, 1, 1, 1, 1, 1, 1, 1, 1, 1, 1, 1]
[1, 1, 1, 1, 1, 1, 1, 1, 1, 1, 1, 1, 1, 1, 1, 1, 1, 1, 1, 1, 1, 1, 1, 1, 1]
0.1054
184.46442437171936
11
Resoults
14
[1, 1, 1, 1, 1, 1, 1, 1, 1, 1, 1, 1, 1, 1, 1, 1, 1, 1, 1, 1, 1, 1, 1, 1, 1]
[1, 1, 1, 1, 1, 1, 1, 1, 1, 1, 1, 1, 1, 1, 1, 1, 1, 1, 1, 1, 1, 1, 1, 1, 1]
0.1172
184.9216058254242
Resoults
14
[1, 1, 1, 1, 1, 1, 1, 1, 1, 1, 1, 1, 1, 1, 1, 1, 1, 1, 1, 1, 1, 1, 1, 1, 1]
[1, 1, 1, 1, 1, 1, 1, 1, 1, 1, 1, 1, 1, 1, 1, 1, 1, 1, 1, 1, 1, 1, 1, 1, 1]
0.1172
184.9216058254242
6
Resoults
15
[1, 1, 1, 1, 1, 1, 1, 1, 1, 1, 1, 1, 1, 1, 1, 1, 1, 1, 1, 1, 1, 1, 1, 1, 1]
[1, 1, 1, 1, 1, 1, 1, 1, 1, 1, 1, 1, 1, 1, 1, 1, 1, 1, 1, 1, 1, 1, 1, 1, 1]
0.1248
185.46777963638306
Resoults
15
[1, 1, 1, 1, 1, 1, 1, 1, 1, 1, 1, 1, 1, 1, 1, 1, 1, 1, 1, 1, 1, 1, 1, 1, 1]
[1, 1, 1, 1, 1, 1, 1, 1, 1, 1, 1, 1, 1, 1, 1, 1, 1, 1, 1, 1, 1, 1, 1, 1, 1]
0.1248
185.46777963638306
3
Resoults
16
[1, 1, 1, 1, 1, 1, 1, 1, 1, 1, 1, 1, 1, 1, 1, 1, 1, 1, 1, 1, 1, 1, 1, 1, 1]
[1, 1, 1, 1, 1, 1, 1, 1, 1, 1, 1, 1, 1, 1, 1, 1, 1, 1, 1, 1, 1, 1, 1, 1, 1]
0.1173
186.12753224372864
Resoults
16
[1, 1, 1, 1, 1, 1, 1, 1, 1, 1, 1, 1, 1, 1, 1, 1, 1, 1, 1, 1, 1, 1, 1, 1, 1]
[1, 1, 1, 1, 1, 1, 1, 1, 1, 1, 1, 1, 1, 1, 1, 1, 1, 1, 1, 1, 1, 1, 1, 1, 1]
0.1173
186.12753224372864
11
Resoults
17
[1, 1, 1, 1, 1, 1, 1, 1, 1, 1, 1, 1, 1, 1, 1, 1, 1, 1, 1, 1, 1, 1, 1, 1, 1]
[1, 1, 1, 1, 1, 1, 1, 1, 1, 1, 1, 1, 1, 1, 1, 1, 1, 1, 1, 1, 1, 1, 1, 1, 1]
0.1132
186.95545601844788
Resoults
17
[1, 1, 1, 1, 1, 1, 1, 1, 1, 1, 1, 1, 1, 1, 1, 1, 1, 1, 1, 1, 1, 1, 1, 1, 1]
[1, 1, 1, 1, 1, 1, 1, 1, 1, 1, 1, 1, 1, 1, 1, 1, 1, 1, 1, 1, 1, 1, 1, 1, 1]
0.1132
186.95545601844788
3
Resoults
18
[1, 1, 1, 1, 1, 1, 1, 1, 1, 1, 1, 1, 1, 1, 1, 1, 1, 1, 1, 1, 1, 1, 1, 1, 1]
[1, 1, 1, 1, 1, 1, 1, 1, 1, 1, 1, 1, 1, 1, 1, 1, 1, 1, 1, 1, 1, 1, 1, 1, 1]
0.106
187.9927191734314
Resoults
18
[1, 1, 1, 1, 1, 1, 1, 1, 1, 1, 1, 1, 1, 1, 1, 1, 1, 1, 1, 1, 1, 1, 1, 1, 1]
[1, 1, 1, 1, 1, 1, 1, 1, 1, 1, 1, 1, 1, 1, 1, 1, 1, 1, 1, 1, 1, 1, 1, 1, 1]
0.106
187.9927191734314
3
Resoults
19
[1, 1, 1, 1, 1, 1, 1, 1, 1, 1, 1, 1, 1, 1, 1, 1, 1, 1, 1, 1, 1, 1, 1, 1, 1]
[1, 1, 1, 1, 1, 1, 1, 1, 1, 1, 1, 1, 1, 1, 1, 1, 1, 1, 1, 1, 1, 1, 1, 1, 1]
0.1009
189.37707614898682
Resoults
19
[1, 1, 1, 1, 1, 1, 1, 1, 1, 1, 1, 1, 1, 1, 1, 1, 1, 1, 1, 1, 1, 1, 1, 1, 1]
[1, 1, 1, 1, 1, 1, 1, 1, 1, 1, 1, 1, 1, 1, 1, 1, 1, 1, 1, 1, 1, 1, 1, 1, 1]
0.1009
189.37707614898682
16
Resoults
20
[1, 1, 1, 1, 1, 1, 1, 1, 1, 1, 1, 1, 1, 1, 1, 1, 1, 1, 1, 1, 1, 1, 1, 1, 1]
[1, 1, 1, 1, 1, 1, 1, 1, 1, 1, 1, 1, 1, 1, 1, 1, 1, 1, 1, 1, 1, 1, 1, 1, 1]
0.1013
191.19338393211365
Resoults
20
[1, 1, 1, 1, 1, 1, 1, 1, 1, 1, 1, 1, 1, 1, 1, 1, 1, 1, 1, 1, 1, 1, 1, 1, 1]
[1, 1, 1, 1, 1, 1, 1, 1, 1, 1, 1, 1, 1, 1, 1, 1, 1, 1, 1, 1, 1, 1, 1, 1, 1]
0.1013
191.19338393211365
16
Resoults
21
[1, 1, 1, 1, 1, 1, 1, 1, 1, 1, 1, 1, 1, 1, 1, 1, 1, 1, 1, 1, 1, 1, 1, 1, 1]
[1, 1, 1, 1, 1, 1, 1, 1, 1, 1, 1, 1, 1, 1, 1, 1, 1, 1, 1, 1, 1, 1, 1, 1, 1]
0.1011
193.4919605255127
Resoults
21
[1, 1, 1, 1, 1, 1, 1, 1, 1, 1, 1, 1, 1, 1, 1, 1, 1, 1, 1, 1, 1, 1, 1, 1, 1]
[1, 1, 1, 1, 1, 1, 1, 1, 1, 1, 1, 1, 1, 1, 1, 1, 1, 1, 1, 1, 1, 1, 1, 1, 1]
0.1011
193.4919605255127
11
Resoults
22
[1, 1, 1, 1, 1, 1, 1, 1, 1, 1, 1, 1, 1, 1, 1, 1, 1, 1, 1, 1, 1, 1, 1, 1, 1]
[1, 1, 1, 1, 1, 1, 1, 1, 1, 1, 1, 1, 1, 1, 1, 1, 1, 1, 1, 1, 1, 1, 1, 1, 1]
0.1154
196.06637930870056
Resoults
22
[1, 1, 1, 1, 1, 1, 1, 1, 1, 1, 1, 1, 1, 1, 1, 1, 1, 1, 1, 1, 1, 1, 1, 1, 1]
[1, 1, 1, 1, 1, 1, 1, 1, 1, 1, 1, 1, 1, 1, 1, 1, 1, 1, 1, 1, 1, 1, 1, 1, 1]
0.1154
196.06637930870056
15
Resoults
23
[1, 1, 1, 1, 1, 1, 1, 1, 1, 1, 1, 1, 1, 1, 1, 1, 1, 1, 1, 1, 1, 1, 1, 1, 1]
[1, 1, 1, 1, 1, 1, 1, 1, 1, 1, 1, 1, 1, 1, 1, 1, 1, 1, 1, 1, 1, 1, 1, 1, 1]
0.1233
199.03323411941528
Resoults
23
[1, 1, 1, 1, 1, 1, 1, 1, 1, 1, 1, 1, 1, 1, 1, 1, 1, 1, 1, 1, 1, 1, 1, 1, 1]
[1, 1, 1, 1, 1, 1, 1, 1, 1, 1, 1, 1, 1, 1, 1, 1, 1, 1, 1, 1, 1, 1, 1, 1, 1]
0.1233
199.03323411941528
22
Resoults
24
[1, 1, 1, 1, 1, 1, 1, 1, 1, 1, 1, 1, 1, 1, 1, 1, 1, 1, 1, 1, 1, 1, 1, 1, 1]
[1, 1, 1, 1, 1, 1, 1, 1, 1, 1, 1, 1, 1, 1, 1, 1, 1, 1, 1, 1, 1, 1, 1, 1, 1]
0.1037
201.92040586471558
Resoults
24
[1, 1, 1, 1, 1, 1, 1, 1, 1, 1, 1, 1, 1, 1, 1, 1, 1, 1, 1, 1, 1, 1, 1, 1, 1]
[1, 1, 1, 1, 1, 1, 1, 1, 1, 1, 1, 1, 1, 1, 1, 1, 1, 1, 1, 1, 1, 1, 1, 1, 1]
0.1037
201.92040586471558
17
Resoults
25
[1, 1, 1, 1, 1, 1, 1, 1, 1, 1, 1, 1, 1, 1, 1, 1, 1, 1, 1, 1, 1, 1, 1, 1, 1]
[1, 1, 1, 1, 1, 1, 1, 1, 1, 1, 1, 1, 1, 1, 1, 1, 1, 1, 1, 1, 1, 1, 1, 1, 1]
0.1101
205.14027905464172
Resoults
25
[1, 1, 1, 1, 1, 1, 1, 1, 1, 1, 1, 1, 1, 1, 1, 1, 1, 1, 1, 1, 1, 1, 1, 1, 1]
[1, 1, 1, 1, 1, 1, 1, 1, 1, 1, 1, 1, 1, 1, 1, 1, 1, 1, 1, 1, 1, 1, 1, 1, 1]
0.1101
205.14027905464172
15
Resoults
26
[1, 1, 1, 1, 1, 1, 1, 1, 1, 1, 1, 1, 1, 1, 1, 1, 1, 1, 1, 1, 1, 1, 1, 1, 1]
[1, 1, 1, 1, 1, 1, 1, 1, 1, 1, 1, 1, 1, 1, 1, 1, 1, 1, 1, 1, 1, 1, 1, 1, 1]
0.1009
207.42642641067505
Resoults
26
[1, 1, 1, 1, 1, 1, 1, 1, 1, 1, 1, 1, 1, 1, 1, 1, 1, 1, 1, 1, 1, 1, 1, 1, 1]
[1, 1, 1, 1, 1, 1, 1, 1, 1, 1, 1, 1, 1, 1, 1, 1, 1, 1, 1, 1, 1, 1, 1, 1, 1]
0.1009
207.42642641067505
1
Resoults
27
[1, 1, 1, 1, 1, 1, 1, 1, 1, 1, 1, 1, 1, 1, 1, 1, 1, 1, 1, 1, 1, 1, 1, 1, 1]
[1, 1, 1, 1, 1, 1, 1, 1, 1, 1, 1, 1, 1, 1, 1, 1, 1, 1, 1, 1, 1, 1, 1, 1, 1]
0.1075
210.06488800048828
Resoults
27
[1, 1, 1, 1, 1, 1, 1, 1, 1, 1, 1, 1, 1, 1, 1, 1, 1, 1, 1, 1, 1, 1, 1, 1, 1]
[1, 1, 1, 1, 1, 1, 1, 1, 1, 1, 1, 1, 1, 1, 1, 1, 1, 1, 1, 1, 1, 1, 1, 1, 1]
0.1075
210.06488800048828
6
Resoults
28
[1, 1, 1, 1, 1, 1, 1, 1, 1, 1, 1, 1, 1, 1, 1, 1, 1, 1, 1, 1, 1, 1, 1, 1, 1]
[1, 1, 1, 1, 1, 1, 1, 1, 1, 1, 1, 1, 1, 1, 1, 1, 1, 1, 1, 1, 1, 1, 1, 1, 1]
0.1219
211.90535354614258
Resoults
28
[1, 1, 1, 1, 1, 1, 1, 1, 1, 1, 1, 1, 1, 1, 1, 1, 1, 1, 1, 1, 1, 1, 1, 1, 1]
[1, 1, 1, 1, 1, 1, 1, 1, 1, 1, 1, 1, 1, 1, 1, 1, 1, 1, 1, 1, 1, 1, 1, 1, 1]
0.1219
211.90535354614258
21
Resoults
29
[1, 1, 1, 1, 1, 1, 1, 1, 1, 1, 1, 1, 1, 1, 1, 1, 1, 1, 1, 1, 1, 1, 1, 1, 1]
[1, 1, 1, 1, 1, 1, 1, 1, 1, 1, 1, 1, 1, 1, 1, 1, 1, 1, 1, 1, 1, 1, 1, 1, 1]
0.1366
213.4000174999237
Resoults
29
[1, 1, 1, 1, 1, 1, 1, 1, 1, 1, 1, 1, 1, 1, 1, 1, 1, 1, 1, 1, 1, 1, 1, 1, 1]
[1, 1, 1, 1, 1, 1, 1, 1, 1, 1, 1, 1, 1, 1, 1, 1, 1, 1, 1, 1, 1, 1, 1, 1, 1]
0.1366
213.4000174999237
16
Resoults
30
[1, 1, 1, 1, 1, 1, 1, 1, 1, 1, 1, 1, 1, 1, 1, 1, 1, 1, 1, 1, 1, 1, 1, 1, 1]
[1, 1, 1, 1, 1, 1, 1, 1, 1, 1, 1, 1, 1, 1, 1, 1, 1, 1, 1, 1, 1, 1, 1, 1, 1]
0.1142
214.96733045578003
Resoults
30
[1, 1, 1, 1, 1, 1, 1, 1, 1, 1, 1, 1, 1, 1, 1, 1, 1, 1, 1, 1, 1, 1, 1, 1, 1]
[1, 1, 1, 1, 1, 1, 1, 1, 1, 1, 1, 1, 1, 1, 1, 1, 1, 1, 1, 1, 1, 1, 1, 1, 1]
0.1142
214.96733045578003
6
Resoults
31
[1, 1, 1, 1, 1, 1, 1, 1, 1, 1, 1, 1, 1, 1, 1, 1, 1, 1, 1, 1, 1, 1, 1, 1, 1]
[1, 1, 1, 1, 1, 1, 1, 1, 1, 1, 1, 1, 1, 1, 1, 1, 1, 1, 1, 1, 1, 1, 1, 1, 1]
0.1417
216.78883290290833
Resoults
31
[1, 1, 1, 1, 1, 1, 1, 1, 1, 1, 1, 1, 1, 1, 1, 1, 1, 1, 1, 1, 1, 1, 1, 1, 1]
[1, 1, 1, 1, 1, 1, 1, 1, 1, 1, 1, 1, 1, 1, 1, 1, 1, 1, 1, 1, 1, 1, 1, 1, 1]
0.1417
216.78883290290833
16
Resoults
32
[1, 1, 1, 1, 1, 1, 1, 1, 1, 1, 1, 1, 1, 1, 1, 1, 1, 1, 1, 1, 1, 1, 1, 1, 1]
[1, 1, 1, 1, 1, 1, 1, 1, 1, 1, 1, 1, 1, 1, 1, 1, 1, 1, 1, 1, 1, 1, 1, 1, 1]
0.1452
216.4821972846985
Resoults
32
[1, 1, 1, 1, 1, 1, 1, 1, 1, 1, 1, 1, 1, 1, 1, 1, 1, 1, 1, 1, 1, 1, 1, 1, 1]
[1, 1, 1, 1, 1, 1, 1, 1, 1, 1, 1, 1, 1, 1, 1, 1, 1, 1, 1, 1, 1, 1, 1, 1, 1]
0.1452
216.4821972846985
18
Resoults
33
[1, 1, 1, 1, 1, 1, 1, 1, 1, 1, 1, 1, 1, 1, 1, 1, 1, 1, 1, 1, 1, 1, 1, 1, 1]
[1, 1, 1, 1, 1, 1, 1, 1, 1, 1, 1, 1, 1, 1, 1, 1, 1, 1, 1, 1, 1, 1, 1, 1, 1]
0.1091
217.82568764686584
Resoults
33
[1, 1, 1, 1, 1, 1, 1, 1, 1, 1, 1, 1, 1, 1, 1, 1, 1, 1, 1, 1, 1, 1, 1, 1, 1]
[1, 1, 1, 1, 1, 1, 1, 1, 1, 1, 1, 1, 1, 1, 1, 1, 1, 1, 1, 1, 1, 1, 1, 1, 1]
0.1091
217.82568764686584
10
Resoults
34
[1, 1, 1, 1, 1, 1, 1, 1, 1, 1, 1, 1, 1, 1, 1, 1, 1, 1, 1, 1, 1, 1, 1, 1, 1]
[1, 1, 1, 1, 1, 1, 1, 1, 1, 1, 1, 1, 1, 1, 1, 1, 1, 1, 1, 1, 1, 1, 1, 1, 1]
0.1627
218.52044415473938
Resoults
34
[1, 1, 1, 1, 1, 1, 1, 1, 1, 1, 1, 1, 1, 1, 1, 1, 1, 1, 1, 1, 1, 1, 1, 1, 1]
[1, 1, 1, 1, 1, 1, 1, 1, 1, 1, 1, 1, 1, 1, 1, 1, 1, 1, 1, 1, 1, 1, 1, 1, 1]
0.1627
218.52044415473938
3
Resoults
35
[1, 1, 1, 1, 1, 1, 1, 1, 1, 1, 1, 1, 1, 1, 1, 1, 1, 1, 1, 1, 1, 1, 1, 1, 1]
[1, 1, 1, 1, 1, 1, 1, 1, 1, 1, 1, 1, 1, 1, 1, 1, 1, 1, 1, 1, 1, 1, 1, 1, 1]
0.1152
219.79816055297852
Resoults
35
[1, 1, 1, 1, 1, 1, 1, 1, 1, 1, 1, 1, 1, 1, 1, 1, 1, 1, 1, 1, 1, 1, 1, 1, 1]
[1, 1, 1, 1, 1, 1, 1, 1, 1, 1, 1, 1, 1, 1, 1, 1, 1, 1, 1, 1, 1, 1, 1, 1, 1]
0.1152
219.79816055297852
14
Resoults
36
[1, 1, 1, 1, 1, 1, 1, 1, 1, 1, 1, 1, 1, 1, 1, 1, 1, 1, 1, 1, 1, 1, 1, 1, 1]
[1, 1, 1, 1, 1, 1, 1, 1, 1, 1, 1, 1, 1, 1, 1, 1, 1, 1, 1, 1, 1, 1, 1, 1, 1]
0.148
218.39547395706177
Resoults
36
[1, 1, 1, 1, 1, 1, 1, 1, 1, 1, 1, 1, 1, 1, 1, 1, 1, 1, 1, 1, 1, 1, 1, 1, 1]
[1, 1, 1, 1, 1, 1, 1, 1, 1, 1, 1, 1, 1, 1, 1, 1, 1, 1, 1, 1, 1, 1, 1, 1, 1]
0.148
218.39547395706177
23
Resoults
37
[1, 1, 1, 1, 1, 1, 1, 1, 1, 1, 1, 1, 1, 1, 1, 1, 1, 1, 1, 1, 1, 1, 1, 1, 1]
[1, 1, 1, 1, 1, 1, 1, 1, 1, 1, 1, 1, 1, 1, 1, 1, 1, 1, 1, 1, 1, 1, 1, 1, 1]
0.2171
218.1324598789215
Resoults
37
[1, 1, 1, 1, 1, 1, 1, 1, 1, 1, 1, 1, 1, 1, 1, 1, 1, 1, 1, 1, 1, 1, 1, 1, 1]
[1, 1, 1, 1, 1, 1, 1, 1, 1, 1, 1, 1, 1, 1, 1, 1, 1, 1, 1, 1, 1, 1, 1, 1, 1]
0.2171
218.1324598789215
1
Resoults
38
[1, 1, 1, 1, 1, 1, 1, 1, 1, 1, 1, 1, 1, 1, 1, 1, 1, 1, 1, 1, 1, 1, 1, 1, 1]
[1, 1, 1, 1, 1, 1, 1, 1, 1, 1, 1, 1, 1, 1, 1, 1, 1, 1, 1, 1, 1, 1, 1, 1, 1]
0.1365
220.67142415046692
Resoults
38
[1, 1, 1, 1, 1, 1, 1, 1, 1, 1, 1, 1, 1, 1, 1, 1, 1, 1, 1, 1, 1, 1, 1, 1, 1]
[1, 1, 1, 1, 1, 1, 1, 1, 1, 1, 1, 1, 1, 1, 1, 1, 1, 1, 1, 1, 1, 1, 1, 1, 1]
0.1365
220.67142415046692
3
Resoults
39
[1, 1, 1, 1, 1, 1, 1, 1, 1, 1, 1, 1, 1, 1, 1, 1, 1, 1, 1, 1, 1, 1, 1, 1, 1]
[1, 1, 1, 1, 1, 1, 1, 1, 1, 1, 1, 1, 1, 1, 1, 1, 1, 1, 1, 1, 1, 1, 1, 1, 1]
0.1771
220.32617020606995
Resoults
39
[1, 1, 1, 1, 1, 1, 1, 1, 1, 1, 1, 1, 1, 1, 1, 1, 1, 1, 1, 1, 1, 1, 1, 1, 1]
[1, 1, 1, 1, 1, 1, 1, 1, 1, 1, 1, 1, 1, 1, 1, 1, 1, 1, 1, 1, 1, 1, 1, 1, 1]
0.1771
220.32617020606995
20
Resoults
40
[1, 1, 1, 1, 1, 1, 1, 1, 1, 1, 1, 1, 1, 1, 1, 1, 1, 1, 1, 1, 1, 1, 1, 1, 1]
[1, 1, 1, 1, 1, 1, 1, 1, 1, 1, 1, 1, 1, 1, 1, 1, 1, 1, 1, 1, 1, 1, 1, 1, 1]
0.1743
219.6504201889038
Resoults
40
[1, 1, 1, 1, 1, 1, 1, 1, 1, 1, 1, 1, 1, 1, 1, 1, 1, 1, 1, 1, 1, 1, 1, 1, 1]
[1, 1, 1, 1, 1, 1, 1, 1, 1, 1, 1, 1, 1, 1, 1, 1, 1, 1, 1, 1, 1, 1, 1, 1, 1]
0.1743
219.6504201889038
6
Resoults
41
[1, 1, 1, 1, 1, 1, 1, 1, 1, 1, 1, 1, 1, 1, 1, 1, 1, 1, 1, 1, 1, 1, 1, 1, 1]
[1, 1, 1, 1, 1, 1, 1, 1, 1, 1, 1, 1, 1, 1, 1, 1, 1, 1, 1, 1, 1, 1, 1, 1, 1]
0.1772
221.46559143066406
Resoults
41
[1, 1, 1, 1, 1, 1, 1, 1, 1, 1, 1, 1, 1, 1, 1, 1, 1, 1, 1, 1, 1, 1, 1, 1, 1]
[1, 1, 1, 1, 1, 1, 1, 1, 1, 1, 1, 1, 1, 1, 1, 1, 1, 1, 1, 1, 1, 1, 1, 1, 1]
0.1772
221.46559143066406
9
Resoults
42
[1, 1, 1, 1, 1, 1, 1, 1, 1, 1, 1, 1, 1, 1, 1, 1, 1, 1, 1, 1, 1, 1, 1, 1, 1]
[1, 1, 1, 1, 1, 1, 1, 1, 1, 1, 1, 1, 1, 1, 1, 1, 1, 1, 1, 1, 1, 1, 1, 1, 1]
0.2217
220.21708941459656
Resoults
42
[1, 1, 1, 1, 1, 1, 1, 1, 1, 1, 1, 1, 1, 1, 1, 1, 1, 1, 1, 1, 1, 1, 1, 1, 1]
[1, 1, 1, 1, 1, 1, 1, 1, 1, 1, 1, 1, 1, 1, 1, 1, 1, 1, 1, 1, 1, 1, 1, 1, 1]
0.2217
220.21708941459656
17
Resoults
43
[1, 1, 1, 1, 1, 1, 1, 1, 1, 1, 1, 1, 1, 1, 1, 1, 1, 1, 1, 1, 1, 1, 1, 1, 1]
[1, 1, 1, 1, 1, 1, 1, 1, 1, 1, 1, 1, 1, 1, 1, 1, 1, 1, 1, 1, 1, 1, 1, 1, 1]
0.1944
220.2333357334137
Resoults
43
[1, 1, 1, 1, 1, 1, 1, 1, 1, 1, 1, 1, 1, 1, 1, 1, 1, 1, 1, 1, 1, 1, 1, 1, 1]
[1, 1, 1, 1, 1, 1, 1, 1, 1, 1, 1, 1, 1, 1, 1, 1, 1, 1, 1, 1, 1, 1, 1, 1, 1]
0.1944
220.2333357334137
12
Resoults
44
[1, 1, 1, 1, 1, 1, 1, 1, 1, 1, 1, 1, 1, 1, 1, 1, 1, 1, 1, 1, 1, 1, 1, 1, 1]
[1, 1, 1, 1, 1, 1, 1, 1, 1, 1, 1, 1, 1, 1, 1, 1, 1, 1, 1, 1, 1, 1, 1, 1, 1]
0.2204
220.7421863079071
Resoults
44
[1, 1, 1, 1, 1, 1, 1, 1, 1, 1, 1, 1, 1, 1, 1, 1, 1, 1, 1, 1, 1, 1, 1, 1, 1]
[1, 1, 1, 1, 1, 1, 1, 1, 1, 1, 1, 1, 1, 1, 1, 1, 1, 1, 1, 1, 1, 1, 1, 1, 1]
0.2204
220.7421863079071
20
Resoults
45
[1, 1, 1, 1, 1, 1, 1, 1, 1, 1, 1, 1, 1, 1, 1, 1, 1, 1, 1, 1, 1, 1, 1, 1, 1]
[1, 1, 1, 1, 1, 1, 1, 1, 1, 1, 1, 1, 1, 1, 1, 1, 1, 1, 1, 1, 1, 1, 1, 1, 1]
0.1904
221.77858114242554
Resoults
45
[1, 1, 1, 1, 1, 1, 1, 1, 1, 1, 1, 1, 1, 1, 1, 1, 1, 1, 1, 1, 1, 1, 1, 1, 1]
[1, 1, 1, 1, 1, 1, 1, 1, 1, 1, 1, 1, 1, 1, 1, 1, 1, 1, 1, 1, 1, 1, 1, 1, 1]
0.1904
221.77858114242554
4
Resoults
46
[1, 1, 1, 1, 1, 1, 1, 1, 1, 1, 1, 1, 1, 1, 1, 1, 1, 1, 1, 1, 1, 1, 1, 1, 1]
[1, 1, 1, 1, 1, 1, 1, 1, 1, 1, 1, 1, 1, 1, 1, 1, 1, 1, 1, 1, 1, 1, 1, 1, 1]
0.1983
220.83796525001526
Resoults
46
[1, 1, 1, 1, 1, 1, 1, 1, 1, 1, 1, 1, 1, 1, 1, 1, 1, 1, 1, 1, 1, 1, 1, 1, 1]
[1, 1, 1, 1, 1, 1, 1, 1, 1, 1, 1, 1, 1, 1, 1, 1, 1, 1, 1, 1, 1, 1, 1, 1, 1]
0.1983
220.83796525001526
13
Resoults
47
[1, 1, 1, 1, 1, 1, 1, 1, 1, 1, 1, 1, 1, 1, 1, 1, 1, 1, 1, 1, 1, 1, 1, 1, 1]
[1, 1, 1, 1, 1, 1, 1, 1, 1, 1, 1, 1, 1, 1, 1, 1, 1, 1, 1, 1, 1, 1, 1, 1, 1]
0.2091
222.1419699192047
Resoults
47
[1, 1, 1, 1, 1, 1, 1, 1, 1, 1, 1, 1, 1, 1, 1, 1, 1, 1, 1, 1, 1, 1, 1, 1, 1]
[1, 1, 1, 1, 1, 1, 1, 1, 1, 1, 1, 1, 1, 1, 1, 1, 1, 1, 1, 1, 1, 1, 1, 1, 1]
0.2091
222.1419699192047
8
Resoults
48
[1, 1, 1, 1, 1, 1, 1, 1, 1, 1, 1, 1, 1, 1, 1, 1, 1, 1, 1, 1, 1, 1, 1, 1, 1]
[1, 1, 1, 1, 1, 1, 1, 1, 1, 1, 1, 1, 1, 1, 1, 1, 1, 1, 1, 1, 1, 1, 1, 1, 1]
0.2106
222.36532068252563
Resoults
48
[1, 1, 1, 1, 1, 1, 1, 1, 1, 1, 1, 1, 1, 1, 1, 1, 1, 1, 1, 1, 1, 1, 1, 1, 1]
[1, 1, 1, 1, 1, 1, 1, 1, 1, 1, 1, 1, 1, 1, 1, 1, 1, 1, 1, 1, 1, 1, 1, 1, 1]
0.2106
222.36532068252563
5
Resoults
49
[1, 1, 1, 1, 1, 1, 1, 1, 1, 1, 1, 1, 1, 1, 1, 1, 1, 1, 1, 1, 1, 1, 1, 1, 1]
[1, 1, 1, 1, 1, 1, 1, 1, 1, 1, 1, 1, 1, 1, 1, 1, 1, 1, 1, 1, 1, 1, 1, 1, 1]
0.2154
221.1154260635376
Resoults
49
[1, 1, 1, 1, 1, 1, 1, 1, 1, 1, 1, 1, 1, 1, 1, 1, 1, 1, 1, 1, 1, 1, 1, 1, 1]
[1, 1, 1, 1, 1, 1, 1, 1, 1, 1, 1, 1, 1, 1, 1, 1, 1, 1, 1, 1, 1, 1, 1, 1, 1]
0.2154
221.1154260635376

Experimental details:
    Model     : cnn
    Optimizer : sgd
    Learning  : 0.01
    Global Rounds   : 50

    Federated parameters:
    Non-IID
    Fraction of users  : 0.0
    Local Batch size   : 10
    Local Epochs       : 1

Files already downloaded and verified
Files already downloaded and verified
15
Resoults
0
[1, 1, 1, 1, 1, 1, 1, 1, 1, 1, 1, 1, 1, 1, 1, 1, 1, 1, 1, 1, 1, 1, 1, 1, 1]
[1, 1, 1, 1, 1, 1, 1, 1, 1, 1, 1, 1, 1, 1, 1, 1, 1, 1, 1, 1, 1, 1, 1, 1, 1]
0.1098
181.97607898712158
Resoults
0
[1, 1, 1, 1, 1, 1, 1, 1, 1, 1, 1, 1, 1, 1, 1, 1, 1, 1, 1, 1, 1, 1, 1, 1, 1]
[1, 1, 1, 1, 1, 1, 1, 1, 1, 1, 1, 1, 1, 1, 1, 1, 1, 1, 1, 1, 1, 1, 1, 1, 1]
0.1098
181.97607898712158
1
Resoults
1
[1, 1, 1, 1, 1, 1, 1, 1, 1, 1, 1, 1, 1, 1, 1, 1, 1, 1, 1, 1, 1, 1, 1, 1, 1]
[1, 1, 1, 1, 1, 1, 1, 1, 1, 1, 1, 1, 1, 1, 1, 1, 1, 1, 1, 1, 1, 1, 1, 1, 1]
0.1242
181.9829969406128
Resoults
1
[1, 1, 1, 1, 1, 1, 1, 1, 1, 1, 1, 1, 1, 1, 1, 1, 1, 1, 1, 1, 1, 1, 1, 1, 1]
[1, 1, 1, 1, 1, 1, 1, 1, 1, 1, 1, 1, 1, 1, 1, 1, 1, 1, 1, 1, 1, 1, 1, 1, 1]
0.1242
181.9829969406128
8
Resoults
2
[1, 1, 1, 1, 1, 1, 1, 1, 1, 1, 1, 1, 1, 1, 1, 1, 1, 1, 1, 1, 1, 1, 1, 1, 1]
[1, 1, 1, 1, 1, 1, 1, 1, 1, 1, 1, 1, 1, 1, 1, 1, 1, 1, 1, 1, 1, 1, 1, 1, 1]
0.1311
182.02473783493042
Resoults
2
[1, 1, 1, 1, 1, 1, 1, 1, 1, 1, 1, 1, 1, 1, 1, 1, 1, 1, 1, 1, 1, 1, 1, 1, 1]
[1, 1, 1, 1, 1, 1, 1, 1, 1, 1, 1, 1, 1, 1, 1, 1, 1, 1, 1, 1, 1, 1, 1, 1, 1]
0.1311
182.02473783493042
14
Resoults
3
[1, 1, 1, 1, 1, 1, 1, 1, 1, 1, 1, 1, 1, 1, 1, 1, 1, 1, 1, 1, 1, 1, 1, 1, 1]
[1, 1, 1, 1, 1, 1, 1, 1, 1, 1, 1, 1, 1, 1, 1, 1, 1, 1, 1, 1, 1, 1, 1, 1, 1]
0.1286
182.09729719161987
Resoults
3
[1, 1, 1, 1, 1, 1, 1, 1, 1, 1, 1, 1, 1, 1, 1, 1, 1, 1, 1, 1, 1, 1, 1, 1, 1]
[1, 1, 1, 1, 1, 1, 1, 1, 1, 1, 1, 1, 1, 1, 1, 1, 1, 1, 1, 1, 1, 1, 1, 1, 1]
0.1286
182.09729719161987
22
Resoults
4
[1, 1, 1, 1, 1, 1, 1, 1, 1, 1, 1, 1, 1, 1, 1, 1, 1, 1, 1, 1, 1, 1, 1, 1, 1]
[1, 1, 1, 1, 1, 1, 1, 1, 1, 1, 1, 1, 1, 1, 1, 1, 1, 1, 1, 1, 1, 1, 1, 1, 1]
0.1268
182.19661045074463
Resoults
4
[1, 1, 1, 1, 1, 1, 1, 1, 1, 1, 1, 1, 1, 1, 1, 1, 1, 1, 1, 1, 1, 1, 1, 1, 1]
[1, 1, 1, 1, 1, 1, 1, 1, 1, 1, 1, 1, 1, 1, 1, 1, 1, 1, 1, 1, 1, 1, 1, 1, 1]
0.1268
182.19661045074463
23
Resoults
5
[1, 1, 1, 1, 1, 1, 1, 1, 1, 1, 1, 1, 1, 1, 1, 1, 1, 1, 1, 1, 1, 1, 1, 1, 1]
[1, 1, 1, 1, 1, 1, 1, 1, 1, 1, 1, 1, 1, 1, 1, 1, 1, 1, 1, 1, 1, 1, 1, 1, 1]
0.1225
182.31823897361755
Resoults
5
[1, 1, 1, 1, 1, 1, 1, 1, 1, 1, 1, 1, 1, 1, 1, 1, 1, 1, 1, 1, 1, 1, 1, 1, 1]
[1, 1, 1, 1, 1, 1, 1, 1, 1, 1, 1, 1, 1, 1, 1, 1, 1, 1, 1, 1, 1, 1, 1, 1, 1]
0.1225
182.31823897361755
4
Resoults
6
[1, 1, 1, 1, 1, 1, 1, 1, 1, 1, 1, 1, 1, 1, 1, 1, 1, 1, 1, 1, 1, 1, 1, 1, 1]
[1, 1, 1, 1, 1, 1, 1, 1, 1, 1, 1, 1, 1, 1, 1, 1, 1, 1, 1, 1, 1, 1, 1, 1, 1]
0.1375
182.47154593467712
Resoults
6
[1, 1, 1, 1, 1, 1, 1, 1, 1, 1, 1, 1, 1, 1, 1, 1, 1, 1, 1, 1, 1, 1, 1, 1, 1]
[1, 1, 1, 1, 1, 1, 1, 1, 1, 1, 1, 1, 1, 1, 1, 1, 1, 1, 1, 1, 1, 1, 1, 1, 1]
0.1375
182.47154593467712
8
Resoults
7
[1, 1, 1, 1, 1, 1, 1, 1, 1, 1, 1, 1, 1, 1, 1, 1, 1, 1, 1, 1, 1, 1, 1, 1, 1]
[1, 1, 1, 1, 1, 1, 1, 1, 1, 1, 1, 1, 1, 1, 1, 1, 1, 1, 1, 1, 1, 1, 1, 1, 1]
0.1308
182.68946361541748
Resoults
7
[1, 1, 1, 1, 1, 1, 1, 1, 1, 1, 1, 1, 1, 1, 1, 1, 1, 1, 1, 1, 1, 1, 1, 1, 1]
[1, 1, 1, 1, 1, 1, 1, 1, 1, 1, 1, 1, 1, 1, 1, 1, 1, 1, 1, 1, 1, 1, 1, 1, 1]
0.1308
182.68946361541748
10
Resoults
8
[1, 1, 1, 1, 1, 1, 1, 1, 1, 1, 1, 1, 1, 1, 1, 1, 1, 1, 1, 1, 1, 1, 1, 1, 1]
[1, 1, 1, 1, 1, 1, 1, 1, 1, 1, 1, 1, 1, 1, 1, 1, 1, 1, 1, 1, 1, 1, 1, 1, 1]
0.1177
182.97217917442322
Resoults
8
[1, 1, 1, 1, 1, 1, 1, 1, 1, 1, 1, 1, 1, 1, 1, 1, 1, 1, 1, 1, 1, 1, 1, 1, 1]
[1, 1, 1, 1, 1, 1, 1, 1, 1, 1, 1, 1, 1, 1, 1, 1, 1, 1, 1, 1, 1, 1, 1, 1, 1]
0.1177
182.97217917442322
12
Resoults
9
[1, 1, 1, 1, 1, 1, 1, 1, 1, 1, 1, 1, 1, 1, 1, 1, 1, 1, 1, 1, 1, 1, 1, 1, 1]
[1, 1, 1, 1, 1, 1, 1, 1, 1, 1, 1, 1, 1, 1, 1, 1, 1, 1, 1, 1, 1, 1, 1, 1, 1]
0.1103
183.4133472442627
Resoults
9
[1, 1, 1, 1, 1, 1, 1, 1, 1, 1, 1, 1, 1, 1, 1, 1, 1, 1, 1, 1, 1, 1, 1, 1, 1]
[1, 1, 1, 1, 1, 1, 1, 1, 1, 1, 1, 1, 1, 1, 1, 1, 1, 1, 1, 1, 1, 1, 1, 1, 1]
0.1103
183.4133472442627
22
Resoults
10
[1, 1, 1, 1, 1, 1, 1, 1, 1, 1, 1, 1, 1, 1, 1, 1, 1, 1, 1, 1, 1, 1, 1, 1, 1]
[1, 1, 1, 1, 1, 1, 1, 1, 1, 1, 1, 1, 1, 1, 1, 1, 1, 1, 1, 1, 1, 1, 1, 1, 1]
0.1092
184.07952880859375
Resoults
10
[1, 1, 1, 1, 1, 1, 1, 1, 1, 1, 1, 1, 1, 1, 1, 1, 1, 1, 1, 1, 1, 1, 1, 1, 1]
[1, 1, 1, 1, 1, 1, 1, 1, 1, 1, 1, 1, 1, 1, 1, 1, 1, 1, 1, 1, 1, 1, 1, 1, 1]
0.1092
184.07952880859375
9
Resoults
11
[1, 1, 1, 1, 1, 1, 1, 1, 1, 1, 1, 1, 1, 1, 1, 1, 1, 1, 1, 1, 1, 1, 1, 1, 1]
[1, 1, 1, 1, 1, 1, 1, 1, 1, 1, 1, 1, 1, 1, 1, 1, 1, 1, 1, 1, 1, 1, 1, 1, 1]
0.1066
185.4292151927948
Resoults
11
[1, 1, 1, 1, 1, 1, 1, 1, 1, 1, 1, 1, 1, 1, 1, 1, 1, 1, 1, 1, 1, 1, 1, 1, 1]
[1, 1, 1, 1, 1, 1, 1, 1, 1, 1, 1, 1, 1, 1, 1, 1, 1, 1, 1, 1, 1, 1, 1, 1, 1]
0.1066
185.4292151927948
18
Resoults
12
[1, 1, 1, 1, 1, 1, 1, 1, 1, 1, 1, 1, 1, 1, 1, 1, 1, 1, 1, 1, 1, 1, 1, 1, 1]
[1, 1, 1, 1, 1, 1, 1, 1, 1, 1, 1, 1, 1, 1, 1, 1, 1, 1, 1, 1, 1, 1, 1, 1, 1]
0.1034
187.92272090911865
Resoults
12
[1, 1, 1, 1, 1, 1, 1, 1, 1, 1, 1, 1, 1, 1, 1, 1, 1, 1, 1, 1, 1, 1, 1, 1, 1]
[1, 1, 1, 1, 1, 1, 1, 1, 1, 1, 1, 1, 1, 1, 1, 1, 1, 1, 1, 1, 1, 1, 1, 1, 1]
0.1034
187.92272090911865
4
Resoults
13
[1, 1, 1, 1, 1, 1, 1, 1, 1, 1, 1, 1, 1, 1, 1, 1, 1, 1, 1, 1, 1, 1, 1, 1, 1]
[1, 1, 1, 1, 1, 1, 1, 1, 1, 1, 1, 1, 1, 1, 1, 1, 1, 1, 1, 1, 1, 1, 1, 1, 1]
0.1053
190.98766684532166
Resoults
13
[1, 1, 1, 1, 1, 1, 1, 1, 1, 1, 1, 1, 1, 1, 1, 1, 1, 1, 1, 1, 1, 1, 1, 1, 1]
[1, 1, 1, 1, 1, 1, 1, 1, 1, 1, 1, 1, 1, 1, 1, 1, 1, 1, 1, 1, 1, 1, 1, 1, 1]
0.1053
190.98766684532166
22
Resoults
14
[1, 1, 1, 1, 1, 1, 1, 1, 1, 1, 1, 1, 1, 1, 1, 1, 1, 1, 1, 1, 1, 1, 1, 1, 1]
[1, 1, 1, 1, 1, 1, 1, 1, 1, 1, 1, 1, 1, 1, 1, 1, 1, 1, 1, 1, 1, 1, 1, 1, 1]
0.1117
193.30805253982544
Resoults
14
[1, 1, 1, 1, 1, 1, 1, 1, 1, 1, 1, 1, 1, 1, 1, 1, 1, 1, 1, 1, 1, 1, 1, 1, 1]
[1, 1, 1, 1, 1, 1, 1, 1, 1, 1, 1, 1, 1, 1, 1, 1, 1, 1, 1, 1, 1, 1, 1, 1, 1]
0.1117
193.30805253982544
9
Resoults
15
[1, 1, 1, 1, 1, 1, 1, 1, 1, 1, 1, 1, 1, 1, 1, 1, 1, 1, 1, 1, 1, 1, 1, 1, 1]
[1, 1, 1, 1, 1, 1, 1, 1, 1, 1, 1, 1, 1, 1, 1, 1, 1, 1, 1, 1, 1, 1, 1, 1, 1]
0.1124
198.28960371017456
Resoults
15
[1, 1, 1, 1, 1, 1, 1, 1, 1, 1, 1, 1, 1, 1, 1, 1, 1, 1, 1, 1, 1, 1, 1, 1, 1]
[1, 1, 1, 1, 1, 1, 1, 1, 1, 1, 1, 1, 1, 1, 1, 1, 1, 1, 1, 1, 1, 1, 1, 1, 1]
0.1124
198.28960371017456
10
Resoults
16
[1, 1, 1, 1, 1, 1, 1, 1, 1, 1, 1, 1, 1, 1, 1, 1, 1, 1, 1, 1, 1, 1, 1, 1, 1]
[1, 1, 1, 1, 1, 1, 1, 1, 1, 1, 1, 1, 1, 1, 1, 1, 1, 1, 1, 1, 1, 1, 1, 1, 1]
0.1125
201.28925466537476
Resoults
16
[1, 1, 1, 1, 1, 1, 1, 1, 1, 1, 1, 1, 1, 1, 1, 1, 1, 1, 1, 1, 1, 1, 1, 1, 1]
[1, 1, 1, 1, 1, 1, 1, 1, 1, 1, 1, 1, 1, 1, 1, 1, 1, 1, 1, 1, 1, 1, 1, 1, 1]
0.1125
201.28925466537476
5
Resoults
17
[1, 1, 1, 1, 1, 1, 1, 1, 1, 1, 1, 1, 1, 1, 1, 1, 1, 1, 1, 1, 1, 1, 1, 1, 1]
[1, 1, 1, 1, 1, 1, 1, 1, 1, 1, 1, 1, 1, 1, 1, 1, 1, 1, 1, 1, 1, 1, 1, 1, 1]
0.1587
201.87133049964905
Resoults
17
[1, 1, 1, 1, 1, 1, 1, 1, 1, 1, 1, 1, 1, 1, 1, 1, 1, 1, 1, 1, 1, 1, 1, 1, 1]
[1, 1, 1, 1, 1, 1, 1, 1, 1, 1, 1, 1, 1, 1, 1, 1, 1, 1, 1, 1, 1, 1, 1, 1, 1]
0.1587
201.87133049964905
1
Resoults
18
[1, 1, 1, 1, 1, 1, 1, 1, 1, 1, 1, 1, 1, 1, 1, 1, 1, 1, 1, 1, 1, 1, 1, 1, 1]
[1, 1, 1, 1, 1, 1, 1, 1, 1, 1, 1, 1, 1, 1, 1, 1, 1, 1, 1, 1, 1, 1, 1, 1, 1]
0.1659
204.15244388580322
Resoults
18
[1, 1, 1, 1, 1, 1, 1, 1, 1, 1, 1, 1, 1, 1, 1, 1, 1, 1, 1, 1, 1, 1, 1, 1, 1]
[1, 1, 1, 1, 1, 1, 1, 1, 1, 1, 1, 1, 1, 1, 1, 1, 1, 1, 1, 1, 1, 1, 1, 1, 1]
0.1659
204.15244388580322
16
Resoults
19
[1, 1, 1, 1, 1, 1, 1, 1, 1, 1, 1, 1, 1, 1, 1, 1, 1, 1, 1, 1, 1, 1, 1, 1, 1]
[1, 1, 1, 1, 1, 1, 1, 1, 1, 1, 1, 1, 1, 1, 1, 1, 1, 1, 1, 1, 1, 1, 1, 1, 1]
0.1546
210.04349327087402
Resoults
19
[1, 1, 1, 1, 1, 1, 1, 1, 1, 1, 1, 1, 1, 1, 1, 1, 1, 1, 1, 1, 1, 1, 1, 1, 1]
[1, 1, 1, 1, 1, 1, 1, 1, 1, 1, 1, 1, 1, 1, 1, 1, 1, 1, 1, 1, 1, 1, 1, 1, 1]
0.1546
210.04349327087402
17
Resoults
20
[1, 1, 1, 1, 1, 1, 1, 1, 1, 1, 1, 1, 1, 1, 1, 1, 1, 1, 1, 1, 1, 1, 1, 1, 1]
[1, 1, 1, 1, 1, 1, 1, 1, 1, 1, 1, 1, 1, 1, 1, 1, 1, 1, 1, 1, 1, 1, 1, 1, 1]
0.1664
210.41730880737305
Resoults
20
[1, 1, 1, 1, 1, 1, 1, 1, 1, 1, 1, 1, 1, 1, 1, 1, 1, 1, 1, 1, 1, 1, 1, 1, 1]
[1, 1, 1, 1, 1, 1, 1, 1, 1, 1, 1, 1, 1, 1, 1, 1, 1, 1, 1, 1, 1, 1, 1, 1, 1]
0.1664
210.41730880737305
21
Resoults
21
[1, 1, 1, 1, 1, 1, 1, 1, 1, 1, 1, 1, 1, 1, 1, 1, 1, 1, 1, 1, 1, 1, 1, 1, 1]
[1, 1, 1, 1, 1, 1, 1, 1, 1, 1, 1, 1, 1, 1, 1, 1, 1, 1, 1, 1, 1, 1, 1, 1, 1]
0.1998
211.25947189331055
Resoults
21
[1, 1, 1, 1, 1, 1, 1, 1, 1, 1, 1, 1, 1, 1, 1, 1, 1, 1, 1, 1, 1, 1, 1, 1, 1]
[1, 1, 1, 1, 1, 1, 1, 1, 1, 1, 1, 1, 1, 1, 1, 1, 1, 1, 1, 1, 1, 1, 1, 1, 1]
0.1998
211.25947189331055
18
Resoults
22
[1, 1, 1, 1, 1, 1, 1, 1, 1, 1, 1, 1, 1, 1, 1, 1, 1, 1, 1, 1, 1, 1, 1, 1, 1]
[1, 1, 1, 1, 1, 1, 1, 1, 1, 1, 1, 1, 1, 1, 1, 1, 1, 1, 1, 1, 1, 1, 1, 1, 1]
0.183
219.8198001384735
Resoults
22
[1, 1, 1, 1, 1, 1, 1, 1, 1, 1, 1, 1, 1, 1, 1, 1, 1, 1, 1, 1, 1, 1, 1, 1, 1]
[1, 1, 1, 1, 1, 1, 1, 1, 1, 1, 1, 1, 1, 1, 1, 1, 1, 1, 1, 1, 1, 1, 1, 1, 1]
0.183
219.8198001384735
21
Resoults
23
[1, 1, 1, 1, 1, 1, 1, 1, 1, 1, 1, 1, 1, 1, 1, 1, 1, 1, 1, 1, 1, 1, 1, 1, 1]
[1, 1, 1, 1, 1, 1, 1, 1, 1, 1, 1, 1, 1, 1, 1, 1, 1, 1, 1, 1, 1, 1, 1, 1, 1]
0.1927
219.8324329853058
Resoults
23
[1, 1, 1, 1, 1, 1, 1, 1, 1, 1, 1, 1, 1, 1, 1, 1, 1, 1, 1, 1, 1, 1, 1, 1, 1]
[1, 1, 1, 1, 1, 1, 1, 1, 1, 1, 1, 1, 1, 1, 1, 1, 1, 1, 1, 1, 1, 1, 1, 1, 1]
0.1927
219.8324329853058
13
Resoults
24
[1, 1, 1, 1, 1, 1, 1, 1, 1, 1, 1, 1, 1, 1, 1, 1, 1, 1, 1, 1, 1, 1, 1, 1, 1]
[1, 1, 1, 1, 1, 1, 1, 1, 1, 1, 1, 1, 1, 1, 1, 1, 1, 1, 1, 1, 1, 1, 1, 1, 1]
0.1842
228.63088011741638
Resoults
24
[1, 1, 1, 1, 1, 1, 1, 1, 1, 1, 1, 1, 1, 1, 1, 1, 1, 1, 1, 1, 1, 1, 1, 1, 1]
[1, 1, 1, 1, 1, 1, 1, 1, 1, 1, 1, 1, 1, 1, 1, 1, 1, 1, 1, 1, 1, 1, 1, 1, 1]
0.1842
228.63088011741638
2
Resoults
25
[1, 1, 1, 1, 1, 1, 1, 1, 1, 1, 1, 1, 1, 1, 1, 1, 1, 1, 1, 1, 1, 1, 1, 1, 1]
[1, 1, 1, 1, 1, 1, 1, 1, 1, 1, 1, 1, 1, 1, 1, 1, 1, 1, 1, 1, 1, 1, 1, 1, 1]
0.2075
229.8185842037201
Resoults
25
[1, 1, 1, 1, 1, 1, 1, 1, 1, 1, 1, 1, 1, 1, 1, 1, 1, 1, 1, 1, 1, 1, 1, 1, 1]
[1, 1, 1, 1, 1, 1, 1, 1, 1, 1, 1, 1, 1, 1, 1, 1, 1, 1, 1, 1, 1, 1, 1, 1, 1]
0.2075
229.8185842037201
10
Resoults
26
[1, 1, 1, 1, 1, 1, 1, 1, 1, 1, 1, 1, 1, 1, 1, 1, 1, 1, 1, 1, 1, 1, 1, 1, 1]
[1, 1, 1, 1, 1, 1, 1, 1, 1, 1, 1, 1, 1, 1, 1, 1, 1, 1, 1, 1, 1, 1, 1, 1, 1]
0.2063
233.6225299835205
Resoults
26
[1, 1, 1, 1, 1, 1, 1, 1, 1, 1, 1, 1, 1, 1, 1, 1, 1, 1, 1, 1, 1, 1, 1, 1, 1]
[1, 1, 1, 1, 1, 1, 1, 1, 1, 1, 1, 1, 1, 1, 1, 1, 1, 1, 1, 1, 1, 1, 1, 1, 1]
0.2063
233.6225299835205
6
Resoults
27
[1, 1, 1, 1, 1, 1, 1, 1, 1, 1, 1, 1, 1, 1, 1, 1, 1, 1, 1, 1, 1, 1, 1, 1, 1]
[1, 1, 1, 1, 1, 1, 1, 1, 1, 1, 1, 1, 1, 1, 1, 1, 1, 1, 1, 1, 1, 1, 1, 1, 1]
0.228
231.36550331115723
Resoults
27
[1, 1, 1, 1, 1, 1, 1, 1, 1, 1, 1, 1, 1, 1, 1, 1, 1, 1, 1, 1, 1, 1, 1, 1, 1]
[1, 1, 1, 1, 1, 1, 1, 1, 1, 1, 1, 1, 1, 1, 1, 1, 1, 1, 1, 1, 1, 1, 1, 1, 1]
0.228
231.36550331115723
23
Resoults
28
[1, 1, 1, 1, 1, 1, 1, 1, 1, 1, 1, 1, 1, 1, 1, 1, 1, 1, 1, 1, 1, 1, 1, 1, 1]
[1, 1, 1, 1, 1, 1, 1, 1, 1, 1, 1, 1, 1, 1, 1, 1, 1, 1, 1, 1, 1, 1, 1, 1, 1]
0.193
242.35864996910095
Resoults
28
[1, 1, 1, 1, 1, 1, 1, 1, 1, 1, 1, 1, 1, 1, 1, 1, 1, 1, 1, 1, 1, 1, 1, 1, 1]
[1, 1, 1, 1, 1, 1, 1, 1, 1, 1, 1, 1, 1, 1, 1, 1, 1, 1, 1, 1, 1, 1, 1, 1, 1]
0.193
242.35864996910095
18
Resoults
29
[1, 1, 1, 1, 1, 1, 1, 1, 1, 1, 1, 1, 1, 1, 1, 1, 1, 1, 1, 1, 1, 1, 1, 1, 1]
[1, 1, 1, 1, 1, 1, 1, 1, 1, 1, 1, 1, 1, 1, 1, 1, 1, 1, 1, 1, 1, 1, 1, 1, 1]
0.2176
239.0058491230011
Resoults
29
[1, 1, 1, 1, 1, 1, 1, 1, 1, 1, 1, 1, 1, 1, 1, 1, 1, 1, 1, 1, 1, 1, 1, 1, 1]
[1, 1, 1, 1, 1, 1, 1, 1, 1, 1, 1, 1, 1, 1, 1, 1, 1, 1, 1, 1, 1, 1, 1, 1, 1]
0.2176
239.0058491230011
17
Resoults
30
[1, 1, 1, 1, 1, 1, 1, 1, 1, 1, 1, 1, 1, 1, 1, 1, 1, 1, 1, 1, 1, 1, 1, 1, 1]
[1, 1, 1, 1, 1, 1, 1, 1, 1, 1, 1, 1, 1, 1, 1, 1, 1, 1, 1, 1, 1, 1, 1, 1, 1]
0.2237
241.1795196533203
Resoults
30
[1, 1, 1, 1, 1, 1, 1, 1, 1, 1, 1, 1, 1, 1, 1, 1, 1, 1, 1, 1, 1, 1, 1, 1, 1]
[1, 1, 1, 1, 1, 1, 1, 1, 1, 1, 1, 1, 1, 1, 1, 1, 1, 1, 1, 1, 1, 1, 1, 1, 1]
0.2237
241.1795196533203
24
Resoults
31
[1, 1, 1, 1, 1, 1, 1, 1, 1, 1, 1, 1, 1, 1, 1, 1, 1, 1, 1, 1, 1, 1, 1, 1, 1]
[1, 1, 1, 1, 1, 1, 1, 1, 1, 1, 1, 1, 1, 1, 1, 1, 1, 1, 1, 1, 1, 1, 1, 1, 1]
0.22
235.55143427848816
Resoults
31
[1, 1, 1, 1, 1, 1, 1, 1, 1, 1, 1, 1, 1, 1, 1, 1, 1, 1, 1, 1, 1, 1, 1, 1, 1]
[1, 1, 1, 1, 1, 1, 1, 1, 1, 1, 1, 1, 1, 1, 1, 1, 1, 1, 1, 1, 1, 1, 1, 1, 1]
0.22
235.55143427848816
17
Resoults
32
[1, 1, 1, 1, 1, 1, 1, 1, 1, 1, 1, 1, 1, 1, 1, 1, 1, 1, 1, 1, 1, 1, 1, 1, 1]
[1, 1, 1, 1, 1, 1, 1, 1, 1, 1, 1, 1, 1, 1, 1, 1, 1, 1, 1, 1, 1, 1, 1, 1, 1]
0.2378
232.14823842048645
Resoults
32
[1, 1, 1, 1, 1, 1, 1, 1, 1, 1, 1, 1, 1, 1, 1, 1, 1, 1, 1, 1, 1, 1, 1, 1, 1]
[1, 1, 1, 1, 1, 1, 1, 1, 1, 1, 1, 1, 1, 1, 1, 1, 1, 1, 1, 1, 1, 1, 1, 1, 1]
0.2378
232.14823842048645
5
Resoults
33
[1, 1, 1, 1, 1, 1, 1, 1, 1, 1, 1, 1, 1, 1, 1, 1, 1, 1, 1, 1, 1, 1, 1, 1, 1]
[1, 1, 1, 1, 1, 1, 1, 1, 1, 1, 1, 1, 1, 1, 1, 1, 1, 1, 1, 1, 1, 1, 1, 1, 1]
0.2411
241.2214002609253
Resoults
33
[1, 1, 1, 1, 1, 1, 1, 1, 1, 1, 1, 1, 1, 1, 1, 1, 1, 1, 1, 1, 1, 1, 1, 1, 1]
[1, 1, 1, 1, 1, 1, 1, 1, 1, 1, 1, 1, 1, 1, 1, 1, 1, 1, 1, 1, 1, 1, 1, 1, 1]
0.2411
241.2214002609253
2
Resoults
34
[1, 1, 1, 1, 1, 1, 1, 1, 1, 1, 1, 1, 1, 1, 1, 1, 1, 1, 1, 1, 1, 1, 1, 1, 1]
[1, 1, 1, 1, 1, 1, 1, 1, 1, 1, 1, 1, 1, 1, 1, 1, 1, 1, 1, 1, 1, 1, 1, 1, 1]
0.2331
245.1424400806427
Resoults
34
[1, 1, 1, 1, 1, 1, 1, 1, 1, 1, 1, 1, 1, 1, 1, 1, 1, 1, 1, 1, 1, 1, 1, 1, 1]
[1, 1, 1, 1, 1, 1, 1, 1, 1, 1, 1, 1, 1, 1, 1, 1, 1, 1, 1, 1, 1, 1, 1, 1, 1]
0.2331
245.1424400806427
10
Resoults
35
[1, 1, 1, 1, 1, 1, 1, 1, 1, 1, 1, 1, 1, 1, 1, 1, 1, 1, 1, 1, 1, 1, 1, 1, 1]
[1, 1, 1, 1, 1, 1, 1, 1, 1, 1, 1, 1, 1, 1, 1, 1, 1, 1, 1, 1, 1, 1, 1, 1, 1]
0.243
241.20687556266785
Resoults
35
[1, 1, 1, 1, 1, 1, 1, 1, 1, 1, 1, 1, 1, 1, 1, 1, 1, 1, 1, 1, 1, 1, 1, 1, 1]
[1, 1, 1, 1, 1, 1, 1, 1, 1, 1, 1, 1, 1, 1, 1, 1, 1, 1, 1, 1, 1, 1, 1, 1, 1]
0.243
241.20687556266785
6
Resoults
36
[1, 1, 1, 1, 1, 1, 1, 1, 1, 1, 1, 1, 1, 1, 1, 1, 1, 1, 1, 1, 1, 1, 1, 1, 1]
[1, 1, 1, 1, 1, 1, 1, 1, 1, 1, 1, 1, 1, 1, 1, 1, 1, 1, 1, 1, 1, 1, 1, 1, 1]
0.2363
240.82777404785156
Resoults
36
[1, 1, 1, 1, 1, 1, 1, 1, 1, 1, 1, 1, 1, 1, 1, 1, 1, 1, 1, 1, 1, 1, 1, 1, 1]
[1, 1, 1, 1, 1, 1, 1, 1, 1, 1, 1, 1, 1, 1, 1, 1, 1, 1, 1, 1, 1, 1, 1, 1, 1]
0.2363
240.82777404785156
1
Resoults
37
[1, 1, 1, 1, 1, 1, 1, 1, 1, 1, 1, 1, 1, 1, 1, 1, 1, 1, 1, 1, 1, 1, 1, 1, 1]
[1, 1, 1, 1, 1, 1, 1, 1, 1, 1, 1, 1, 1, 1, 1, 1, 1, 1, 1, 1, 1, 1, 1, 1, 1]
0.2392
231.57428169250488
Resoults
37
[1, 1, 1, 1, 1, 1, 1, 1, 1, 1, 1, 1, 1, 1, 1, 1, 1, 1, 1, 1, 1, 1, 1, 1, 1]
[1, 1, 1, 1, 1, 1, 1, 1, 1, 1, 1, 1, 1, 1, 1, 1, 1, 1, 1, 1, 1, 1, 1, 1, 1]
0.2392
231.57428169250488
24
Resoults
38
[1, 1, 1, 1, 1, 1, 1, 1, 1, 1, 1, 1, 1, 1, 1, 1, 1, 1, 1, 1, 1, 1, 1, 1, 1]
[1, 1, 1, 1, 1, 1, 1, 1, 1, 1, 1, 1, 1, 1, 1, 1, 1, 1, 1, 1, 1, 1, 1, 1, 1]
0.2325
232.34753584861755
Resoults
38
[1, 1, 1, 1, 1, 1, 1, 1, 1, 1, 1, 1, 1, 1, 1, 1, 1, 1, 1, 1, 1, 1, 1, 1, 1]
[1, 1, 1, 1, 1, 1, 1, 1, 1, 1, 1, 1, 1, 1, 1, 1, 1, 1, 1, 1, 1, 1, 1, 1, 1]
0.2325
232.34753584861755
7
Resoults
39
[1, 1, 1, 1, 1, 1, 1, 1, 1, 1, 1, 1, 1, 1, 1, 1, 1, 1, 1, 1, 1, 1, 1, 1, 1]
[1, 1, 1, 1, 1, 1, 1, 1, 1, 1, 1, 1, 1, 1, 1, 1, 1, 1, 1, 1, 1, 1, 1, 1, 1]
0.2611
235.19725108146667
Resoults
39
[1, 1, 1, 1, 1, 1, 1, 1, 1, 1, 1, 1, 1, 1, 1, 1, 1, 1, 1, 1, 1, 1, 1, 1, 1]
[1, 1, 1, 1, 1, 1, 1, 1, 1, 1, 1, 1, 1, 1, 1, 1, 1, 1, 1, 1, 1, 1, 1, 1, 1]
0.2611
235.19725108146667
4
Resoults
40
[1, 1, 1, 1, 1, 1, 1, 1, 1, 1, 1, 1, 1, 1, 1, 1, 1, 1, 1, 1, 1, 1, 1, 1, 1]
[1, 1, 1, 1, 1, 1, 1, 1, 1, 1, 1, 1, 1, 1, 1, 1, 1, 1, 1, 1, 1, 1, 1, 1, 1]
0.2383
239.2062964439392
Resoults
40
[1, 1, 1, 1, 1, 1, 1, 1, 1, 1, 1, 1, 1, 1, 1, 1, 1, 1, 1, 1, 1, 1, 1, 1, 1]
[1, 1, 1, 1, 1, 1, 1, 1, 1, 1, 1, 1, 1, 1, 1, 1, 1, 1, 1, 1, 1, 1, 1, 1, 1]
0.2383
239.2062964439392
22
Resoults
41
[1, 1, 1, 1, 1, 1, 1, 1, 1, 1, 1, 1, 1, 1, 1, 1, 1, 1, 1, 1, 1, 1, 1, 1, 1]
[1, 1, 1, 1, 1, 1, 1, 1, 1, 1, 1, 1, 1, 1, 1, 1, 1, 1, 1, 1, 1, 1, 1, 1, 1]
0.2601
233.75392651557922
Resoults
41
[1, 1, 1, 1, 1, 1, 1, 1, 1, 1, 1, 1, 1, 1, 1, 1, 1, 1, 1, 1, 1, 1, 1, 1, 1]
[1, 1, 1, 1, 1, 1, 1, 1, 1, 1, 1, 1, 1, 1, 1, 1, 1, 1, 1, 1, 1, 1, 1, 1, 1]
0.2601
233.75392651557922
17
Resoults
42
[1, 1, 1, 1, 1, 1, 1, 1, 1, 1, 1, 1, 1, 1, 1, 1, 1, 1, 1, 1, 1, 1, 1, 1, 1]
[1, 1, 1, 1, 1, 1, 1, 1, 1, 1, 1, 1, 1, 1, 1, 1, 1, 1, 1, 1, 1, 1, 1, 1, 1]
0.2502
233.8482141494751
Resoults
42
[1, 1, 1, 1, 1, 1, 1, 1, 1, 1, 1, 1, 1, 1, 1, 1, 1, 1, 1, 1, 1, 1, 1, 1, 1]
[1, 1, 1, 1, 1, 1, 1, 1, 1, 1, 1, 1, 1, 1, 1, 1, 1, 1, 1, 1, 1, 1, 1, 1, 1]
0.2502
233.8482141494751
9
Resoults
43
[1, 1, 1, 1, 1, 1, 1, 1, 1, 1, 1, 1, 1, 1, 1, 1, 1, 1, 1, 1, 1, 1, 1, 1, 1]
[1, 1, 1, 1, 1, 1, 1, 1, 1, 1, 1, 1, 1, 1, 1, 1, 1, 1, 1, 1, 1, 1, 1, 1, 1]
0.24
236.3115258216858
Resoults
43
[1, 1, 1, 1, 1, 1, 1, 1, 1, 1, 1, 1, 1, 1, 1, 1, 1, 1, 1, 1, 1, 1, 1, 1, 1]
[1, 1, 1, 1, 1, 1, 1, 1, 1, 1, 1, 1, 1, 1, 1, 1, 1, 1, 1, 1, 1, 1, 1, 1, 1]
0.24
236.3115258216858
24
Resoults
44
[1, 1, 1, 1, 1, 1, 1, 1, 1, 1, 1, 1, 1, 1, 1, 1, 1, 1, 1, 1, 1, 1, 1, 1, 1]
[1, 1, 1, 1, 1, 1, 1, 1, 1, 1, 1, 1, 1, 1, 1, 1, 1, 1, 1, 1, 1, 1, 1, 1, 1]
0.2699
231.7574384212494
Resoults
44
[1, 1, 1, 1, 1, 1, 1, 1, 1, 1, 1, 1, 1, 1, 1, 1, 1, 1, 1, 1, 1, 1, 1, 1, 1]
[1, 1, 1, 1, 1, 1, 1, 1, 1, 1, 1, 1, 1, 1, 1, 1, 1, 1, 1, 1, 1, 1, 1, 1, 1]
0.2699
231.7574384212494
16
Resoults
45
[1, 1, 1, 1, 1, 1, 1, 1, 1, 1, 1, 1, 1, 1, 1, 1, 1, 1, 1, 1, 1, 1, 1, 1, 1]
[1, 1, 1, 1, 1, 1, 1, 1, 1, 1, 1, 1, 1, 1, 1, 1, 1, 1, 1, 1, 1, 1, 1, 1, 1]
0.2534
236.44604349136353
Resoults
45
[1, 1, 1, 1, 1, 1, 1, 1, 1, 1, 1, 1, 1, 1, 1, 1, 1, 1, 1, 1, 1, 1, 1, 1, 1]
[1, 1, 1, 1, 1, 1, 1, 1, 1, 1, 1, 1, 1, 1, 1, 1, 1, 1, 1, 1, 1, 1, 1, 1, 1]
0.2534
236.44604349136353
3
Resoults
46
[1, 1, 1, 1, 1, 1, 1, 1, 1, 1, 1, 1, 1, 1, 1, 1, 1, 1, 1, 1, 1, 1, 1, 1, 1]
[1, 1, 1, 1, 1, 1, 1, 1, 1, 1, 1, 1, 1, 1, 1, 1, 1, 1, 1, 1, 1, 1, 1, 1, 1]
0.256
226.52318358421326
Resoults
46
[1, 1, 1, 1, 1, 1, 1, 1, 1, 1, 1, 1, 1, 1, 1, 1, 1, 1, 1, 1, 1, 1, 1, 1, 1]
[1, 1, 1, 1, 1, 1, 1, 1, 1, 1, 1, 1, 1, 1, 1, 1, 1, 1, 1, 1, 1, 1, 1, 1, 1]
0.256
226.52318358421326
19
Resoults
47
[1, 1, 1, 1, 1, 1, 1, 1, 1, 1, 1, 1, 1, 1, 1, 1, 1, 1, 1, 1, 1, 1, 1, 1, 1]
[1, 1, 1, 1, 1, 1, 1, 1, 1, 1, 1, 1, 1, 1, 1, 1, 1, 1, 1, 1, 1, 1, 1, 1, 1]
0.2556
237.60636353492737
Resoults
47
[1, 1, 1, 1, 1, 1, 1, 1, 1, 1, 1, 1, 1, 1, 1, 1, 1, 1, 1, 1, 1, 1, 1, 1, 1]
[1, 1, 1, 1, 1, 1, 1, 1, 1, 1, 1, 1, 1, 1, 1, 1, 1, 1, 1, 1, 1, 1, 1, 1, 1]
0.2556
237.60636353492737
23
Resoults
48
[1, 1, 1, 1, 1, 1, 1, 1, 1, 1, 1, 1, 1, 1, 1, 1, 1, 1, 1, 1, 1, 1, 1, 1, 1]
[1, 1, 1, 1, 1, 1, 1, 1, 1, 1, 1, 1, 1, 1, 1, 1, 1, 1, 1, 1, 1, 1, 1, 1, 1]
0.2425
240.5205590724945
Resoults
48
[1, 1, 1, 1, 1, 1, 1, 1, 1, 1, 1, 1, 1, 1, 1, 1, 1, 1, 1, 1, 1, 1, 1, 1, 1]
[1, 1, 1, 1, 1, 1, 1, 1, 1, 1, 1, 1, 1, 1, 1, 1, 1, 1, 1, 1, 1, 1, 1, 1, 1]
0.2425
240.5205590724945
17
Resoults
49
[1, 1, 1, 1, 1, 1, 1, 1, 1, 1, 1, 1, 1, 1, 1, 1, 1, 1, 1, 1, 1, 1, 1, 1, 1]
[1, 1, 1, 1, 1, 1, 1, 1, 1, 1, 1, 1, 1, 1, 1, 1, 1, 1, 1, 1, 1, 1, 1, 1, 1]
0.2577
234.39768958091736
Resoults
49
[1, 1, 1, 1, 1, 1, 1, 1, 1, 1, 1, 1, 1, 1, 1, 1, 1, 1, 1, 1, 1, 1, 1, 1, 1]
[1, 1, 1, 1, 1, 1, 1, 1, 1, 1, 1, 1, 1, 1, 1, 1, 1, 1, 1, 1, 1, 1, 1, 1, 1]
0.2577
234.39768958091736
