
Experimental details:
    Model     : mlp
    Optimizer : sgd
    Learning  : 0.1
    Global Rounds   : 50

    Federated parameters:
    Non-IID
    Fraction of users  : 0.2
    Local Batch size   : 10
    Local Epochs       : 1

K
Resoults
0
[1, 1, 1, 1, 1]
[1, 1, 1, 1, 1]
0.4937
-19.95538954436779
UJKOR
K
Resoults
1
[1, 1, 1, 1, 1]
[1, 1, 1, 1, 1]
0.5729
-39.265191435813904
UJKOR
K
Resoults
2
[1, 1, 1, 1, 1]
[1, 1, 1, 1, 1]
0.6146
-45.13141518831253
UJKOR
K
Resoults
3
[1, 1, 1, 1, 1]
[1, 1, 1, 1, 1]
0.6278
-47.37518683075905
UJKOR
K
Resoults
4
[1, 1, 1, 1, 1]
[1, 1, 1, 1, 1]
0.633
-49.015082001686096
UJKOR
K
Resoults
5
[1, 1, 1, 1, 1]
[1, 1, 1, 1, 1]
0.6442
-49.77187359333038
UJKOR
K
Resoults
6
[1, 1, 1, 1, 1]
[1, 1, 1, 1, 1]
0.6793
-52.23698180913925
UJKOR
K
Resoults
7
[1, 1, 1, 1, 1]
[1, 1, 1, 1, 1]
0.6908
-52.76835507154465
UJKOR
K
Resoults
8
[1, 1, 1, 1, 1]
[1, 1, 1, 1, 1]
0.678
-52.25401759147644
UJKOR
K
Resoults
9
[1, 1, 1, 1, 1]
[1, 1, 1, 1, 1]
0.7028
-54.466295659542084
UJKOR
K
Resoults
10
[1, 1, 1, 1, 1]
[1, 1, 1, 1, 1]
0.6864
-53.56020313501358
UJKOR
K
Resoults
11
[1, 1, 1, 1, 1]
[1, 1, 1, 1, 1]
0.6904
-53.56834602355957
UJKOR
K
Resoults
12
[1, 1, 1, 1, 1]
[1, 1, 1, 1, 1]
0.7051
-54.90562814474106
UJKOR
K
Resoults
13
[1, 1, 1, 1, 1]
[1, 1, 1, 1, 1]
0.6963
-54.24166148900986
UJKOR
K
Resoults
14
[1, 1, 1, 1, 1]
[1, 1, 1, 1, 1]
0.7075
-55.103669703006744
UJKOR
K
Resoults
15
[1, 1, 1, 1, 1]
[1, 1, 1, 1, 1]
0.7139
-55.78033936023712
UJKOR
K
Resoults
16
[1, 1, 1, 1, 1]
[1, 1, 1, 1, 1]
0.7021
-54.90279531478882
UJKOR
K
Resoults
17
[1, 1, 1, 1, 1]
[1, 1, 1, 1, 1]
0.7045
-55.26315504312515
UJKOR
K
Resoults
18
[1, 1, 1, 1, 1]
[1, 1, 1, 1, 1]
0.6859
-53.67381817102432
UJKOR
K
Resoults
19
[1, 1, 1, 1, 1]
[1, 1, 1, 1, 1]
0.7215
-56.518186211586
UJKOR
K
Resoults
20
[1, 1, 1, 1, 1]
[1, 1, 1, 1, 1]
0.7166
-56.06209594011307
UJKOR
K
Resoults
21
[1, 1, 1, 1, 1]
[1, 1, 1, 1, 1]
0.7139
-55.9998682141304
UJKOR
K
Resoults
22
[1, 1, 1, 1, 1]
[1, 1, 1, 1, 1]
0.7051
-55.32856887578964
UJKOR
K
Resoults
23
[1, 1, 1, 1, 1]
[1, 1, 1, 1, 1]
0.6771
-53.07676404714584
UJKOR
K
Resoults
24
[1, 1, 1, 1, 1]
[1, 1, 1, 1, 1]
0.7215
-56.6965588927269
UJKOR
K
Resoults
25
[1, 1, 1, 1, 1]
[1, 1, 1, 1, 1]
0.7158
-56.256945848464966
UJKOR
K
Resoults
26
[1, 1, 1, 1, 1]
[1, 1, 1, 1, 1]
0.7216
-56.74847495555878
UJKOR
K
Resoults
27
[1, 1, 1, 1, 1]
[1, 1, 1, 1, 1]
0.7113
-55.74602907896042
UJKOR
K
Resoults
28
[1, 1, 1, 1, 1]
[1, 1, 1, 1, 1]
0.7153
-56.128715217113495
UJKOR
K
Resoults
29
[1, 1, 1, 1, 1]
[1, 1, 1, 1, 1]
0.723
-56.84167391061783
UJKOR
K
Resoults
30
[1, 1, 1, 1, 1]
[1, 1, 1, 1, 1]
0.7181
-56.458266258239746
UJKOR
K
Resoults
31
[1, 1, 1, 1, 1]
[1, 1, 1, 1, 1]
0.7085
-55.79547983407974
UJKOR
K
Resoults
32
[1, 1, 1, 1, 1]
[1, 1, 1, 1, 1]
0.7279
-57.141136050224304
UJKOR
K
Resoults
33
[1, 1, 1, 1, 1]
[1, 1, 1, 1, 1]
0.7259
-57.02563661336899
UJKOR
K
Resoults
34
[1, 1, 1, 1, 1]
[1, 1, 1, 1, 1]
0.719
-56.545035898685455
UJKOR
K
Resoults
35
[1, 1, 1, 1, 1]
[1, 1, 1, 1, 1]
0.7307
-57.59502363204956
UJKOR
K
Resoults
36
[1, 1, 1, 1, 1]
[1, 1, 1, 1, 1]
0.7257
-57.15925109386444
UJKOR
K
Resoults
37
[1, 1, 1, 1, 1]
[1, 1, 1, 1, 1]
0.7223
-57.085170209407806
UJKOR
K
Resoults
38
[1, 1, 1, 1, 1]
[1, 1, 1, 1, 1]
0.7294
-57.49077516794205
UJKOR
K
Resoults
39
[1, 1, 1, 1, 1]
[1, 1, 1, 1, 1]
0.7302
-57.366871654987335
UJKOR
K
Resoults
40
[1, 1, 1, 1, 1]
[1, 1, 1, 1, 1]
0.7256
-57.18727916479111
UJKOR
K
Resoults
41
[1, 1, 1, 1, 1]
[1, 1, 1, 1, 1]
0.7336
-57.65502578020096
UJKOR
K
Resoults
42
[1, 1, 1, 1, 1]
[1, 1, 1, 1, 1]
0.7191
-56.41465413570404
UJKOR
K
Resoults
43
[1, 1, 1, 1, 1]
[1, 1, 1, 1, 1]
0.7333
-57.70488613843918
UJKOR
K
Resoults
44
[1, 1, 1, 1, 1]
[1, 1, 1, 1, 1]
0.7325
-57.60113298892975
UJKOR
K
Resoults
45
[1, 1, 1, 1, 1]
[1, 1, 1, 1, 1]
0.734
-57.72246330976486
UJKOR
K
Resoults
46
[1, 1, 1, 1, 1]
[1, 1, 1, 1, 1]
0.7288
-57.339776039123535
UJKOR
K
Resoults
47
[1, 1, 1, 1, 1]
[1, 1, 1, 1, 1]
0.7323
-57.619039595127106
UJKOR
K
Resoults
48
[1, 1, 1, 1, 1]
[1, 1, 1, 1, 1]
0.7332
-57.71699231863022
UJKOR
K
Resoults
49
[1, 1, 1, 1, 1]
[1, 1, 1, 1, 1]
0.7266
-57.260069847106934
UJKOR
