
Experimental details:
    Model     : cnn
    Optimizer : sgd
    Learning  : 0.01
    Global Rounds   : 50

    Federated parameters:
    Non-IID
    Fraction of users  : 0.0
    Local Batch size   : 10
    Local Epochs       : 1

Files already downloaded and verified
Files already downloaded and verified
1
Resoults
0
[1, 1, 1, 1, 1]
[1, 1, 1, 1, 1]
0.1
181.97997450828552
Resoults
0
[1, 1, 1, 1, 1]
[1, 1, 1, 1, 1]
0.1
181.97997450828552
0
Resoults
1
[1, 1, 1, 1, 1]
[1, 1, 1, 1, 1]
0.1
181.9328577518463
Resoults
1
[1, 1, 1, 1, 1]
[1, 1, 1, 1, 1]
0.1
181.9328577518463
1
Resoults
2
[1, 1, 1, 1, 1]
[1, 1, 1, 1, 1]
0.1
181.9219946861267
Resoults
2
[1, 1, 1, 1, 1]
[1, 1, 1, 1, 1]
0.1
181.9219946861267
3
Resoults
3
[1, 1, 1, 1, 1]
[1, 1, 1, 1, 1]
0.1
181.96535801887512
Resoults
3
[1, 1, 1, 1, 1]
[1, 1, 1, 1, 1]
0.1
181.96535801887512
1
Resoults
4
[1, 1, 1, 1, 1]
[1, 1, 1, 1, 1]
0.1
182.05167722702026
Resoults
4
[1, 1, 1, 1, 1]
[1, 1, 1, 1, 1]
0.1
182.05167722702026
3
Resoults
5
[1, 1, 1, 1, 1]
[1, 1, 1, 1, 1]
0.1
182.22080492973328
Resoults
5
[1, 1, 1, 1, 1]
[1, 1, 1, 1, 1]
0.1
182.22080492973328
4
Resoults
6
[1, 1, 1, 1, 1]
[1, 1, 1, 1, 1]
0.1001
182.53396654129028
Resoults
6
[1, 1, 1, 1, 1]
[1, 1, 1, 1, 1]
0.1001
182.53396654129028
1
Resoults
7
[1, 1, 1, 1, 1]
[1, 1, 1, 1, 1]
0.1009
183.1151783466339
Resoults
7
[1, 1, 1, 1, 1]
[1, 1, 1, 1, 1]
0.1009
183.1151783466339
2
Resoults
8
[1, 1, 1, 1, 1]
[1, 1, 1, 1, 1]
0.1053
184.37597727775574
Resoults
8
[1, 1, 1, 1, 1]
[1, 1, 1, 1, 1]
0.1053
184.37597727775574
3
Resoults
9
[1, 1, 1, 1, 1]
[1, 1, 1, 1, 1]
0.1102
186.78126549720764
Resoults
9
[1, 1, 1, 1, 1]
[1, 1, 1, 1, 1]
0.1102
186.78126549720764
0
Resoults
10
[1, 1, 1, 1, 1]
[1, 1, 1, 1, 1]
0.1046
190.70457983016968
Resoults
10
[1, 1, 1, 1, 1]
[1, 1, 1, 1, 1]
0.1046
190.70457983016968
4
Resoults
11
[1, 1, 1, 1, 1]
[1, 1, 1, 1, 1]
0.1054
195.65715312957764
Resoults
11
[1, 1, 1, 1, 1]
[1, 1, 1, 1, 1]
0.1054
195.65715312957764
3
Resoults
12
[1, 1, 1, 1, 1]
[1, 1, 1, 1, 1]
0.1097
200.61565017700195
Resoults
12
[1, 1, 1, 1, 1]
[1, 1, 1, 1, 1]
0.1097
200.61565017700195
0
Resoults
13
[1, 1, 1, 1, 1]
[1, 1, 1, 1, 1]
0.1223
204.19189047813416
Resoults
13
[1, 1, 1, 1, 1]
[1, 1, 1, 1, 1]
0.1223
204.19189047813416
2
Resoults
14
[1, 1, 1, 1, 1]
[1, 1, 1, 1, 1]
0.1192
207.59867978096008
Resoults
14
[1, 1, 1, 1, 1]
[1, 1, 1, 1, 1]
0.1192
207.59867978096008
0
Resoults
15
[1, 1, 1, 1, 1]
[1, 1, 1, 1, 1]
0.1312
209.52954292297363
Resoults
15
[1, 1, 1, 1, 1]
[1, 1, 1, 1, 1]
0.1312
209.52954292297363
3
Resoults
16
[1, 1, 1, 1, 1]
[1, 1, 1, 1, 1]
0.1504
211.75570106506348
Resoults
16
[1, 1, 1, 1, 1]
[1, 1, 1, 1, 1]
0.1504
211.75570106506348
3
Resoults
17
[1, 1, 1, 1, 1]
[1, 1, 1, 1, 1]
0.1432
216.72564482688904
Resoults
17
[1, 1, 1, 1, 1]
[1, 1, 1, 1, 1]
0.1432
216.72564482688904
0
Resoults
18
[1, 1, 1, 1, 1]
[1, 1, 1, 1, 1]
0.182
215.470290184021
Resoults
18
[1, 1, 1, 1, 1]
[1, 1, 1, 1, 1]
0.182
215.470290184021
2
Resoults
19
[1, 1, 1, 1, 1]
[1, 1, 1, 1, 1]
0.1716
217.75196719169617
Resoults
19
[1, 1, 1, 1, 1]
[1, 1, 1, 1, 1]
0.1716
217.75196719169617
3
Resoults
20
[1, 1, 1, 1, 1]
[1, 1, 1, 1, 1]
0.162
220.05715417861938
Resoults
20
[1, 1, 1, 1, 1]
[1, 1, 1, 1, 1]
0.162
220.05715417861938
0
Resoults
21
[1, 1, 1, 1, 1]
[1, 1, 1, 1, 1]
0.1832
220.46222758293152
Resoults
21
[1, 1, 1, 1, 1]
[1, 1, 1, 1, 1]
0.1832
220.46222758293152
3
Resoults
22
[1, 1, 1, 1, 1]
[1, 1, 1, 1, 1]
0.1798
220.5859181880951
Resoults
22
[1, 1, 1, 1, 1]
[1, 1, 1, 1, 1]
0.1798
220.5859181880951
0
Resoults
23
[1, 1, 1, 1, 1]
[1, 1, 1, 1, 1]
0.185
218.63083457946777
Resoults
23
[1, 1, 1, 1, 1]
[1, 1, 1, 1, 1]
0.185
218.63083457946777
4
Resoults
24
[1, 1, 1, 1, 1]
[1, 1, 1, 1, 1]
0.197
220.0758306980133
Resoults
24
[1, 1, 1, 1, 1]
[1, 1, 1, 1, 1]
0.197
220.0758306980133
3
Resoults
25
[1, 1, 1, 1, 1]
[1, 1, 1, 1, 1]
0.1884
223.81380772590637
Resoults
25
[1, 1, 1, 1, 1]
[1, 1, 1, 1, 1]
0.1884
223.81380772590637
4
Resoults
26
[1, 1, 1, 1, 1]
[1, 1, 1, 1, 1]
0.1791
222.80285358428955
Resoults
26
[1, 1, 1, 1, 1]
[1, 1, 1, 1, 1]
0.1791
222.80285358428955
1
Resoults
27
[1, 1, 1, 1, 1]
[1, 1, 1, 1, 1]
0.1989
208.88237071037292
Resoults
27
[1, 1, 1, 1, 1]
[1, 1, 1, 1, 1]
0.1989
208.88237071037292
4
Resoults
28
[1, 1, 1, 1, 1]
[1, 1, 1, 1, 1]
0.2108
215.23997330665588
Resoults
28
[1, 1, 1, 1, 1]
[1, 1, 1, 1, 1]
0.2108
215.23997330665588
3
Resoults
29
[1, 1, 1, 1, 1]
[1, 1, 1, 1, 1]
0.2026
224.1627380847931
Resoults
29
[1, 1, 1, 1, 1]
[1, 1, 1, 1, 1]
0.2026
224.1627380847931
1
Resoults
30
[1, 1, 1, 1, 1]
[1, 1, 1, 1, 1]
0.2066
217.73177099227905
Resoults
30
[1, 1, 1, 1, 1]
[1, 1, 1, 1, 1]
0.2066
217.73177099227905
3
Resoults
31
[1, 1, 1, 1, 1]
[1, 1, 1, 1, 1]
0.2229
221.8343596458435
Resoults
31
[1, 1, 1, 1, 1]
[1, 1, 1, 1, 1]
0.2229
221.8343596458435
2
Resoults
32
[1, 1, 1, 1, 1]
[1, 1, 1, 1, 1]
0.2216
218.37318229675293
Resoults
32
[1, 1, 1, 1, 1]
[1, 1, 1, 1, 1]
0.2216
218.37318229675293
2
Resoults
33
[1, 1, 1, 1, 1]
[1, 1, 1, 1, 1]
0.2108
221.08641290664673
Resoults
33
[1, 1, 1, 1, 1]
[1, 1, 1, 1, 1]
0.2108
221.08641290664673
1
Resoults
34
[1, 1, 1, 1, 1]
[1, 1, 1, 1, 1]
0.2314
216.91525793075562
Resoults
34
[1, 1, 1, 1, 1]
[1, 1, 1, 1, 1]
0.2314
216.91525793075562
4
Resoults
35
[1, 1, 1, 1, 1]
[1, 1, 1, 1, 1]
0.2224
216.90081882476807
Resoults
35
[1, 1, 1, 1, 1]
[1, 1, 1, 1, 1]
0.2224
216.90081882476807
1
Resoults
36
[1, 1, 1, 1, 1]
[1, 1, 1, 1, 1]
0.2141
215.04360222816467
Resoults
36
[1, 1, 1, 1, 1]
[1, 1, 1, 1, 1]
0.2141
215.04360222816467
2
Resoults
37
[1, 1, 1, 1, 1]
[1, 1, 1, 1, 1]
0.2269
222.55283069610596
Resoults
37
[1, 1, 1, 1, 1]
[1, 1, 1, 1, 1]
0.2269
222.55283069610596
2
Resoults
38
[1, 1, 1, 1, 1]
[1, 1, 1, 1, 1]
0.2252
226.28431034088135
Resoults
38
[1, 1, 1, 1, 1]
[1, 1, 1, 1, 1]
0.2252
226.28431034088135
3
Resoults
39
[1, 1, 1, 1, 1]
[1, 1, 1, 1, 1]
0.2248
229.16318202018738
Resoults
39
[1, 1, 1, 1, 1]
[1, 1, 1, 1, 1]
0.2248
229.16318202018738
1
Resoults
40
[1, 1, 1, 1, 1]
[1, 1, 1, 1, 1]
0.2292
221.74026942253113
Resoults
40
[1, 1, 1, 1, 1]
[1, 1, 1, 1, 1]
0.2292
221.74026942253113
1
Resoults
41
[1, 1, 1, 1, 1]
[1, 1, 1, 1, 1]
0.2216
225.14315748214722
Resoults
41
[1, 1, 1, 1, 1]
[1, 1, 1, 1, 1]
0.2216
225.14315748214722
2
Resoults
42
[1, 1, 1, 1, 1]
[1, 1, 1, 1, 1]
0.2395
226.3832929134369
Resoults
42
[1, 1, 1, 1, 1]
[1, 1, 1, 1, 1]
0.2395
226.3832929134369
0
Resoults
43
[1, 1, 1, 1, 1]
[1, 1, 1, 1, 1]
0.2364
218.1349983215332
Resoults
43
[1, 1, 1, 1, 1]
[1, 1, 1, 1, 1]
0.2364
218.1349983215332
0
Resoults
44
[1, 1, 1, 1, 1]
[1, 1, 1, 1, 1]
0.2326
217.4685184955597
Resoults
44
[1, 1, 1, 1, 1]
[1, 1, 1, 1, 1]
0.2326
217.4685184955597
0
Resoults
45
[1, 1, 1, 1, 1]
[1, 1, 1, 1, 1]
0.2361
225.79471826553345
Resoults
45
[1, 1, 1, 1, 1]
[1, 1, 1, 1, 1]
0.2361
225.79471826553345
3
Resoults
46
[1, 1, 1, 1, 1]
[1, 1, 1, 1, 1]
0.2347
226.02928972244263
Resoults
46
[1, 1, 1, 1, 1]
[1, 1, 1, 1, 1]
0.2347
226.02928972244263
2
Resoults
47
[1, 1, 1, 1, 1]
[1, 1, 1, 1, 1]
0.2453
230.1159369945526
Resoults
47
[1, 1, 1, 1, 1]
[1, 1, 1, 1, 1]
0.2453
230.1159369945526
0
Resoults
48
[1, 1, 1, 1, 1]
[1, 1, 1, 1, 1]
0.244
228.71486067771912
Resoults
48
[1, 1, 1, 1, 1]
[1, 1, 1, 1, 1]
0.244
228.71486067771912
1
Resoults
49
[1, 1, 1, 1, 1]
[1, 1, 1, 1, 1]
0.2435
221.5482783317566
Resoults
49
[1, 1, 1, 1, 1]
[1, 1, 1, 1, 1]
0.2435
221.5482783317566

Experimental details:
    Model     : cnn
    Optimizer : sgd
    Learning  : 0.01
    Global Rounds   : 50

    Federated parameters:
    Non-IID
    Fraction of users  : 0.0
    Local Batch size   : 10
    Local Epochs       : 1

Files already downloaded and verified
Files already downloaded and verified
2
Resoults
0
[1, 1, 1, 1, 1]
[1, 1, 1, 1, 1]
0.1
181.97400450706482
Resoults
0
[1, 1, 1, 1, 1]
[1, 1, 1, 1, 1]
0.1
181.97400450706482
0
Resoults
1
[1, 1, 1, 1, 1]
[1, 1, 1, 1, 1]
0.1
181.98932790756226
Resoults
1
[1, 1, 1, 1, 1]
[1, 1, 1, 1, 1]
0.1
181.98932790756226
4
Resoults
2
[1, 1, 1, 1, 1]
[1, 1, 1, 1, 1]
0.1
182.0388457775116
Resoults
2
[1, 1, 1, 1, 1]
[1, 1, 1, 1, 1]
0.1
182.0388457775116
2
Resoults
3
[1, 1, 1, 1, 1]
[1, 1, 1, 1, 1]
0.1
182.11591053009033
Resoults
3
[1, 1, 1, 1, 1]
[1, 1, 1, 1, 1]
0.1
182.11591053009033
1
Resoults
4
[1, 1, 1, 1, 1]
[1, 1, 1, 1, 1]
0.1
182.21898698806763
Resoults
4
[1, 1, 1, 1, 1]
[1, 1, 1, 1, 1]
0.1
182.21898698806763
1
Resoults
5
[1, 1, 1, 1, 1]
[1, 1, 1, 1, 1]
0.1
182.34330201148987
Resoults
5
[1, 1, 1, 1, 1]
[1, 1, 1, 1, 1]
0.1
182.34330201148987
1
Resoults
6
[1, 1, 1, 1, 1]
[1, 1, 1, 1, 1]
0.1
182.49196529388428
Resoults
6
[1, 1, 1, 1, 1]
[1, 1, 1, 1, 1]
0.1
182.49196529388428
1
Resoults
7
[1, 1, 1, 1, 1]
[1, 1, 1, 1, 1]
0.1
182.6626217365265
Resoults
7
[1, 1, 1, 1, 1]
[1, 1, 1, 1, 1]
0.1
182.6626217365265
0
Resoults
8
[1, 1, 1, 1, 1]
[1, 1, 1, 1, 1]
0.1005
182.87566876411438
Resoults
8
[1, 1, 1, 1, 1]
[1, 1, 1, 1, 1]
0.1005
182.87566876411438
4
Resoults
9
[1, 1, 1, 1, 1]
[1, 1, 1, 1, 1]
0.1043
183.15153002738953
Resoults
9
[1, 1, 1, 1, 1]
[1, 1, 1, 1, 1]
0.1043
183.15153002738953
4
Resoults
10
[1, 1, 1, 1, 1]
[1, 1, 1, 1, 1]
0.1121
183.50648641586304
Resoults
10
[1, 1, 1, 1, 1]
[1, 1, 1, 1, 1]
0.1121
183.50648641586304
2
Resoults
11
[1, 1, 1, 1, 1]
[1, 1, 1, 1, 1]
0.1137
183.98729157447815
Resoults
11
[1, 1, 1, 1, 1]
[1, 1, 1, 1, 1]
0.1137
183.98729157447815
1
Resoults
12
[1, 1, 1, 1, 1]
[1, 1, 1, 1, 1]
0.1138
184.74727129936218
Resoults
12
[1, 1, 1, 1, 1]
[1, 1, 1, 1, 1]
0.1138
184.74727129936218
1
Resoults
13
[1, 1, 1, 1, 1]
[1, 1, 1, 1, 1]
0.1124
185.89319276809692
Resoults
13
[1, 1, 1, 1, 1]
[1, 1, 1, 1, 1]
0.1124
185.89319276809692
0
Resoults
14
[1, 1, 1, 1, 1]
[1, 1, 1, 1, 1]
0.1066
187.67905640602112
Resoults
14
[1, 1, 1, 1, 1]
[1, 1, 1, 1, 1]
0.1066
187.67905640602112
1
Resoults
15
[1, 1, 1, 1, 1]
[1, 1, 1, 1, 1]
0.111
190.14541602134705
Resoults
15
[1, 1, 1, 1, 1]
[1, 1, 1, 1, 1]
0.111
190.14541602134705
4
Resoults
16
[1, 1, 1, 1, 1]
[1, 1, 1, 1, 1]
0.1066
193.4287085533142
Resoults
16
[1, 1, 1, 1, 1]
[1, 1, 1, 1, 1]
0.1066
193.4287085533142
3
Resoults
17
[1, 1, 1, 1, 1]
[1, 1, 1, 1, 1]
0.111
196.37424182891846
Resoults
17
[1, 1, 1, 1, 1]
[1, 1, 1, 1, 1]
0.111
196.37424182891846
2
Resoults
18
[1, 1, 1, 1, 1]
[1, 1, 1, 1, 1]
0.1015
199.7517077922821
Resoults
18
[1, 1, 1, 1, 1]
[1, 1, 1, 1, 1]
0.1015
199.7517077922821
1
Resoults
19
[1, 1, 1, 1, 1]
[1, 1, 1, 1, 1]
0.1364
201.68079590797424
Resoults
19
[1, 1, 1, 1, 1]
[1, 1, 1, 1, 1]
0.1364
201.68079590797424
0
Resoults
20
[1, 1, 1, 1, 1]
[1, 1, 1, 1, 1]
0.1594
203.85935878753662
Resoults
20
[1, 1, 1, 1, 1]
[1, 1, 1, 1, 1]
0.1594
203.85935878753662
3
Resoults
21
[1, 1, 1, 1, 1]
[1, 1, 1, 1, 1]
0.1575
206.6986391544342
Resoults
21
[1, 1, 1, 1, 1]
[1, 1, 1, 1, 1]
0.1575
206.6986391544342
4
Resoults
22
[1, 1, 1, 1, 1]
[1, 1, 1, 1, 1]
0.1509
208.701185464859
Resoults
22
[1, 1, 1, 1, 1]
[1, 1, 1, 1, 1]
0.1509
208.701185464859
2
Resoults
23
[1, 1, 1, 1, 1]
[1, 1, 1, 1, 1]
0.1395
209.93698573112488
Resoults
23
[1, 1, 1, 1, 1]
[1, 1, 1, 1, 1]
0.1395
209.93698573112488
4
Resoults
24
[1, 1, 1, 1, 1]
[1, 1, 1, 1, 1]
0.1529
210.94959783554077
Resoults
24
[1, 1, 1, 1, 1]
[1, 1, 1, 1, 1]
0.1529
210.94959783554077
1
Resoults
25
[1, 1, 1, 1, 1]
[1, 1, 1, 1, 1]
0.1642
211.13665914535522
Resoults
25
[1, 1, 1, 1, 1]
[1, 1, 1, 1, 1]
0.1642
211.13665914535522
1
Resoults
26
[1, 1, 1, 1, 1]
[1, 1, 1, 1, 1]
0.1781
209.30119967460632
Resoults
26
[1, 1, 1, 1, 1]
[1, 1, 1, 1, 1]
0.1781
209.30119967460632
3
Resoults
27
[1, 1, 1, 1, 1]
[1, 1, 1, 1, 1]
0.1765
216.41223859786987
Resoults
27
[1, 1, 1, 1, 1]
[1, 1, 1, 1, 1]
0.1765
216.41223859786987
4
Resoults
28
[1, 1, 1, 1, 1]
[1, 1, 1, 1, 1]
0.1926
212.32733964920044
Resoults
28
[1, 1, 1, 1, 1]
[1, 1, 1, 1, 1]
0.1926
212.32733964920044
3
Resoults
29
[1, 1, 1, 1, 1]
[1, 1, 1, 1, 1]
0.1855
219.54059720039368
Resoults
29
[1, 1, 1, 1, 1]
[1, 1, 1, 1, 1]
0.1855
219.54059720039368
1
Resoults
30
[1, 1, 1, 1, 1]
[1, 1, 1, 1, 1]
0.1756
216.72508549690247
Resoults
30
[1, 1, 1, 1, 1]
[1, 1, 1, 1, 1]
0.1756
216.72508549690247
4
Resoults
31
[1, 1, 1, 1, 1]
[1, 1, 1, 1, 1]
0.1769
219.25116753578186
Resoults
31
[1, 1, 1, 1, 1]
[1, 1, 1, 1, 1]
0.1769
219.25116753578186
1
Resoults
32
[1, 1, 1, 1, 1]
[1, 1, 1, 1, 1]
0.1977
216.85243701934814
Resoults
32
[1, 1, 1, 1, 1]
[1, 1, 1, 1, 1]
0.1977
216.85243701934814
4
Resoults
33
[1, 1, 1, 1, 1]
[1, 1, 1, 1, 1]
0.2073
217.84708261489868
Resoults
33
[1, 1, 1, 1, 1]
[1, 1, 1, 1, 1]
0.2073
217.84708261489868
4
Resoults
34
[1, 1, 1, 1, 1]
[1, 1, 1, 1, 1]
0.1971
224.1450731754303
Resoults
34
[1, 1, 1, 1, 1]
[1, 1, 1, 1, 1]
0.1971
224.1450731754303
0
Resoults
35
[1, 1, 1, 1, 1]
[1, 1, 1, 1, 1]
0.2219
213.35005617141724
Resoults
35
[1, 1, 1, 1, 1]
[1, 1, 1, 1, 1]
0.2219
213.35005617141724
3
Resoults
36
[1, 1, 1, 1, 1]
[1, 1, 1, 1, 1]
0.2214
214.59944105148315
Resoults
36
[1, 1, 1, 1, 1]
[1, 1, 1, 1, 1]
0.2214
214.59944105148315
4
Resoults
37
[1, 1, 1, 1, 1]
[1, 1, 1, 1, 1]
0.2071
219.26281714439392
Resoults
37
[1, 1, 1, 1, 1]
[1, 1, 1, 1, 1]
0.2071
219.26281714439392
2
Resoults
38
[1, 1, 1, 1, 1]
[1, 1, 1, 1, 1]
0.2033
211.76184916496277
Resoults
38
[1, 1, 1, 1, 1]
[1, 1, 1, 1, 1]
0.2033
211.76184916496277
0
Resoults
39
[1, 1, 1, 1, 1]
[1, 1, 1, 1, 1]
0.23
216.07721090316772
Resoults
39
[1, 1, 1, 1, 1]
[1, 1, 1, 1, 1]
0.23
216.07721090316772
3
Resoults
40
[1, 1, 1, 1, 1]
[1, 1, 1, 1, 1]
0.2164
221.2428560256958
Resoults
40
[1, 1, 1, 1, 1]
[1, 1, 1, 1, 1]
0.2164
221.2428560256958
2
Resoults
41
[1, 1, 1, 1, 1]
[1, 1, 1, 1, 1]
0.2168
218.4840588569641
Resoults
41
[1, 1, 1, 1, 1]
[1, 1, 1, 1, 1]
0.2168
218.4840588569641
2
Resoults
42
[1, 1, 1, 1, 1]
[1, 1, 1, 1, 1]
0.1988
218.6703441143036
Resoults
42
[1, 1, 1, 1, 1]
[1, 1, 1, 1, 1]
0.1988
218.6703441143036
2
Resoults
43
[1, 1, 1, 1, 1]
[1, 1, 1, 1, 1]
0.2163
222.81222105026245
Resoults
43
[1, 1, 1, 1, 1]
[1, 1, 1, 1, 1]
0.2163
222.81222105026245
4
Resoults
44
[1, 1, 1, 1, 1]
[1, 1, 1, 1, 1]
0.2428
216.95628833770752
Resoults
44
[1, 1, 1, 1, 1]
[1, 1, 1, 1, 1]
0.2428
216.95628833770752
2
Resoults
45
[1, 1, 1, 1, 1]
[1, 1, 1, 1, 1]
0.2318
224.8129804134369
Resoults
45
[1, 1, 1, 1, 1]
[1, 1, 1, 1, 1]
0.2318
224.8129804134369
4
Resoults
46
[1, 1, 1, 1, 1]
[1, 1, 1, 1, 1]
0.2287
217.28602409362793
Resoults
46
[1, 1, 1, 1, 1]
[1, 1, 1, 1, 1]
0.2287
217.28602409362793
2
Resoults
47
[1, 1, 1, 1, 1]
[1, 1, 1, 1, 1]
0.2157
225.03005146980286
Resoults
47
[1, 1, 1, 1, 1]
[1, 1, 1, 1, 1]
0.2157
225.03005146980286
1
Resoults
48
[1, 1, 1, 1, 1]
[1, 1, 1, 1, 1]
0.2408
217.2906002998352
Resoults
48
[1, 1, 1, 1, 1]
[1, 1, 1, 1, 1]
0.2408
217.2906002998352
0
Resoults
49
[1, 1, 1, 1, 1]
[1, 1, 1, 1, 1]
0.2484
219.8192801475525
Resoults
49
[1, 1, 1, 1, 1]
[1, 1, 1, 1, 1]
0.2484
219.8192801475525

Experimental details:
    Model     : cnn
    Optimizer : sgd
    Learning  : 0.01
    Global Rounds   : 50

    Federated parameters:
    Non-IID
    Fraction of users  : 0.0
    Local Batch size   : 10
    Local Epochs       : 1

Files already downloaded and verified
Files already downloaded and verified
1
Resoults
0
[1, 1, 1, 1, 1]
[1, 1, 1, 1, 1]
0.0998
182.02278542518616
Resoults
0
[1, 1, 1, 1, 1]
[1, 1, 1, 1, 1]
0.0998
182.02278542518616
3
Resoults
1
[1, 1, 1, 1, 1]
[1, 1, 1, 1, 1]
0.0998
182.0590524673462
Resoults
1
[1, 1, 1, 1, 1]
[1, 1, 1, 1, 1]
0.0998
182.0590524673462
2
Resoults
2
[1, 1, 1, 1, 1]
[1, 1, 1, 1, 1]
0.0969
182.1268606185913
Resoults
2
[1, 1, 1, 1, 1]
[1, 1, 1, 1, 1]
0.0969
182.1268606185913
4
Resoults
3
[1, 1, 1, 1, 1]
[1, 1, 1, 1, 1]
0.0964
182.2118537425995
Resoults
3
[1, 1, 1, 1, 1]
[1, 1, 1, 1, 1]
0.0964
182.2118537425995
2
Resoults
4
[1, 1, 1, 1, 1]
[1, 1, 1, 1, 1]
0.0997
182.31856656074524
Resoults
4
[1, 1, 1, 1, 1]
[1, 1, 1, 1, 1]
0.0997
182.31856656074524
2
Resoults
5
[1, 1, 1, 1, 1]
[1, 1, 1, 1, 1]
0.1086
182.443781375885
Resoults
5
[1, 1, 1, 1, 1]
[1, 1, 1, 1, 1]
0.1086
182.443781375885
4
Resoults
6
[1, 1, 1, 1, 1]
[1, 1, 1, 1, 1]
0.1091
182.58949208259583
Resoults
6
[1, 1, 1, 1, 1]
[1, 1, 1, 1, 1]
0.1091
182.58949208259583
4
Resoults
7
[1, 1, 1, 1, 1]
[1, 1, 1, 1, 1]
0.1024
182.75800800323486
Resoults
7
[1, 1, 1, 1, 1]
[1, 1, 1, 1, 1]
0.1024
182.75800800323486
1
Resoults
8
[1, 1, 1, 1, 1]
[1, 1, 1, 1, 1]
0.1011
182.94720005989075
Resoults
8
[1, 1, 1, 1, 1]
[1, 1, 1, 1, 1]
0.1011
182.94720005989075
1
Resoults
9
[1, 1, 1, 1, 1]
[1, 1, 1, 1, 1]
0.1
183.1635594367981
Resoults
9
[1, 1, 1, 1, 1]
[1, 1, 1, 1, 1]
0.1
183.1635594367981
1
Resoults
10
[1, 1, 1, 1, 1]
[1, 1, 1, 1, 1]
0.1
183.41121792793274
Resoults
10
[1, 1, 1, 1, 1]
[1, 1, 1, 1, 1]
0.1
183.41121792793274
1
Resoults
11
[1, 1, 1, 1, 1]
[1, 1, 1, 1, 1]
0.1
183.69437623023987
Resoults
11
[1, 1, 1, 1, 1]
[1, 1, 1, 1, 1]
0.1
183.69437623023987
0
Resoults
12
[1, 1, 1, 1, 1]
[1, 1, 1, 1, 1]
0.1
184.02869772911072
Resoults
12
[1, 1, 1, 1, 1]
[1, 1, 1, 1, 1]
0.1
184.02869772911072
0
Resoults
13
[1, 1, 1, 1, 1]
[1, 1, 1, 1, 1]
0.1
184.43108201026917
Resoults
13
[1, 1, 1, 1, 1]
[1, 1, 1, 1, 1]
0.1
184.43108201026917
2
Resoults
14
[1, 1, 1, 1, 1]
[1, 1, 1, 1, 1]
0.1001
184.92351245880127
Resoults
14
[1, 1, 1, 1, 1]
[1, 1, 1, 1, 1]
0.1001
184.92351245880127
4
Resoults
15
[1, 1, 1, 1, 1]
[1, 1, 1, 1, 1]
0.1001
185.55291867256165
Resoults
15
[1, 1, 1, 1, 1]
[1, 1, 1, 1, 1]
0.1001
185.55291867256165
4
Resoults
16
[1, 1, 1, 1, 1]
[1, 1, 1, 1, 1]
0.102
186.40693879127502
Resoults
16
[1, 1, 1, 1, 1]
[1, 1, 1, 1, 1]
0.102
186.40693879127502
0
Resoults
17
[1, 1, 1, 1, 1]
[1, 1, 1, 1, 1]
0.102
187.61131620407104
Resoults
17
[1, 1, 1, 1, 1]
[1, 1, 1, 1, 1]
0.102
187.61131620407104
0
Resoults
18
[1, 1, 1, 1, 1]
[1, 1, 1, 1, 1]
0.1216
189.23207664489746
Resoults
18
[1, 1, 1, 1, 1]
[1, 1, 1, 1, 1]
0.1216
189.23207664489746
4
Resoults
19
[1, 1, 1, 1, 1]
[1, 1, 1, 1, 1]
0.1221
191.47310948371887
Resoults
19
[1, 1, 1, 1, 1]
[1, 1, 1, 1, 1]
0.1221
191.47310948371887
4
Resoults
20
[1, 1, 1, 1, 1]
[1, 1, 1, 1, 1]
0.1162
194.46332907676697
Resoults
20
[1, 1, 1, 1, 1]
[1, 1, 1, 1, 1]
0.1162
194.46332907676697
4
Resoults
21
[1, 1, 1, 1, 1]
[1, 1, 1, 1, 1]
0.1171
197.88966012001038
Resoults
21
[1, 1, 1, 1, 1]
[1, 1, 1, 1, 1]
0.1171
197.88966012001038
0
Resoults
22
[1, 1, 1, 1, 1]
[1, 1, 1, 1, 1]
0.1221
201.3154263496399
Resoults
22
[1, 1, 1, 1, 1]
[1, 1, 1, 1, 1]
0.1221
201.3154263496399
1
Resoults
23
[1, 1, 1, 1, 1]
[1, 1, 1, 1, 1]
0.121
204.43764925003052
Resoults
23
[1, 1, 1, 1, 1]
[1, 1, 1, 1, 1]
0.121
204.43764925003052
0
Resoults
24
[1, 1, 1, 1, 1]
[1, 1, 1, 1, 1]
0.1018
207.46166896820068
Resoults
24
[1, 1, 1, 1, 1]
[1, 1, 1, 1, 1]
0.1018
207.46166896820068
3
Resoults
25
[1, 1, 1, 1, 1]
[1, 1, 1, 1, 1]
0.1514
209.65280723571777
Resoults
25
[1, 1, 1, 1, 1]
[1, 1, 1, 1, 1]
0.1514
209.65280723571777
2
Resoults
26
[1, 1, 1, 1, 1]
[1, 1, 1, 1, 1]
0.1022
212.07147598266602
Resoults
26
[1, 1, 1, 1, 1]
[1, 1, 1, 1, 1]
0.1022
212.07147598266602
3
Resoults
27
[1, 1, 1, 1, 1]
[1, 1, 1, 1, 1]
0.117
215.2475311756134
Resoults
27
[1, 1, 1, 1, 1]
[1, 1, 1, 1, 1]
0.117
215.2475311756134
1
Resoults
28
[1, 1, 1, 1, 1]
[1, 1, 1, 1, 1]
0.1249
216.520103931427
Resoults
28
[1, 1, 1, 1, 1]
[1, 1, 1, 1, 1]
0.1249
216.520103931427
4
Resoults
29
[1, 1, 1, 1, 1]
[1, 1, 1, 1, 1]
0.1006
219.10849142074585
Resoults
29
[1, 1, 1, 1, 1]
[1, 1, 1, 1, 1]
0.1006
219.10849142074585
3
Resoults
30
[1, 1, 1, 1, 1]
[1, 1, 1, 1, 1]
0.1399
219.56682443618774
Resoults
30
[1, 1, 1, 1, 1]
[1, 1, 1, 1, 1]
0.1399
219.56682443618774
3
Resoults
31
[1, 1, 1, 1, 1]
[1, 1, 1, 1, 1]
0.1446
222.399973154068
Resoults
31
[1, 1, 1, 1, 1]
[1, 1, 1, 1, 1]
0.1446
222.399973154068
0
Resoults
32
[1, 1, 1, 1, 1]
[1, 1, 1, 1, 1]
0.1607
222.3518648147583
Resoults
32
[1, 1, 1, 1, 1]
[1, 1, 1, 1, 1]
0.1607
222.3518648147583
0
Resoults
33
[1, 1, 1, 1, 1]
[1, 1, 1, 1, 1]
0.1589
222.89785051345825
Resoults
33
[1, 1, 1, 1, 1]
[1, 1, 1, 1, 1]
0.1589
222.89785051345825
1
Resoults
34
[1, 1, 1, 1, 1]
[1, 1, 1, 1, 1]
0.1836
222.42930603027344
Resoults
34
[1, 1, 1, 1, 1]
[1, 1, 1, 1, 1]
0.1836
222.42930603027344
3
Resoults
35
[1, 1, 1, 1, 1]
[1, 1, 1, 1, 1]
0.1964
223.56815695762634
Resoults
35
[1, 1, 1, 1, 1]
[1, 1, 1, 1, 1]
0.1964
223.56815695762634
0
Resoults
36
[1, 1, 1, 1, 1]
[1, 1, 1, 1, 1]
0.1941
223.16488313674927
Resoults
36
[1, 1, 1, 1, 1]
[1, 1, 1, 1, 1]
0.1941
223.16488313674927
2
Resoults
37
[1, 1, 1, 1, 1]
[1, 1, 1, 1, 1]
0.145
225.93955612182617
Resoults
37
[1, 1, 1, 1, 1]
[1, 1, 1, 1, 1]
0.145
225.93955612182617
1
Resoults
38
[1, 1, 1, 1, 1]
[1, 1, 1, 1, 1]
0.1744
223.33323740959167
Resoults
38
[1, 1, 1, 1, 1]
[1, 1, 1, 1, 1]
0.1744
223.33323740959167
1
Resoults
39
[1, 1, 1, 1, 1]
[1, 1, 1, 1, 1]
0.1911
223.06686758995056
Resoults
39
[1, 1, 1, 1, 1]
[1, 1, 1, 1, 1]
0.1911
223.06686758995056
4
Resoults
40
[1, 1, 1, 1, 1]
[1, 1, 1, 1, 1]
0.2065
223.43513584136963
Resoults
40
[1, 1, 1, 1, 1]
[1, 1, 1, 1, 1]
0.2065
223.43513584136963
0
Resoults
41
[1, 1, 1, 1, 1]
[1, 1, 1, 1, 1]
0.1901
222.7173433303833
Resoults
41
[1, 1, 1, 1, 1]
[1, 1, 1, 1, 1]
0.1901
222.7173433303833
1
Resoults
42
[1, 1, 1, 1, 1]
[1, 1, 1, 1, 1]
0.2196
221.82589173316956
Resoults
42
[1, 1, 1, 1, 1]
[1, 1, 1, 1, 1]
0.2196
221.82589173316956
1
Resoults
43
[1, 1, 1, 1, 1]
[1, 1, 1, 1, 1]
0.195
224.76375341415405
Resoults
43
[1, 1, 1, 1, 1]
[1, 1, 1, 1, 1]
0.195
224.76375341415405
2
Resoults
44
[1, 1, 1, 1, 1]
[1, 1, 1, 1, 1]
0.1971
222.49144434928894
Resoults
44
[1, 1, 1, 1, 1]
[1, 1, 1, 1, 1]
0.1971
222.49144434928894
2
Resoults
45
[1, 1, 1, 1, 1]
[1, 1, 1, 1, 1]
0.2112
225.5101375579834
Resoults
45
[1, 1, 1, 1, 1]
[1, 1, 1, 1, 1]
0.2112
225.5101375579834
3
Resoults
46
[1, 1, 1, 1, 1]
[1, 1, 1, 1, 1]
0.2196
228.3415024280548
Resoults
46
[1, 1, 1, 1, 1]
[1, 1, 1, 1, 1]
0.2196
228.3415024280548
2
Resoults
47
[1, 1, 1, 1, 1]
[1, 1, 1, 1, 1]
0.2174
226.9215109348297
Resoults
47
[1, 1, 1, 1, 1]
[1, 1, 1, 1, 1]
0.2174
226.9215109348297
0
Resoults
48
[1, 1, 1, 1, 1]
[1, 1, 1, 1, 1]
0.2104
232.1361699104309
Resoults
48
[1, 1, 1, 1, 1]
[1, 1, 1, 1, 1]
0.2104
232.1361699104309
4
Resoults
49
[1, 1, 1, 1, 1]
[1, 1, 1, 1, 1]
0.2195
225.80133700370789
Resoults
49
[1, 1, 1, 1, 1]
[1, 1, 1, 1, 1]
0.2195
225.80133700370789
 1, 1, 1, 1, 1, 1, 1, 1, 1, 1, 1, 1, 1, 1, 1, 1, 1, 1, 1]
[1, 1, 1, 1, 1, 1, 1, 1, 1, 1, 1, 1, 1, 1, 1, 1, 1, 1, 1, 1, 1, 1, 1, 1, 1]
0.1036
182.52583646774292
Resoults
6
[1, 1, 1, 1, 1, 1, 1, 1, 1, 1, 1, 1, 1, 1, 1, 1, 1, 1, 1, 1, 1, 1, 1, 1, 1]
[1, 1, 1, 1, 1, 1, 1, 1, 1, 1, 1, 1, 1, 1, 1, 1, 1, 1, 1, 1, 1, 1, 1, 1, 1]
0.1036
182.52583646774292
7
Resoults
7
[1, 1, 1, 1, 1, 1, 1, 1, 1, 1, 1, 1, 1, 1, 1, 1, 1, 1, 1, 1, 1, 1, 1, 1, 1]
[1, 1, 1, 1, 1, 1, 1, 1, 1, 1, 1, 1, 1, 1, 1, 1, 1, 1, 1, 1, 1, 1, 1, 1, 1]
0.1077
182.72638845443726
Resoults
7
[1, 1, 1, 1, 1, 1, 1, 1, 1, 1, 1, 1, 1, 1, 1, 1, 1, 1, 1, 1, 1, 1, 1, 1, 1]
[1, 1, 1, 1, 1, 1, 1, 1, 1, 1, 1, 1, 1, 1, 1, 1, 1, 1, 1, 1, 1, 1, 1, 1, 1]
0.1077
182.72638845443726
9
Resoults
8
[1, 1, 1, 1, 1, 1, 1, 1, 1, 1, 1, 1, 1, 1, 1, 1, 1, 1, 1, 1, 1, 1, 1, 1, 1]
[1, 1, 1, 1, 1, 1, 1, 1, 1, 1, 1, 1, 1, 1, 1, 1, 1, 1, 1, 1, 1, 1, 1, 1, 1]
0.1153
182.9738528728485
Resoults
8
[1, 1, 1, 1, 1, 1, 1, 1, 1, 1, 1, 1, 1, 1, 1, 1, 1, 1, 1, 1, 1, 1, 1, 1, 1]
[1, 1, 1, 1, 1, 1, 1, 1, 1, 1, 1, 1, 1, 1, 1, 1, 1, 1, 1, 1, 1, 1, 1, 1, 1]
0.1153
182.9738528728485
1
Resoults
9
[1, 1, 1, 1, 1, 1, 1, 1, 1, 1, 1, 1, 1, 1, 1, 1, 1, 1, 1, 1, 1, 1, 1, 1, 1]
[1, 1, 1, 1, 1, 1, 1, 1, 1, 1, 1, 1, 1, 1, 1, 1, 1, 1, 1, 1, 1, 1, 1, 1, 1]
0.121
183.29138016700745
Resoults
9
[1, 1, 1, 1, 1, 1, 1, 1, 1, 1, 1, 1, 1, 1, 1, 1, 1, 1, 1, 1, 1, 1, 1, 1, 1]
[1, 1, 1, 1, 1, 1, 1, 1, 1, 1, 1, 1, 1, 1, 1, 1, 1, 1, 1, 1, 1, 1, 1, 1, 1]
0.121
183.29138016700745
12
Resoults
10
[1, 1, 1, 1, 1, 1, 1, 1, 1, 1, 1, 1, 1, 1, 1, 1, 1, 1, 1, 1, 1, 1, 1, 1, 1]
[1, 1, 1, 1, 1, 1, 1, 1, 1, 1, 1, 1, 1, 1, 1, 1, 1, 1, 1, 1, 1, 1, 1, 1, 1]
0.1226
183.70739579200745
Resoults
10
[1, 1, 1, 1, 1, 1, 1, 1, 1, 1, 1, 1, 1, 1, 1, 1, 1, 1, 1, 1, 1, 1, 1, 1, 1]
[1, 1, 1, 1, 1, 1, 1, 1, 1, 1, 1, 1, 1, 1, 1, 1, 1, 1, 1, 1, 1, 1, 1, 1, 1]
0.1226
183.70739579200745
1
Resoults
11
[1, 1, 1, 1, 1, 1, 1, 1, 1, 1, 1, 1, 1, 1, 1, 1, 1, 1, 1, 1, 1, 1, 1, 1, 1]
[1, 1, 1, 1, 1, 1, 1, 1, 1, 1, 1, 1, 1, 1, 1, 1, 1, 1, 1, 1, 1, 1, 1, 1, 1]
0.1341
184.27707481384277
Resoults
11
[1, 1, 1, 1, 1, 1, 1, 1, 1, 1, 1, 1, 1, 1, 1, 1, 1, 1, 1, 1, 1, 1, 1, 1, 1]
[1, 1, 1, 1, 1, 1, 1, 1, 1, 1, 1, 1, 1, 1, 1, 1, 1, 1, 1, 1, 1, 1, 1, 1, 1]
0.1341
184.27707481384277
5
Resoults
12
[1, 1, 1, 1, 1, 1, 1, 1, 1, 1, 1, 1, 1, 1, 1, 1, 1, 1, 1, 1, 1, 1, 1, 1, 1]
[1, 1, 1, 1, 1, 1, 1, 1, 1, 1, 1, 1, 1, 1, 1, 1, 1, 1, 1, 1, 1, 1, 1, 1, 1]
0.1411
185.05414986610413
Resoults
12
[1, 1, 1, 1, 1, 1, 1, 1, 1, 1, 1, 1, 1, 1, 1, 1, 1, 1, 1, 1, 1, 1, 1, 1, 1]
[1, 1, 1, 1, 1, 1, 1, 1, 1, 1, 1, 1, 1, 1, 1, 1, 1, 1, 1, 1, 1, 1, 1, 1, 1]
0.1411
185.05414986610413
3
Resoults
13
[1, 1, 1, 1, 1, 1, 1, 1, 1, 1, 1, 1, 1, 1, 1, 1, 1, 1, 1, 1, 1, 1, 1, 1, 1]
[1, 1, 1, 1, 1, 1, 1, 1, 1, 1, 1, 1, 1, 1, 1, 1, 1, 1, 1, 1, 1, 1, 1, 1, 1]
0.1616
186.4171404838562
Resoults
13
[1, 1, 1, 1, 1, 1, 1, 1, 1, 1, 1, 1, 1, 1, 1, 1, 1, 1, 1, 1, 1, 1, 1, 1, 1]
[1, 1, 1, 1, 1, 1, 1, 1, 1, 1, 1, 1, 1, 1, 1, 1, 1, 1, 1, 1, 1, 1, 1, 1, 1]
0.1616
186.4171404838562
10
Resoults
14
[1, 1, 1, 1, 1, 1, 1, 1, 1, 1, 1, 1, 1, 1, 1, 1, 1, 1, 1, 1, 1, 1, 1, 1, 1]
[1, 1, 1, 1, 1, 1, 1, 1, 1, 1, 1, 1, 1, 1, 1, 1, 1, 1, 1, 1, 1, 1, 1, 1, 1]
0.1683
188.32616424560547
Resoults
14
[1, 1, 1, 1, 1, 1, 1, 1, 1, 1, 1, 1, 1, 1, 1, 1, 1, 1, 1, 1, 1, 1, 1, 1, 1]
[1, 1, 1, 1, 1, 1, 1, 1, 1, 1, 1, 1, 1, 1, 1, 1, 1, 1, 1, 1, 1, 1, 1, 1, 1]
0.1683
188.32616424560547
7
Resoults
15
[1, 1, 1, 1, 1, 1, 1, 1, 1, 1, 1, 1, 1, 1, 1, 1, 1, 1, 1, 1, 1, 1, 1, 1, 1]
[1, 1, 1, 1, 1, 1, 1, 1, 1, 1, 1, 1, 1, 1, 1, 1, 1, 1, 1, 1, 1, 1, 1, 1, 1]
0.1498
191.08183121681213
Resoults
15
[1, 1, 1, 1, 1, 1, 1, 1, 1, 1, 1, 1, 1, 1, 1, 1, 1, 1, 1, 1, 1, 1, 1, 1, 1]
[1, 1, 1, 1, 1, 1, 1, 1, 1, 1, 1, 1, 1, 1, 1, 1, 1, 1, 1, 1, 1, 1, 1, 1, 1]
0.1498
191.08183121681213
20
Resoults
16
[1, 1, 1, 1, 1, 1, 1, 1, 1, 1, 1, 1, 1, 1, 1, 1, 1, 1, 1, 1, 1, 1, 1, 1, 1]
[1, 1, 1, 1, 1, 1, 1, 1, 1, 1, 1, 1, 1, 1, 1, 1, 1, 1, 1, 1, 1, 1, 1, 1, 1]
0.1377
194.07439303398132
Resoults
16
[1, 1, 1, 1, 1, 1, 1, 1, 1, 1, 1, 1, 1, 1, 1, 1, 1, 1, 1, 1, 1, 1, 1, 1, 1]
[1, 1, 1, 1, 1, 1, 1, 1, 1, 1, 1, 1, 1, 1, 1, 1, 1, 1, 1, 1, 1, 1, 1, 1, 1]
0.1377
194.07439303398132
18
Resoults
17
[1, 1, 1, 1, 1, 1, 1, 1, 1, 1, 1, 1, 1, 1, 1, 1, 1, 1, 1, 1, 1, 1, 1, 1, 1]
[1, 1, 1, 1, 1, 1, 1, 1, 1, 1, 1, 1, 1, 1, 1, 1, 1, 1, 1, 1, 1, 1, 1, 1, 1]
0.1731
197.4116427898407
Resoults
17
[1, 1, 1, 1, 1, 1, 1, 1, 1, 1, 1, 1, 1, 1, 1, 1, 1, 1, 1, 1, 1, 1, 1, 1, 1]
[1, 1, 1, 1, 1, 1, 1, 1, 1, 1, 1, 1, 1, 1, 1, 1, 1, 1, 1, 1, 1, 1, 1, 1, 1]
0.1731
197.4116427898407
13
Resoults
18
[1, 1, 1, 1, 1, 1, 1, 1, 1, 1, 1, 1, 1, 1, 1, 1, 1, 1, 1, 1, 1, 1, 1, 1, 1]
[1, 1, 1, 1, 1, 1, 1, 1, 1, 1, 1, 1, 1, 1, 1, 1, 1, 1, 1, 1, 1, 1, 1, 1, 1]
0.1603
201.63936233520508
Resoults
18
[1, 1, 1, 1, 1, 1, 1, 1, 1, 1, 1, 1, 1, 1, 1, 1, 1, 1, 1, 1, 1, 1, 1, 1, 1]
[1, 1, 1, 1, 1, 1, 1, 1, 1, 1, 1, 1, 1, 1, 1, 1, 1, 1, 1, 1, 1, 1, 1, 1, 1]
0.1603
201.63936233520508
0
Resoults
19
[1, 1, 1, 1, 1, 1, 1, 1, 1, 1, 1, 1, 1, 1, 1, 1, 1, 1, 1, 1, 1, 1, 1, 1, 1]
[1, 1, 1, 1, 1, 1, 1, 1, 1, 1, 1, 1, 1, 1, 1, 1, 1, 1, 1, 1, 1, 1, 1, 1, 1]
0.1721
204.1431028842926
Resoults
19
[1, 1, 1, 1, 1, 1, 1, 1, 1, 1, 1, 1, 1, 1, 1, 1, 1, 1, 1, 1, 1, 1, 1, 1, 1]
[1, 1, 1, 1, 1, 1, 1, 1, 1, 1, 1, 1, 1, 1, 1, 1, 1, 1, 1, 1, 1, 1, 1, 1, 1]
0.1721
204.1431028842926
10
Resoults
20
[1, 1, 1, 1, 1, 1, 1, 1, 1, 1, 1, 1, 1, 1, 1, 1, 1, 1, 1, 1, 1, 1, 1, 1, 1]
[1, 1, 1, 1, 1, 1, 1, 1, 1, 1, 1, 1, 1, 1, 1, 1, 1, 1, 1, 1, 1, 1, 1, 1, 1]
0.1911
206.58685874938965
Resoults
20
[1, 1, 1, 1, 1, 1, 1, 1, 1, 1, 1, 1, 1, 1, 1, 1, 1, 1, 1, 1, 1, 1, 1, 1, 1]
[1, 1, 1, 1, 1, 1, 1, 1, 1, 1, 1, 1, 1, 1, 1, 1, 1, 1, 1, 1, 1, 1, 1, 1, 1]
0.1911
206.58685874938965
8
Resoults
21
[1, 1, 1, 1, 1, 1, 1, 1, 1, 1, 1, 1, 1, 1, 1, 1, 1, 1, 1, 1, 1, 1, 1, 1, 1]
[1, 1, 1, 1, 1, 1, 1, 1, 1, 1, 1, 1, 1, 1, 1, 1, 1, 1, 1, 1, 1, 1, 1, 1, 1]
0.1947
208.94149446487427
Resoults
21
[1, 1, 1, 1, 1, 1, 1, 1, 1, 1, 1, 1, 1, 1, 1, 1, 1, 1, 1, 1, 1, 1, 1, 1, 1]
[1, 1, 1, 1, 1, 1, 1, 1, 1, 1, 1, 1, 1, 1, 1, 1, 1, 1, 1, 1, 1, 1, 1, 1, 1]
0.1947
208.94149446487427
21
Resoults
22
[1, 1, 1, 1, 1, 1, 1, 1, 1, 1, 1, 1, 1, 1, 1, 1, 1, 1, 1, 1, 1, 1, 1, 1, 1]
[1, 1, 1, 1, 1, 1, 1, 1, 1, 1, 1, 1, 1, 1, 1, 1, 1, 1, 1, 1, 1, 1, 1, 1, 1]
0.1847
212.10264205932617
Resoults
22
[1, 1, 1, 1, 1, 1, 1, 1, 1, 1, 1, 1, 1, 1, 1, 1, 1, 1, 1, 1, 1, 1, 1, 1, 1]
[1, 1, 1, 1, 1, 1, 1, 1, 1, 1, 1, 1, 1, 1, 1, 1, 1, 1, 1, 1, 1, 1, 1, 1, 1]
0.1847
212.10264205932617
21
Resoults
23
[1, 1, 1, 1, 1, 1, 1, 1, 1, 1, 1, 1, 1, 1, 1, 1, 1, 1, 1, 1, 1, 1, 1, 1, 1]
[1, 1, 1, 1, 1, 1, 1, 1, 1, 1, 1, 1, 1, 1, 1, 1, 1, 1, 1, 1, 1, 1, 1, 1, 1]
0.18
213.7949104309082
Resoults
23
[1, 1, 1, 1, 1, 1, 1, 1, 1, 1, 1, 1, 1, 1, 1, 1, 1, 1, 1, 1, 1, 1, 1, 1, 1]
[1, 1, 1, 1, 1, 1, 1, 1, 1, 1, 1, 1, 1, 1, 1, 1, 1, 1, 1, 1, 1, 1, 1, 1, 1]
0.18
213.7949104309082
7
Resoults
24
[1, 1, 1, 1, 1, 1, 1, 1, 1, 1, 1, 1, 1, 1, 1, 1, 1, 1, 1, 1, 1, 1, 1, 1, 1]
[1, 1, 1, 1, 1, 1, 1, 1, 1, 1, 1, 1, 1, 1, 1, 1, 1, 1, 1, 1, 1, 1, 1, 1, 1]
0.1686
216.56690549850464
Resoults
24
[1, 1, 1, 1, 1, 1, 1, 1, 1, 1, 1, 1, 1, 1, 1, 1, 1, 1, 1, 1, 1, 1, 1, 1, 1]
[1, 1, 1, 1, 1, 1, 1, 1, 1, 1, 1, 1, 1, 1, 1, 1, 1, 1, 1, 1, 1, 1, 1, 1, 1]
0.1686
216.56690549850464
7
Resoults
25
[1, 1, 1, 1, 1, 1, 1, 1, 1, 1, 1, 1, 1, 1, 1, 1, 1, 1, 1, 1, 1, 1, 1, 1, 1]
[1, 1, 1, 1, 1, 1, 1, 1, 1, 1, 1, 1, 1, 1, 1, 1, 1, 1, 1, 1, 1, 1, 1, 1, 1]
0.2017
214.51459097862244
Resoults
25
[1, 1, 1, 1, 1, 1, 1, 1, 1, 1, 1, 1, 1, 1, 1, 1, 1, 1, 1, 1, 1, 1, 1, 1, 1]
[1, 1, 1, 1, 1, 1, 1, 1, 1, 1, 1, 1, 1, 1, 1, 1, 1, 1, 1, 1, 1, 1, 1, 1, 1]
0.2017
214.51459097862244
5
Resoults
26
[1, 1, 1, 1, 1, 1, 1, 1, 1, 1, 1, 1, 1, 1, 1, 1, 1, 1, 1, 1, 1, 1, 1, 1, 1]
[1, 1, 1, 1, 1, 1, 1, 1, 1, 1, 1, 1, 1, 1, 1, 1, 1, 1, 1, 1, 1, 1, 1, 1, 1]
0.2105
213.97723412513733
Resoults
26
[1, 1, 1, 1, 1, 1, 1, 1, 1, 1, 1, 1, 1, 1, 1, 1, 1, 1, 1, 1, 1, 1, 1, 1, 1]
[1, 1, 1, 1, 1, 1, 1, 1, 1, 1, 1, 1, 1, 1, 1, 1, 1, 1, 1, 1, 1, 1, 1, 1, 1]
0.2105
213.97723412513733
9
Resoults
27
[1, 1, 1, 1, 1, 1, 1, 1, 1, 1, 1, 1, 1, 1, 1, 1, 1, 1, 1, 1, 1, 1, 1, 1, 1]
[1, 1, 1, 1, 1, 1, 1, 1, 1, 1, 1, 1, 1, 1, 1, 1, 1, 1, 1, 1, 1, 1, 1, 1, 1]
0.1805
215.3368043899536
Resoults
27
[1, 1, 1, 1, 1, 1, 1, 1, 1, 1, 1, 1, 1, 1, 1, 1, 1, 1, 1, 1, 1, 1, 1, 1, 1]
[1, 1, 1, 1, 1, 1, 1, 1, 1, 1, 1, 1, 1, 1, 1, 1, 1, 1, 1, 1, 1, 1, 1, 1, 1]
0.1805
215.3368043899536
18
Resoults
28
[1, 1, 1, 1, 1, 1, 1, 1, 1, 1, 1, 1, 1, 1, 1, 1, 1, 1, 1, 1, 1, 1, 1, 1, 1]
[1, 1, 1, 1, 1, 1, 1, 1, 1, 1, 1, 1, 1, 1, 1, 1, 1, 1, 1, 1, 1, 1, 1, 1, 1]
0.2177
215.31069588661194
Resoults
28
[1, 1, 1, 1, 1, 1, 1, 1, 1, 1, 1, 1, 1, 1, 1, 1, 1, 1, 1, 1, 1, 1, 1, 1, 1]
[1, 1, 1, 1, 1, 1, 1, 1, 1, 1, 1, 1, 1, 1, 1, 1, 1, 1, 1, 1, 1, 1, 1, 1, 1]
0.2177
215.31069588661194
18
Resoults
29
[1, 1, 1, 1, 1, 1, 1, 1, 1, 1, 1, 1, 1, 1, 1, 1, 1, 1, 1, 1, 1, 1, 1, 1, 1]
[1, 1, 1, 1, 1, 1, 1, 1, 1, 1, 1, 1, 1, 1, 1, 1, 1, 1, 1, 1, 1, 1, 1, 1, 1]
0.2097
214.66418552398682
Resoults
29
[1, 1, 1, 1, 1, 1, 1, 1, 1, 1, 1, 1, 1, 1, 1, 1, 1, 1, 1, 1, 1, 1, 1, 1, 1]
[1, 1, 1, 1, 1, 1, 1, 1, 1, 1, 1, 1, 1, 1, 1, 1, 1, 1, 1, 1, 1, 1, 1, 1, 1]
0.2097
214.66418552398682
17
Resoults
30
[1, 1, 1, 1, 1, 1, 1, 1, 1, 1, 1, 1, 1, 1, 1, 1, 1, 1, 1, 1, 1, 1, 1, 1, 1]
[1, 1, 1, 1, 1, 1, 1, 1, 1, 1, 1, 1, 1, 1, 1, 1, 1, 1, 1, 1, 1, 1, 1, 1, 1]
0.2022
217.88039708137512
Resoults
30
[1, 1, 1, 1, 1, 1, 1, 1, 1, 1, 1, 1, 1, 1, 1, 1, 1, 1, 1, 1, 1, 1, 1, 1, 1]
[1, 1, 1, 1, 1, 1, 1, 1, 1, 1, 1, 1, 1, 1, 1, 1, 1, 1, 1, 1, 1, 1, 1, 1, 1]
0.2022
217.88039708137512
3
Resoults
31
[1, 1, 1, 1, 1, 1, 1, 1, 1, 1, 1, 1, 1, 1, 1, 1, 1, 1, 1, 1, 1, 1, 1, 1, 1]
[1, 1, 1, 1, 1, 1, 1, 1, 1, 1, 1, 1, 1, 1, 1, 1, 1, 1, 1, 1, 1, 1, 1, 1, 1]
0.2215
215.7024872303009
Resoults
31
[1, 1, 1, 1, 1, 1, 1, 1, 1, 1, 1, 1, 1, 1, 1, 1, 1, 1, 1, 1, 1, 1, 1, 1, 1]
[1, 1, 1, 1, 1, 1, 1, 1, 1, 1, 1, 1, 1, 1, 1, 1, 1, 1, 1, 1, 1, 1, 1, 1, 1]
0.2215
215.7024872303009
13
Resoults
32
[1, 1, 1, 1, 1, 1, 1, 1, 1, 1, 1, 1, 1, 1, 1, 1, 1, 1, 1, 1, 1, 1, 1, 1, 1]
[1, 1, 1, 1, 1, 1, 1, 1, 1, 1, 1, 1, 1, 1, 1, 1, 1, 1, 1, 1, 1, 1, 1, 1, 1]
0.2086
219.1045560836792
Resoults
32
[1, 1, 1, 1, 1, 1, 1, 1, 1, 1, 1, 1, 1, 1, 1, 1, 1, 1, 1, 1, 1, 1, 1, 1, 1]
[1, 1, 1, 1, 1, 1, 1, 1, 1, 1, 1, 1, 1, 1, 1, 1, 1, 1, 1, 1, 1, 1, 1, 1, 1]
0.2086
219.1045560836792
19
Resoults
33
[1, 1, 1, 1, 1, 1, 1, 1, 1, 1, 1, 1, 1, 1, 1, 1, 1, 1, 1, 1, 1, 1, 1, 1, 1]
[1, 1, 1, 1, 1, 1, 1, 1, 1, 1, 1, 1, 1, 1, 1, 1, 1, 1, 1, 1, 1, 1, 1, 1, 1]
0.2428
218.90806412696838
Resoults
33
[1, 1, 1, 1, 1, 1, 1, 1, 1, 1, 1, 1, 1, 1, 1, 1, 1, 1, 1, 1, 1, 1, 1, 1, 1]
[1, 1, 1, 1, 1, 1, 1, 1, 1, 1, 1, 1, 1, 1, 1, 1, 1, 1, 1, 1, 1, 1, 1, 1, 1]
0.2428
218.90806412696838
0
Resoults
34
[1, 1, 1, 1, 1, 1, 1, 1, 1, 1, 1, 1, 1, 1, 1, 1, 1, 1, 1, 1, 1, 1, 1, 1, 1]
[1, 1, 1, 1, 1, 1, 1, 1, 1, 1, 1, 1, 1, 1, 1, 1, 1, 1, 1, 1, 1, 1, 1, 1, 1]
0.1818
230.21881484985352
Resoults
34
[1, 1, 1, 1, 1, 1, 1, 1, 1, 1, 1, 1, 1, 1, 1, 1, 1, 1, 1, 1, 1, 1, 1, 1, 1]
[1, 1, 1, 1, 1, 1, 1, 1, 1, 1, 1, 1, 1, 1, 1, 1, 1, 1, 1, 1, 1, 1, 1, 1, 1]
0.1818
230.21881484985352
13
Resoults
35
[1, 1, 1, 1, 1, 1, 1, 1, 1, 1, 1, 1, 1, 1, 1, 1, 1, 1, 1, 1, 1, 1, 1, 1, 1]
[1, 1, 1, 1, 1, 1, 1, 1, 1, 1, 1, 1, 1, 1, 1, 1, 1, 1, 1, 1, 1, 1, 1, 1, 1]
0.2416
221.10531854629517
Resoults
35
[1, 1, 1, 1, 1, 1, 1, 1, 1, 1, 1, 1, 1, 1, 1, 1, 1, 1, 1, 1, 1, 1, 1, 1, 1]
[1, 1, 1, 1, 1, 1, 1, 1, 1, 1, 1, 1, 1, 1, 1, 1, 1, 1, 1, 1, 1, 1, 1, 1, 1]
0.2416
221.10531854629517
8
Resoults
36
[1, 1, 1, 1, 1, 1, 1, 1, 1, 1, 1, 1, 1, 1, 1, 1, 1, 1, 1, 1, 1, 1, 1, 1, 1]
[1, 1, 1, 1, 1, 1, 1, 1, 1, 1, 1, 1, 1, 1, 1, 1, 1, 1, 1, 1, 1, 1, 1, 1, 1]
0.2218
219.7624135017395
Resoults
36
[1, 1, 1, 1, 1, 1, 1, 1, 1, 1, 1, 1, 1, 1, 1, 1, 1, 1, 1, 1, 1, 1, 1, 1, 1]
[1, 1, 1, 1, 1, 1, 1, 1, 1, 1, 1, 1, 1, 1, 1, 1, 1, 1, 1, 1, 1, 1, 1, 1, 1]
0.2218
219.7624135017395
1
Resoults
37
[1, 1, 1, 1, 1, 1, 1, 1, 1, 1, 1, 1, 1, 1, 1, 1, 1, 1, 1, 1, 1, 1, 1, 1, 1]
[1, 1, 1, 1, 1, 1, 1, 1, 1, 1, 1, 1, 1, 1, 1, 1, 1, 1, 1, 1, 1, 1, 1, 1, 1]
0.2425
214.45529961585999
Resoults
37
[1, 1, 1, 1, 1, 1, 1, 1, 1, 1, 1, 1, 1, 1, 1, 1, 1, 1, 1, 1, 1, 1, 1, 1, 1]
[1, 1, 1, 1, 1, 1, 1, 1, 1, 1, 1, 1, 1, 1, 1, 1, 1, 1, 1, 1, 1, 1, 1, 1, 1]
0.2425
214.45529961585999
23
Resoults
38
[1, 1, 1, 1, 1, 1, 1, 1, 1, 1, 1, 1, 1, 1, 1, 1, 1, 1, 1, 1, 1, 1, 1, 1, 1]
[1, 1, 1, 1, 1, 1, 1, 1, 1, 1, 1, 1, 1, 1, 1, 1, 1, 1, 1, 1, 1, 1, 1, 1, 1]
0.2498
220.82833695411682
Resoults
38
[1, 1, 1, 1, 1, 1, 1, 1, 1, 1, 1, 1, 1, 1, 1, 1, 1, 1, 1, 1, 1, 1, 1, 1, 1]
[1, 1, 1, 1, 1, 1, 1, 1, 1, 1, 1, 1, 1, 1, 1, 1, 1, 1, 1, 1, 1, 1, 1, 1, 1]
0.2498
220.82833695411682
18
Resoults
39
[1, 1, 1, 1, 1, 1, 1, 1, 1, 1, 1, 1, 1, 1, 1, 1, 1, 1, 1, 1, 1, 1, 1, 1, 1]
[1, 1, 1, 1, 1, 1, 1, 1, 1, 1, 1, 1, 1, 1, 1, 1, 1, 1, 1, 1, 1, 1, 1, 1, 1]
0.2464
220.4727463722229
Resoults
39
[1, 1, 1, 1, 1, 1, 1, 1, 1, 1, 1, 1, 1, 1, 1, 1, 1, 1, 1, 1, 1, 1, 1, 1, 1]
[1, 1, 1, 1, 1, 1, 1, 1, 1, 1, 1, 1, 1, 1, 1, 1, 1, 1, 1, 1, 1, 1, 1, 1, 1]
0.2464
220.4727463722229
13
Resoults
40
[1, 1, 1, 1, 1, 1, 1, 1, 1, 1, 1, 1, 1, 1, 1, 1, 1, 1, 1, 1, 1, 1, 1, 1, 1]
[1, 1, 1, 1, 1, 1, 1, 1, 1, 1, 1, 1, 1, 1, 1, 1, 1, 1, 1, 1, 1, 1, 1, 1, 1]
0.2549
224.18726325035095
Resoults
40
[1, 1, 1, 1, 1, 1, 1, 1, 1, 1, 1, 1, 1, 1, 1, 1, 1, 1, 1, 1, 1, 1, 1, 1, 1]
[1, 1, 1, 1, 1, 1, 1, 1, 1, 1, 1, 1, 1, 1, 1, 1, 1, 1, 1, 1, 1, 1, 1, 1, 1]
0.2549
224.18726325035095
6
Resoults
41
[1, 1, 1, 1, 1, 1, 1, 1, 1, 1, 1, 1, 1, 1, 1, 1, 1, 1, 1, 1, 1, 1, 1, 1, 1]
[1, 1, 1, 1, 1, 1, 1, 1, 1, 1, 1, 1, 1, 1, 1, 1, 1, 1, 1, 1, 1, 1, 1, 1, 1]
0.2422
220.03679537773132
Resoults
41
[1, 1, 1, 1, 1, 1, 1, 1, 1, 1, 1, 1, 1, 1, 1, 1, 1, 1, 1, 1, 1, 1, 1, 1, 1]
[1, 1, 1, 1, 1, 1, 1, 1, 1, 1, 1, 1, 1, 1, 1, 1, 1, 1, 1, 1, 1, 1, 1, 1, 1]
0.2422
220.03679537773132
21
Resoults
42
[1, 1, 1, 1, 1, 1, 1, 1, 1, 1, 1, 1, 1, 1, 1, 1, 1, 1, 1, 1, 1, 1, 1, 1, 1]
[1, 1, 1, 1, 1, 1, 1, 1, 1, 1, 1, 1, 1, 1, 1, 1, 1, 1, 1, 1, 1, 1, 1, 1, 1]
0.2524
220.04142689704895
Resoults
42
[1, 1, 1, 1, 1, 1, 1, 1, 1, 1, 1, 1, 1, 1, 1, 1, 1, 1, 1, 1, 1, 1, 1, 1, 1]
[1, 1, 1, 1, 1, 1, 1, 1, 1, 1, 1, 1, 1, 1, 1, 1, 1, 1, 1, 1, 1, 1, 1, 1, 1]
0.2524
220.04142689704895
7
Resoults
43
[1, 1, 1, 1, 1, 1, 1, 1, 1, 1, 1, 1, 1, 1, 1, 1, 1, 1, 1, 1, 1, 1, 1, 1, 1]
[1, 1, 1, 1, 1, 1, 1, 1, 1, 1, 1, 1, 1, 1, 1, 1, 1, 1, 1, 1, 1, 1, 1, 1, 1]
0.2331
221.73943305015564
Resoults
43
[1, 1, 1, 1, 1, 1, 1, 1, 1, 1, 1, 1, 1, 1, 1, 1, 1, 1, 1, 1, 1, 1, 1, 1, 1]
[1, 1, 1, 1, 1, 1, 1, 1, 1, 1, 1, 1, 1, 1, 1, 1, 1, 1, 1, 1, 1, 1, 1, 1, 1]
0.2331
221.73943305015564
18
Resoults
44
[1, 1, 1, 1, 1, 1, 1, 1, 1, 1, 1, 1, 1, 1, 1, 1, 1, 1, 1, 1, 1, 1, 1, 1, 1]
[1, 1, 1, 1, 1, 1, 1, 1, 1, 1, 1, 1, 1, 1, 1, 1, 1, 1, 1, 1, 1, 1, 1, 1, 1]
0.2356
222.84540438652039
Resoults
44
[1, 1, 1, 1, 1, 1, 1, 1, 1, 1, 1, 1, 1, 1, 1, 1, 1, 1, 1, 1, 1, 1, 1, 1, 1]
[1, 1, 1, 1, 1, 1, 1, 1, 1, 1, 1, 1, 1, 1, 1, 1, 1, 1, 1, 1, 1, 1, 1, 1, 1]
0.2356
222.84540438652039
11
Resoults
45
[1, 1, 1, 1, 1, 1, 1, 1, 1, 1, 1, 1, 1, 1, 1, 1, 1, 1, 1, 1, 1, 1, 1, 1, 1]
[1, 1, 1, 1, 1, 1, 1, 1, 1, 1, 1, 1, 1, 1, 1, 1, 1, 1, 1, 1, 1, 1, 1, 1, 1]
0.2546
221.4285614490509
Resoults
45
[1, 1, 1, 1, 1, 1, 1, 1, 1, 1, 1, 1, 1, 1, 1, 1, 1, 1, 1, 1, 1, 1, 1, 1, 1]
[1, 1, 1, 1, 1, 1, 1, 1, 1, 1, 1, 1, 1, 1, 1, 1, 1, 1, 1, 1, 1, 1, 1, 1, 1]
0.2546
221.4285614490509
9
Resoults
46
[1, 1, 1, 1, 1, 1, 1, 1, 1, 1, 1, 1, 1, 1, 1, 1, 1, 1, 1, 1, 1, 1, 1, 1, 1]
[1, 1, 1, 1, 1, 1, 1, 1, 1, 1, 1, 1, 1, 1, 1, 1, 1, 1, 1, 1, 1, 1, 1, 1, 1]
0.2676
222.78966879844666
Resoults
46
[1, 1, 1, 1, 1, 1, 1, 1, 1, 1, 1, 1, 1, 1, 1, 1, 1, 1, 1, 1, 1, 1, 1, 1, 1]
[1, 1, 1, 1, 1, 1, 1, 1, 1, 1, 1, 1, 1, 1, 1, 1, 1, 1, 1, 1, 1, 1, 1, 1, 1]
0.2676
222.78966879844666
22
Resoults
47
[1, 1, 1, 1, 1, 1, 1, 1, 1, 1, 1, 1, 1, 1, 1, 1, 1, 1, 1, 1, 1, 1, 1, 1, 1]
[1, 1, 1, 1, 1, 1, 1, 1, 1, 1, 1, 1, 1, 1, 1, 1, 1, 1, 1, 1, 1, 1, 1, 1, 1]
0.248
235.52901935577393
Resoults
47
[1, 1, 1, 1, 1, 1, 1, 1, 1, 1, 1, 1, 1, 1, 1, 1, 1, 1, 1, 1, 1, 1, 1, 1, 1]
[1, 1, 1, 1, 1, 1, 1, 1, 1, 1, 1, 1, 1, 1, 1, 1, 1, 1, 1, 1, 1, 1, 1, 1, 1]
0.248
235.52901935577393
20
Resoults
48
[1, 1, 1, 1, 1, 1, 1, 1, 1, 1, 1, 1, 1, 1, 1, 1, 1, 1, 1, 1, 1, 1, 1, 1, 1]
[1, 1, 1, 1, 1, 1, 1, 1, 1, 1, 1, 1, 1, 1, 1, 1, 1, 1, 1, 1, 1, 1, 1, 1, 1]
0.2617
224.99251437187195
Resoults
48
[1, 1, 1, 1, 1, 1, 1, 1, 1, 1, 1, 1, 1, 1, 1, 1, 1, 1, 1, 1, 1, 1, 1, 1, 1]
[1, 1, 1, 1, 1, 1, 1, 1, 1, 1, 1, 1, 1, 1, 1, 1, 1, 1, 1, 1, 1, 1, 1, 1, 1]
0.2617
224.99251437187195
11
Resoults
49
[1, 1, 1, 1, 1, 1, 1, 1, 1, 1, 1, 1, 1, 1, 1, 1, 1, 1, 1, 1, 1, 1, 1, 1, 1]
[1, 1, 1, 1, 1, 1, 1, 1, 1, 1, 1, 1, 1, 1, 1, 1, 1, 1, 1, 1, 1, 1, 1, 1, 1]
0.2526
226.69666004180908
Resoults
49
[1, 1, 1, 1, 1, 1, 1, 1, 1, 1, 1, 1, 1, 1, 1, 1, 1, 1, 1, 1, 1, 1, 1, 1, 1]
[1, 1, 1, 1, 1, 1, 1, 1, 1, 1, 1, 1, 1, 1, 1, 1, 1, 1, 1, 1, 1, 1, 1, 1, 1]
0.2526
226.69666004180908

Experimental details:
    Model     : cnn
    Optimizer : sgd
    Learning  : 0.01
    Global Rounds   : 50

    Federated parameters:
    Non-IID
    Fraction of users  : 0.0
    Local Batch size   : 10
    Local Epochs       : 1

Files already downloaded and verified
Files already downloaded and verified
4
Resoults
0
[1, 1, 1, 1, 1, 1, 1, 1, 1, 1, 1, 1, 1, 1, 1, 1, 1, 1, 1, 1, 1, 1, 1, 1, 1]
[1, 1, 1, 1, 1, 1, 1, 1, 1, 1, 1, 1, 1, 1, 1, 1, 1, 1, 1, 1, 1, 1, 1, 1, 1]
0.0959
181.96955800056458
Resoults
0
[1, 1, 1, 1, 1, 1, 1, 1, 1, 1, 1, 1, 1, 1, 1, 1, 1, 1, 1, 1, 1, 1, 1, 1, 1]
[1, 1, 1, 1, 1, 1, 1, 1, 1, 1, 1, 1, 1, 1, 1, 1, 1, 1, 1, 1, 1, 1, 1, 1, 1]
0.0959
181.96955800056458
8
Resoults
1
[1, 1, 1, 1, 1, 1, 1, 1, 1, 1, 1, 1, 1, 1, 1, 1, 1, 1, 1, 1, 1, 1, 1, 1, 1]
[1, 1, 1, 1, 1, 1, 1, 1, 1, 1, 1, 1, 1, 1, 1, 1, 1, 1, 1, 1, 1, 1, 1, 1, 1]
0.0997
181.98661541938782
Resoults
1
[1, 1, 1, 1, 1, 1, 1, 1, 1, 1, 1, 1, 1, 1, 1, 1, 1, 1, 1, 1, 1, 1, 1, 1, 1]
[1, 1, 1, 1, 1, 1, 1, 1, 1, 1, 1, 1, 1, 1, 1, 1, 1, 1, 1, 1, 1, 1, 1, 1, 1]
0.0997
181.98661541938782
0
Resoults
2
[1, 1, 1, 1, 1, 1, 1, 1, 1, 1, 1, 1, 1, 1, 1, 1, 1, 1, 1, 1, 1, 1, 1, 1, 1]
[1, 1, 1, 1, 1, 1, 1, 1, 1, 1, 1, 1, 1, 1, 1, 1, 1, 1, 1, 1, 1, 1, 1, 1, 1]
0.1002
182.03277373313904
Resoults
2
[1, 1, 1, 1, 1, 1, 1, 1, 1, 1, 1, 1, 1, 1, 1, 1, 1, 1, 1, 1, 1, 1, 1, 1, 1]
[1, 1, 1, 1, 1, 1, 1, 1, 1, 1, 1, 1, 1, 1, 1, 1, 1, 1, 1, 1, 1, 1, 1, 1, 1]
0.1002
182.03277373313904
0
Resoults
3
[1, 1, 1, 1, 1, 1, 1, 1, 1, 1, 1, 1, 1, 1, 1, 1, 1, 1, 1, 1, 1, 1, 1, 1, 1]
[1, 1, 1, 1, 1, 1, 1, 1, 1, 1, 1, 1, 1, 1, 1, 1, 1, 1, 1, 1, 1, 1, 1, 1, 1]
0.1014
182.10265517234802
Resoults
3
[1, 1, 1, 1, 1, 1, 1, 1, 1, 1, 1, 1, 1, 1, 1, 1, 1, 1, 1, 1, 1, 1, 1, 1, 1]
[1, 1, 1, 1, 1, 1, 1, 1, 1, 1, 1, 1, 1, 1, 1, 1, 1, 1, 1, 1, 1, 1, 1, 1, 1]
0.1014
182.10265517234802
1
Resoults
4
[1, 1, 1, 1, 1, 1, 1, 1, 1, 1, 1, 1, 1, 1, 1, 1, 1, 1, 1, 1, 1, 1, 1, 1, 1]
[1, 1, 1, 1, 1, 1, 1, 1, 1, 1, 1, 1, 1, 1, 1, 1, 1, 1, 1, 1, 1, 1, 1, 1, 1]
0.1098
182.19806337356567
Resoults
4
[1, 1, 1, 1, 1, 1, 1, 1, 1, 1, 1, 1, 1, 1, 1, 1, 1, 1, 1, 1, 1, 1, 1, 1, 1]
[1, 1, 1, 1, 1, 1, 1, 1, 1, 1, 1, 1, 1, 1, 1, 1, 1, 1, 1, 1, 1, 1, 1, 1, 1]
0.1098
182.19806337356567
12
Resoults
5
[1, 1, 1, 1, 1, 1, 1, 1, 1, 1, 1, 1, 1, 1, 1, 1, 1, 1, 1, 1, 1, 1, 1, 1, 1]
[1, 1, 1, 1, 1, 1, 1, 1, 1, 1, 1, 1, 1, 1, 1, 1, 1, 1, 1, 1, 1, 1, 1, 1, 1]
0.1166
182.3207242488861
Resoults
5
[1, 1, 1, 1, 1, 1, 1, 1, 1, 1, 1, 1, 1, 1, 1, 1, 1, 1, 1, 1, 1, 1, 1, 1, 1]
[1, 1, 1, 1, 1, 1, 1, 1, 1, 1, 1, 1, 1, 1, 1, 1, 1, 1, 1, 1, 1, 1, 1, 1, 1]
0.1166
182.3207242488861
8
Resoults
6
[1, 1, 1, 1, 1, 1, 1, 1, 1, 1, 1, 1, 1, 1, 1, 1, 1, 1, 1, 1, 1, 1, 1, 1, 1]
[1, 1, 1, 1, 1, 1, 1, 1, 1, 1, 1, 1, 1, 1, 1, 1, 1, 1, 1, 1, 1, 1, 1, 1, 1]
0.1381
182.46360230445862
Resoults
6
[1, 1, 1, 1, 1, 1, 1, 1, 1, 1, 1, 1, 1, 1, 1, 1, 1, 1, 1, 1, 1, 1, 1, 1, 1]
[1, 1, 1, 1, 1, 1, 1, 1, 1, 1, 1, 1, 1, 1, 1, 1, 1, 1, 1, 1, 1, 1, 1, 1, 1]
0.1381
182.46360230445862
7
Resoults
7
[1, 1, 1, 1, 1, 1, 1, 1, 1, 1, 1, 1, 1, 1, 1, 1, 1, 1, 1, 1, 1, 1, 1, 1, 1]
[1, 1, 1, 1, 1, 1, 1, 1, 1, 1, 1, 1, 1, 1, 1, 1, 1, 1, 1, 1, 1, 1, 1, 1, 1]
0.1457
182.6209738254547
Resoults
7
[1, 1, 1, 1, 1, 1, 1, 1, 1, 1, 1, 1, 1, 1, 1, 1, 1, 1, 1, 1, 1, 1, 1, 1, 1]
[1, 1, 1, 1, 1, 1, 1, 1, 1, 1, 1, 1, 1, 1, 1, 1, 1, 1, 1, 1, 1, 1, 1, 1, 1]
0.1457
182.6209738254547
4
Resoults
8
[1, 1, 1, 1, 1, 1, 1, 1, 1, 1, 1, 1, 1, 1, 1, 1, 1, 1, 1, 1, 1, 1, 1, 1, 1]
[1, 1, 1, 1, 1, 1, 1, 1, 1, 1, 1, 1, 1, 1, 1, 1, 1, 1, 1, 1, 1, 1, 1, 1, 1]
0.1457
182.8145787715912
Resoults
8
[1, 1, 1, 1, 1, 1, 1, 1, 1, 1, 1, 1, 1, 1, 1, 1, 1, 1, 1, 1, 1, 1, 1, 1, 1]
[1, 1, 1, 1, 1, 1, 1, 1, 1, 1, 1, 1, 1, 1, 1, 1, 1, 1, 1, 1, 1, 1, 1, 1, 1]
0.1457
182.8145787715912
4
Resoults
9
[1, 1, 1, 1, 1, 1, 1, 1, 1, 1, 1, 1, 1, 1, 1, 1, 1, 1, 1, 1, 1, 1, 1, 1, 1]
[1, 1, 1, 1, 1, 1, 1, 1, 1, 1, 1, 1, 1, 1, 1, 1, 1, 1, 1, 1, 1, 1, 1, 1, 1]
0.1468
183.04967284202576
Resoults
9
[1, 1, 1, 1, 1, 1, 1, 1, 1, 1, 1, 1, 1, 1, 1, 1, 1, 1, 1, 1, 1, 1, 1, 1, 1]
[1, 1, 1, 1, 1, 1, 1, 1, 1, 1, 1, 1, 1, 1, 1, 1, 1, 1, 1, 1, 1, 1, 1, 1, 1]
0.1468
183.04967284202576
21
Resoults
10
[1, 1, 1, 1, 1, 1, 1, 1, 1, 1, 1, 1, 1, 1, 1, 1, 1, 1, 1, 1, 1, 1, 1, 1, 1]
[1, 1, 1, 1, 1, 1, 1, 1, 1, 1, 1, 1, 1, 1, 1, 1, 1, 1, 1, 1, 1, 1, 1, 1, 1]
0.1474
183.36966156959534
Resoults
10
[1, 1, 1, 1, 1, 1, 1, 1, 1, 1, 1, 1, 1, 1, 1, 1, 1, 1, 1, 1, 1, 1, 1, 1, 1]
[1, 1, 1, 1, 1, 1, 1, 1, 1, 1, 1, 1, 1, 1, 1, 1, 1, 1, 1, 1, 1, 1, 1, 1, 1]
0.1474
183.36966156959534
18
Resoults
11
[1, 1, 1, 1, 1, 1, 1, 1, 1, 1, 1, 1, 1, 1, 1, 1, 1, 1, 1, 1, 1, 1, 1, 1, 1]
[1, 1, 1, 1, 1, 1, 1, 1, 1, 1, 1, 1, 1, 1, 1, 1, 1, 1, 1, 1, 1, 1, 1, 1, 1]
0.1311
183.83172607421875
Resoults
11
[1, 1, 1, 1, 1, 1, 1, 1, 1, 1, 1, 1, 1, 1, 1, 1, 1, 1, 1, 1, 1, 1, 1, 1, 1]
[1, 1, 1, 1, 1, 1, 1, 1, 1, 1, 1, 1, 1, 1, 1, 1, 1, 1, 1, 1, 1, 1, 1, 1, 1]
0.1311
183.83172607421875
16
Resoults
12
[1, 1, 1, 1, 1, 1, 1, 1, 1, 1, 1, 1, 1, 1, 1, 1, 1, 1, 1, 1, 1, 1, 1, 1, 1]
[1, 1, 1, 1, 1, 1, 1, 1, 1, 1, 1, 1, 1, 1, 1, 1, 1, 1, 1, 1, 1, 1, 1, 1, 1]
0.1312
184.53305673599243
Resoults
12
[1, 1, 1, 1, 1, 1, 1, 1, 1, 1, 1, 1, 1, 1, 1, 1, 1, 1, 1, 1, 1, 1, 1, 1, 1]
[1, 1, 1, 1, 1, 1, 1, 1, 1, 1, 1, 1, 1, 1, 1, 1, 1, 1, 1, 1, 1, 1, 1, 1, 1]
0.1312
184.53305673599243
15
Resoults
13
[1, 1, 1, 1, 1, 1, 1, 1, 1, 1, 1, 1, 1, 1, 1, 1, 1, 1, 1, 1, 1, 1, 1, 1, 1]
[1, 1, 1, 1, 1, 1, 1, 1, 1, 1, 1, 1, 1, 1, 1, 1, 1, 1, 1, 1, 1, 1, 1, 1, 1]
0.1419
185.7155110836029
Resoults
13
[1, 1, 1, 1, 1, 1, 1, 1, 1, 1, 1, 1, 1, 1, 1, 1, 1, 1, 1, 1, 1, 1, 1, 1, 1]
[1, 1, 1, 1, 1, 1, 1, 1, 1, 1, 1, 1, 1, 1, 1, 1, 1, 1, 1, 1, 1, 1, 1, 1, 1]
0.1419
185.7155110836029
3
Resoults
14
[1, 1, 1, 1, 1, 1, 1, 1, 1, 1, 1, 1, 1, 1, 1, 1, 1, 1, 1, 1, 1, 1, 1, 1, 1]
[1, 1, 1, 1, 1, 1, 1, 1, 1, 1, 1, 1, 1, 1, 1, 1, 1, 1, 1, 1, 1, 1, 1, 1, 1]
0.1088
187.62202143669128
Resoults
14
[1, 1, 1, 1, 1, 1, 1, 1, 1, 1, 1, 1, 1, 1, 1, 1, 1, 1, 1, 1, 1, 1, 1, 1, 1]
[1, 1, 1, 1, 1, 1, 1, 1, 1, 1, 1, 1, 1, 1, 1, 1, 1, 1, 1, 1, 1, 1, 1, 1, 1]
0.1088
187.62202143669128
18
Resoults
15
[1, 1, 1, 1, 1, 1, 1, 1, 1, 1, 1, 1, 1, 1, 1, 1, 1, 1, 1, 1, 1, 1, 1, 1, 1]
[1, 1, 1, 1, 1, 1, 1, 1, 1, 1, 1, 1, 1, 1, 1, 1, 1, 1, 1, 1, 1, 1, 1, 1, 1]
0.1464
190.58648443222046
Resoults
15
[1, 1, 1, 1, 1, 1, 1, 1, 1, 1, 1, 1, 1, 1, 1, 1, 1, 1, 1, 1, 1, 1, 1, 1, 1]
[1, 1, 1, 1, 1, 1, 1, 1, 1, 1, 1, 1, 1, 1, 1, 1, 1, 1, 1, 1, 1, 1, 1, 1, 1]
0.1464
190.58648443222046
17
Resoults
16
[1, 1, 1, 1, 1, 1, 1, 1, 1, 1, 1, 1, 1, 1, 1, 1, 1, 1, 1, 1, 1, 1, 1, 1, 1]
[1, 1, 1, 1, 1, 1, 1, 1, 1, 1, 1, 1, 1, 1, 1, 1, 1, 1, 1, 1, 1, 1, 1, 1, 1]
0.1313
194.51617860794067
Resoults
16
[1, 1, 1, 1, 1, 1, 1, 1, 1, 1, 1, 1, 1, 1, 1, 1, 1, 1, 1, 1, 1, 1, 1, 1, 1]
[1, 1, 1, 1, 1, 1, 1, 1, 1, 1, 1, 1, 1, 1, 1, 1, 1, 1, 1, 1, 1, 1, 1, 1, 1]
0.1313
194.51617860794067
1
Resoults
17
[1, 1, 1, 1, 1, 1, 1, 1, 1, 1, 1, 1, 1, 1, 1, 1, 1, 1, 1, 1, 1, 1, 1, 1, 1]
[1, 1, 1, 1, 1, 1, 1, 1, 1, 1, 1, 1, 1, 1, 1, 1, 1, 1, 1, 1, 1, 1, 1, 1, 1]
0.1618
197.25933241844177
Resoults
17
[1, 1, 1, 1, 1, 1, 1, 1, 1, 1, 1, 1, 1, 1, 1, 1, 1, 1, 1, 1, 1, 1, 1, 1, 1]
[1, 1, 1, 1, 1, 1, 1, 1, 1, 1, 1, 1, 1, 1, 1, 1, 1, 1, 1, 1, 1, 1, 1, 1, 1]
0.1618
197.25933241844177
14
Resoults
18
[1, 1, 1, 1, 1, 1, 1, 1, 1, 1, 1, 1, 1, 1, 1, 1, 1, 1, 1, 1, 1, 1, 1, 1, 1]
[1, 1, 1, 1, 1, 1, 1, 1, 1, 1, 1, 1, 1, 1, 1, 1, 1, 1, 1, 1, 1, 1, 1, 1, 1]
0.1719
201.21435451507568
Resoults
18
[1, 1, 1, 1, 1, 1, 1, 1, 1, 1, 1, 1, 1, 1, 1, 1, 1, 1, 1, 1, 1, 1, 1, 1, 1]
[1, 1, 1, 1, 1, 1, 1, 1, 1, 1, 1, 1, 1, 1, 1, 1, 1, 1, 1, 1, 1, 1, 1, 1, 1]
0.1719
201.21435451507568
22
Resoults
19
[1, 1, 1, 1, 1, 1, 1, 1, 1, 1, 1, 1, 1, 1, 1, 1, 1, 1, 1, 1, 1, 1, 1, 1, 1]
[1, 1, 1, 1, 1, 1, 1, 1, 1, 1, 1, 1, 1, 1, 1, 1, 1, 1, 1, 1, 1, 1, 1, 1, 1]
0.1384
204.58122563362122
Resoults
19
[1, 1, 1, 1, 1, 1, 1, 1, 1, 1, 1, 1, 1, 1, 1, 1, 1, 1, 1, 1, 1, 1, 1, 1, 1]
[1, 1, 1, 1, 1, 1, 1, 1, 1, 1, 1, 1, 1, 1, 1, 1, 1, 1, 1, 1, 1, 1, 1, 1, 1]
0.1384
204.58122563362122
6
Resoults
20
[1, 1, 1, 1, 1, 1, 1, 1, 1, 1, 1, 1, 1, 1, 1, 1, 1, 1, 1, 1, 1, 1, 1, 1, 1]
[1, 1, 1, 1, 1, 1, 1, 1, 1, 1, 1, 1, 1, 1, 1, 1, 1, 1, 1, 1, 1, 1, 1, 1, 1]
0.1803
205.93849086761475
Resoults
20
[1, 1, 1, 1, 1, 1, 1, 1, 1, 1, 1, 1, 1, 1, 1, 1, 1, 1, 1, 1, 1, 1, 1, 1, 1]
[1, 1, 1, 1, 1, 1, 1, 1, 1, 1, 1, 1, 1, 1, 1, 1, 1, 1, 1, 1, 1, 1, 1, 1, 1]
0.1803
205.93849086761475
10
Resoults
21
[1, 1, 1, 1, 1, 1, 1, 1, 1, 1, 1, 1, 1, 1, 1, 1, 1, 1, 1, 1, 1, 1, 1, 1, 1]
[1, 1, 1, 1, 1, 1, 1, 1, 1, 1, 1, 1, 1, 1, 1, 1, 1, 1, 1, 1, 1, 1, 1, 1, 1]
0.1745
208.1779191493988
Resoults
21
[1, 1, 1, 1, 1, 1, 1, 1, 1, 1, 1, 1, 1, 1, 1, 1, 1, 1, 1, 1, 1, 1, 1, 1, 1]
[1, 1, 1, 1, 1, 1, 1, 1, 1, 1, 1, 1, 1, 1, 1, 1, 1, 1, 1, 1, 1, 1, 1, 1, 1]
0.1745
208.1779191493988
13
Resoults
22
[1, 1, 1, 1, 1, 1, 1, 1, 1, 1, 1, 1, 1, 1, 1, 1, 1, 1, 1, 1, 1, 1, 1, 1, 1]
[1, 1, 1, 1, 1, 1, 1, 1, 1, 1, 1, 1, 1, 1, 1, 1, 1, 1, 1, 1, 1, 1, 1, 1, 1]
0.2179
209.52690863609314
Resoults
22
[1, 1, 1, 1, 1, 1, 1, 1, 1, 1, 1, 1, 1, 1, 1, 1, 1, 1, 1, 1, 1, 1, 1, 1, 1]
[1, 1, 1, 1, 1, 1, 1, 1, 1, 1, 1, 1, 1, 1, 1, 1, 1, 1, 1, 1, 1, 1, 1, 1, 1]
0.2179
209.52690863609314
5
Resoults
23
[1, 1, 1, 1, 1, 1, 1, 1, 1, 1, 1, 1, 1, 1, 1, 1, 1, 1, 1, 1, 1, 1, 1, 1, 1]
[1, 1, 1, 1, 1, 1, 1, 1, 1, 1, 1, 1, 1, 1, 1, 1, 1, 1, 1, 1, 1, 1, 1, 1, 1]
0.194
211.32182025909424
Resoults
23
[1, 1, 1, 1, 1, 1, 1, 1, 1, 1, 1, 1, 1, 1, 1, 1, 1, 1, 1, 1, 1, 1, 1, 1, 1]
[1, 1, 1, 1, 1, 1, 1, 1, 1, 1, 1, 1, 1, 1, 1, 1, 1, 1, 1, 1, 1, 1, 1, 1, 1]
0.194
211.32182025909424
18
Resoults
24
[1, 1, 1, 1, 1, 1, 1, 1, 1, 1, 1, 1, 1, 1, 1, 1, 1, 1, 1, 1, 1, 1, 1, 1, 1]
[1, 1, 1, 1, 1, 1, 1, 1, 1, 1, 1, 1, 1, 1, 1, 1, 1, 1, 1, 1, 1, 1, 1, 1, 1]
0.2162
212.16590237617493
Resoults
24
[1, 1, 1, 1, 1, 1, 1, 1, 1, 1, 1, 1, 1, 1, 1, 1, 1, 1, 1, 1, 1, 1, 1, 1, 1]
[1, 1, 1, 1, 1, 1, 1, 1, 1, 1, 1, 1, 1, 1, 1, 1, 1, 1, 1, 1, 1, 1, 1, 1, 1]
0.2162
212.16590237617493
3
Resoults
25
[1, 1, 1, 1, 1, 1, 1, 1, 1, 1, 1, 1, 1, 1, 1, 1, 1, 1, 1, 1, 1, 1, 1, 1, 1]
[1, 1, 1, 1, 1, 1, 1, 1, 1, 1, 1, 1, 1, 1, 1, 1, 1, 1, 1, 1, 1, 1, 1, 1, 1]
0.1765
215.16553807258606
Resoults
25
[1, 1, 1, 1, 1, 1, 1, 1, 1, 1, 1, 1, 1, 1, 1, 1, 1, 1, 1, 1, 1, 1, 1, 1, 1]
[1, 1, 1, 1, 1, 1, 1, 1, 1, 1, 1, 1, 1, 1, 1, 1, 1, 1, 1, 1, 1, 1, 1, 1, 1]
0.1765
215.16553807258606
22
Resoults
26
[1, 1, 1, 1, 1, 1, 1, 1, 1, 1, 1, 1, 1, 1, 1, 1, 1, 1, 1, 1, 1, 1, 1, 1, 1]
[1, 1, 1, 1, 1, 1, 1, 1, 1, 1, 1, 1, 1, 1, 1, 1, 1, 1, 1, 1, 1, 1, 1, 1, 1]
0.1916
215.2274191379547
Resoults
26
[1, 1, 1, 1, 1, 1, 1, 1, 1, 1, 1, 1, 1, 1, 1, 1, 1, 1, 1, 1, 1, 1, 1, 1, 1]
[1, 1, 1, 1, 1, 1, 1, 1, 1, 1, 1, 1, 1, 1, 1, 1, 1, 1, 1, 1, 1, 1, 1, 1, 1]
0.1916
215.2274191379547
15
Resoults
27
[1, 1, 1, 1, 1, 1, 1, 1, 1, 1, 1, 1, 1, 1, 1, 1, 1, 1, 1, 1, 1, 1, 1, 1, 1]
[1, 1, 1, 1, 1, 1, 1, 1, 1, 1, 1, 1, 1, 1, 1, 1, 1, 1, 1, 1, 1, 1, 1, 1, 1]
0.2017
213.3819980621338
Resoults
27
[1, 1, 1, 1, 1, 1, 1, 1, 1, 1, 1, 1, 1, 1, 1, 1, 1, 1, 1, 1, 1, 1, 1, 1, 1]
[1, 1, 1, 1, 1, 1, 1, 1, 1, 1, 1, 1, 1, 1, 1, 1, 1, 1, 1, 1, 1, 1, 1, 1, 1]
0.2017
213.3819980621338
5
Resoults
28
[1, 1, 1, 1, 1, 1, 1, 1, 1, 1, 1, 1, 1, 1, 1, 1, 1, 1, 1, 1, 1, 1, 1, 1, 1]
[1, 1, 1, 1, 1, 1, 1, 1, 1, 1, 1, 1, 1, 1, 1, 1, 1, 1, 1, 1, 1, 1, 1, 1, 1]
0.2266
212.26085376739502
Resoults
28
[1, 1, 1, 1, 1, 1, 1, 1, 1, 1, 1, 1, 1, 1, 1, 1, 1, 1, 1, 1, 1, 1, 1, 1, 1]
[1, 1, 1, 1, 1, 1, 1, 1, 1, 1, 1, 1, 1, 1, 1, 1, 1, 1, 1, 1, 1, 1, 1, 1, 1]
0.2266
212.26085376739502
22
Resoults
29
[1, 1, 1, 1, 1, 1, 1, 1, 1, 1, 1, 1, 1, 1, 1, 1, 1, 1, 1, 1, 1, 1, 1, 1, 1]
[1, 1, 1, 1, 1, 1, 1, 1, 1, 1, 1, 1, 1, 1, 1, 1, 1, 1, 1, 1, 1, 1, 1, 1, 1]
0.2104
214.68252396583557
Resoults
29
[1, 1, 1, 1, 1, 1, 1, 1, 1, 1, 1, 1, 1, 1, 1, 1, 1, 1, 1, 1, 1, 1, 1, 1, 1]
[1, 1, 1, 1, 1, 1, 1, 1, 1, 1, 1, 1, 1, 1, 1, 1, 1, 1, 1, 1, 1, 1, 1, 1, 1]
0.2104
214.68252396583557
1
Resoults
30
[1, 1, 1, 1, 1, 1, 1, 1, 1, 1, 1, 1, 1, 1, 1, 1, 1, 1, 1, 1, 1, 1, 1, 1, 1]
[1, 1, 1, 1, 1, 1, 1, 1, 1, 1, 1, 1, 1, 1, 1, 1, 1, 1, 1, 1, 1, 1, 1, 1, 1]
0.1999
212.15206170082092
Resoults
30
[1, 1, 1, 1, 1, 1, 1, 1, 1, 1, 1, 1, 1, 1, 1, 1, 1, 1, 1, 1, 1, 1, 1, 1, 1]
[1, 1, 1, 1, 1, 1, 1, 1, 1, 1, 1, 1, 1, 1, 1, 1, 1, 1, 1, 1, 1, 1, 1, 1, 1]
0.1999
212.15206170082092
5
Resoults
31
[1, 1, 1, 1, 1, 1, 1, 1, 1, 1, 1, 1, 1, 1, 1, 1, 1, 1, 1, 1, 1, 1, 1, 1, 1]
[1, 1, 1, 1, 1, 1, 1, 1, 1, 1, 1, 1, 1, 1, 1, 1, 1, 1, 1, 1, 1, 1, 1, 1, 1]
0.1981
213.97141766548157
Resoults
31
[1, 1, 1, 1, 1, 1, 1, 1, 1, 1, 1, 1, 1, 1, 1, 1, 1, 1, 1, 1, 1, 1, 1, 1, 1]
[1, 1, 1, 1, 1, 1, 1, 1, 1, 1, 1, 1, 1, 1, 1, 1, 1, 1, 1, 1, 1, 1, 1, 1, 1]
0.1981
213.97141766548157
5
Resoults
32
[1, 1, 1, 1, 1, 1, 1, 1, 1, 1, 1, 1, 1, 1, 1, 1, 1, 1, 1, 1, 1, 1, 1, 1, 1]
[1, 1, 1, 1, 1, 1, 1, 1, 1, 1, 1, 1, 1, 1, 1, 1, 1, 1, 1, 1, 1, 1, 1, 1, 1]
0.2104
213.51876091957092
Resoults
32
[1, 1, 1, 1, 1, 1, 1, 1, 1, 1, 1, 1, 1, 1, 1, 1, 1, 1, 1, 1, 1, 1, 1, 1, 1]
[1, 1, 1, 1, 1, 1, 1, 1, 1, 1, 1, 1, 1, 1, 1, 1, 1, 1, 1, 1, 1, 1, 1, 1, 1]
0.2104
213.51876091957092
2
Resoults
33
[1, 1, 1, 1, 1, 1, 1, 1, 1, 1, 1, 1, 1, 1, 1, 1, 1, 1, 1, 1, 1, 1, 1, 1, 1]
[1, 1, 1, 1, 1, 1, 1, 1, 1, 1, 1, 1, 1, 1, 1, 1, 1, 1, 1, 1, 1, 1, 1, 1, 1]
0.2333
212.47488045692444
Resoults
33
[1, 1, 1, 1, 1, 1, 1, 1, 1, 1, 1, 1, 1, 1, 1, 1, 1, 1, 1, 1, 1, 1, 1, 1, 1]
[1, 1, 1, 1, 1, 1, 1, 1, 1, 1, 1, 1, 1, 1, 1, 1, 1, 1, 1, 1, 1, 1, 1, 1, 1]
0.2333
212.47488045692444
20
Resoults
34
[1, 1, 1, 1, 1, 1, 1, 1, 1, 1, 1, 1, 1, 1, 1, 1, 1, 1, 1, 1, 1, 1, 1, 1, 1]
[1, 1, 1, 1, 1, 1, 1, 1, 1, 1, 1, 1, 1, 1, 1, 1, 1, 1, 1, 1, 1, 1, 1, 1, 1]
0.2238
212.32754731178284
Resoults
34
[1, 1, 1, 1, 1, 1, 1, 1, 1, 1, 1, 1, 1, 1, 1, 1, 1, 1, 1, 1, 1, 1, 1, 1, 1]
[1, 1, 1, 1, 1, 1, 1, 1, 1, 1, 1, 1, 1, 1, 1, 1, 1, 1, 1, 1, 1, 1, 1, 1, 1]
0.2238
212.32754731178284
0
Resoults
35
[1, 1, 1, 1, 1, 1, 1, 1, 1, 1, 1, 1, 1, 1, 1, 1, 1, 1, 1, 1, 1, 1, 1, 1, 1]
[1, 1, 1, 1, 1, 1, 1, 1, 1, 1, 1, 1, 1, 1, 1, 1, 1, 1, 1, 1, 1, 1, 1, 1, 1]
0.2285
212.5899534225464
Resoults
35
[1, 1, 1, 1, 1, 1, 1, 1, 1, 1, 1, 1, 1, 1, 1, 1, 1, 1, 1, 1, 1, 1, 1, 1, 1]
[1, 1, 1, 1, 1, 1, 1, 1, 1, 1, 1, 1, 1, 1, 1, 1, 1, 1, 1, 1, 1, 1, 1, 1, 1]
0.2285
212.5899534225464
15
Resoults
36
[1, 1, 1, 1, 1, 1, 1, 1, 1, 1, 1, 1, 1, 1, 1, 1, 1, 1, 1, 1, 1, 1, 1, 1, 1]
[1, 1, 1, 1, 1, 1, 1, 1, 1, 1, 1, 1, 1, 1, 1, 1, 1, 1, 1, 1, 1, 1, 1, 1, 1]
0.2277
217.64632987976074
Resoults
36
[1, 1, 1, 1, 1, 1, 1, 1, 1, 1, 1, 1, 1, 1, 1, 1, 1, 1, 1, 1, 1, 1, 1, 1, 1]
[1, 1, 1, 1, 1, 1, 1, 1, 1, 1, 1, 1, 1, 1, 1, 1, 1, 1, 1, 1, 1, 1, 1, 1, 1]
0.2277
217.64632987976074
7
Resoults
37
[1, 1, 1, 1, 1, 1, 1, 1, 1, 1, 1, 1, 1, 1, 1, 1, 1, 1, 1, 1, 1, 1, 1, 1, 1]
[1, 1, 1, 1, 1, 1, 1, 1, 1, 1, 1, 1, 1, 1, 1, 1, 1, 1, 1, 1, 1, 1, 1, 1, 1]
0.2403
216.56058073043823
Resoults
37
[1, 1, 1, 1, 1, 1, 1, 1, 1, 1, 1, 1, 1, 1, 1, 1, 1, 1, 1, 1, 1, 1, 1, 1, 1]
[1, 1, 1, 1, 1, 1, 1, 1, 1, 1, 1, 1, 1, 1, 1, 1, 1, 1, 1, 1, 1, 1, 1, 1, 1]
0.2403
216.56058073043823
19
Resoults
38
[1, 1, 1, 1, 1, 1, 1, 1, 1, 1, 1, 1, 1, 1, 1, 1, 1, 1, 1, 1, 1, 1, 1, 1, 1]
[1, 1, 1, 1, 1, 1, 1, 1, 1, 1, 1, 1, 1, 1, 1, 1, 1, 1, 1, 1, 1, 1, 1, 1, 1]
0.2332
212.4816460609436
Resoults
38
[1, 1, 1, 1, 1, 1, 1, 1, 1, 1, 1, 1, 1, 1, 1, 1, 1, 1, 1, 1, 1, 1, 1, 1, 1]
[1, 1, 1, 1, 1, 1, 1, 1, 1, 1, 1, 1, 1, 1, 1, 1, 1, 1, 1, 1, 1, 1, 1, 1, 1]
0.2332
212.4816460609436
3
Resoults
39
[1, 1, 1, 1, 1, 1, 1, 1, 1, 1, 1, 1, 1, 1, 1, 1, 1, 1, 1, 1, 1, 1, 1, 1, 1]
[1, 1, 1, 1, 1, 1, 1, 1, 1, 1, 1, 1, 1, 1, 1, 1, 1, 1, 1, 1, 1, 1, 1, 1, 1]
0.2516
214.73132181167603
Resoults
39
[1, 1, 1, 1, 1, 1, 1, 1, 1, 1, 1, 1, 1, 1, 1, 1, 1, 1, 1, 1, 1, 1, 1, 1, 1]
[1, 1, 1, 1, 1, 1, 1, 1, 1, 1, 1, 1, 1, 1, 1, 1, 1, 1, 1, 1, 1, 1, 1, 1, 1]
0.2516
214.73132181167603
14
Resoults
40
[1, 1, 1, 1, 1, 1, 1, 1, 1, 1, 1, 1, 1, 1, 1, 1, 1, 1, 1, 1, 1, 1, 1, 1, 1]
[1, 1, 1, 1, 1, 1, 1, 1, 1, 1, 1, 1, 1, 1, 1, 1, 1, 1, 1, 1, 1, 1, 1, 1, 1]
0.2402
218.15294694900513
Resoults
40
[1, 1, 1, 1, 1, 1, 1, 1, 1, 1, 1, 1, 1, 1, 1, 1, 1, 1, 1, 1, 1, 1, 1, 1, 1]
[1, 1, 1, 1, 1, 1, 1, 1, 1, 1, 1, 1, 1, 1, 1, 1, 1, 1, 1, 1, 1, 1, 1, 1, 1]
0.2402
218.15294694900513
10
Resoults
41
[1, 1, 1, 1, 1, 1, 1, 1, 1, 1, 1, 1, 1, 1, 1, 1, 1, 1, 1, 1, 1, 1, 1, 1, 1]
[1, 1, 1, 1, 1, 1, 1, 1, 1, 1, 1, 1, 1, 1, 1, 1, 1, 1, 1, 1, 1, 1, 1, 1, 1]
0.2433
221.48123788833618
Resoults
41
[1, 1, 1, 1, 1, 1, 1, 1, 1, 1, 1, 1, 1, 1, 1, 1, 1, 1, 1, 1, 1, 1, 1, 1, 1]
[1, 1, 1, 1, 1, 1, 1, 1, 1, 1, 1, 1, 1, 1, 1, 1, 1, 1, 1, 1, 1, 1, 1, 1, 1]
0.2433
221.48123788833618
6
Resoults
42
[1, 1, 1, 1, 1, 1, 1, 1, 1, 1, 1, 1, 1, 1, 1, 1, 1, 1, 1, 1, 1, 1, 1, 1, 1]
[1, 1, 1, 1, 1, 1, 1, 1, 1, 1, 1, 1, 1, 1, 1, 1, 1, 1, 1, 1, 1, 1, 1, 1, 1]
0.2442
219.15418910980225
Resoults
42
[1, 1, 1, 1, 1, 1, 1, 1, 1, 1, 1, 1, 1, 1, 1, 1, 1, 1, 1, 1, 1, 1, 1, 1, 1]
[1, 1, 1, 1, 1, 1, 1, 1, 1, 1, 1, 1, 1, 1, 1, 1, 1, 1, 1, 1, 1, 1, 1, 1, 1]
0.2442
219.15418910980225
7
Resoults
43
[1, 1, 1, 1, 1, 1, 1, 1, 1, 1, 1, 1, 1, 1, 1, 1, 1, 1, 1, 1, 1, 1, 1, 1, 1]
[1, 1, 1, 1, 1, 1, 1, 1, 1, 1, 1, 1, 1, 1, 1, 1, 1, 1, 1, 1, 1, 1, 1, 1, 1]
0.2439
217.35655069351196
Resoults
43
[1, 1, 1, 1, 1, 1, 1, 1, 1, 1, 1, 1, 1, 1, 1, 1, 1, 1, 1, 1, 1, 1, 1, 1, 1]
[1, 1, 1, 1, 1, 1, 1, 1, 1, 1, 1, 1, 1, 1, 1, 1, 1, 1, 1, 1, 1, 1, 1, 1, 1]
0.2439
217.35655069351196
18
Resoults
44
[1, 1, 1, 1, 1, 1, 1, 1, 1, 1, 1, 1, 1, 1, 1, 1, 1, 1, 1, 1, 1, 1, 1, 1, 1]
[1, 1, 1, 1, 1, 1, 1, 1, 1, 1, 1, 1, 1, 1, 1, 1, 1, 1, 1, 1, 1, 1, 1, 1, 1]
0.2487
210.41754817962646
Resoults
44
[1, 1, 1, 1, 1, 1, 1, 1, 1, 1, 1, 1, 1, 1, 1, 1, 1, 1, 1, 1, 1, 1, 1, 1, 1]
[1, 1, 1, 1, 1, 1, 1, 1, 1, 1, 1, 1, 1, 1, 1, 1, 1, 1, 1, 1, 1, 1, 1, 1, 1]
0.2487
210.41754817962646
6
Resoults
45
[1, 1, 1, 1, 1, 1, 1, 1, 1, 1, 1, 1, 1, 1, 1, 1, 1, 1, 1, 1, 1, 1, 1, 1, 1]
[1, 1, 1, 1, 1, 1, 1, 1, 1, 1, 1, 1, 1, 1, 1, 1, 1, 1, 1, 1, 1, 1, 1, 1, 1]
0.2641
213.5769748687744
Resoults
45
[1, 1, 1, 1, 1, 1, 1, 1, 1, 1, 1, 1, 1, 1, 1, 1, 1, 1, 1, 1, 1, 1, 1, 1, 1]
[1, 1, 1, 1, 1, 1, 1, 1, 1, 1, 1, 1, 1, 1, 1, 1, 1, 1, 1, 1, 1, 1, 1, 1, 1]
0.2641
213.5769748687744
9
Resoults
46
[1, 1, 1, 1, 1, 1, 1, 1, 1, 1, 1, 1, 1, 1, 1, 1, 1, 1, 1, 1, 1, 1, 1, 1, 1]
[1, 1, 1, 1, 1, 1, 1, 1, 1, 1, 1, 1, 1, 1, 1, 1, 1, 1, 1, 1, 1, 1, 1, 1, 1]
0.2505
213.29314851760864
Resoults
46
[1, 1, 1, 1, 1, 1, 1, 1, 1, 1, 1, 1, 1, 1, 1, 1, 1, 1, 1, 1, 1, 1, 1, 1, 1]
[1, 1, 1, 1, 1, 1, 1, 1, 1, 1, 1, 1, 1, 1, 1, 1, 1, 1, 1, 1, 1, 1, 1, 1, 1]
0.2505
213.29314851760864
23
Resoults
47
[1, 1, 1, 1, 1, 1, 1, 1, 1, 1, 1, 1, 1, 1, 1, 1, 1, 1, 1, 1, 1, 1, 1, 1, 1]
[1, 1, 1, 1, 1, 1, 1, 1, 1, 1, 1, 1, 1, 1, 1, 1, 1, 1, 1, 1, 1, 1, 1, 1, 1]
0.2141
218.98912906646729
Resoults
47
[1, 1, 1, 1, 1, 1, 1, 1, 1, 1, 1, 1, 1, 1, 1, 1, 1, 1, 1, 1, 1, 1, 1, 1, 1]
[1, 1, 1, 1, 1, 1, 1, 1, 1, 1, 1, 1, 1, 1, 1, 1, 1, 1, 1, 1, 1, 1, 1, 1, 1]
0.2141
218.98912906646729
13
Resoults
48
[1, 1, 1, 1, 1, 1, 1, 1, 1, 1, 1, 1, 1, 1, 1, 1, 1, 1, 1, 1, 1, 1, 1, 1, 1]
[1, 1, 1, 1, 1, 1, 1, 1, 1, 1, 1, 1, 1, 1, 1, 1, 1, 1, 1, 1, 1, 1, 1, 1, 1]
0.2586
220.8104317188263
Resoults
48
[1, 1, 1, 1, 1, 1, 1, 1, 1, 1, 1, 1, 1, 1, 1, 1, 1, 1, 1, 1, 1, 1, 1, 1, 1]
[1, 1, 1, 1, 1, 1, 1, 1, 1, 1, 1, 1, 1, 1, 1, 1, 1, 1, 1, 1, 1, 1, 1, 1, 1]
0.2586
220.8104317188263
5
Resoults
49
[1, 1, 1, 1, 1, 1, 1, 1, 1, 1, 1, 1, 1, 1, 1, 1, 1, 1, 1, 1, 1, 1, 1, 1, 1]
[1, 1, 1, 1, 1, 1, 1, 1, 1, 1, 1, 1, 1, 1, 1, 1, 1, 1, 1, 1, 1, 1, 1, 1, 1]
0.2682
224.998028755188
Resoults
49
[1, 1, 1, 1, 1, 1, 1, 1, 1, 1, 1, 1, 1, 1, 1, 1, 1, 1, 1, 1, 1, 1, 1, 1, 1]
[1, 1, 1, 1, 1, 1, 1, 1, 1, 1, 1, 1, 1, 1, 1, 1, 1, 1, 1, 1, 1, 1, 1, 1, 1]
0.2682
224.998028755188
