
Experimental details:
    Model     : mlp
    Optimizer : sgd
    Learning  : 0.01
    Global Rounds   : 50

    Federated parameters:
    Non-IID
    Fraction of users  : 0.0
    Local Batch size   : 10
    Local Epochs       : 1

Files already downloaded and verified
Files already downloaded and verified
2
Resoults
0
[1, 1, 1, 1, 1]
[1, 1, 1, 1, 1]
0.0927
-7.940930098295212
Resoults
0
[1, 1, 1, 1, 1]
[1, 1, 1, 1, 1]
0.0927
-7.940930098295212
2
Resoults
1
[1, 1, 1, 1, 1]
[1, 1, 1, 1, 1]
0.108
-8.05620601773262
Resoults
1
[1, 1, 1, 1, 1]
[1, 1, 1, 1, 1]
0.108
-8.05620601773262
1
Resoults
2
[1, 1, 1, 1, 1]
[1, 1, 1, 1, 1]
0.1194
-8.151280015707016
Resoults
2
[1, 1, 1, 1, 1]
[1, 1, 1, 1, 1]
0.1194
-8.151280015707016
0
Resoults
3
[1, 1, 1, 1, 1]
[1, 1, 1, 1, 1]
0.1333
-8.241417370736599
Resoults
3
[1, 1, 1, 1, 1]
[1, 1, 1, 1, 1]
0.1333
-8.241417370736599
3
Resoults
4
[1, 1, 1, 1, 1]
[1, 1, 1, 1, 1]
0.16
-8.324302040040493
Resoults
4
[1, 1, 1, 1, 1]
[1, 1, 1, 1, 1]
0.16
-8.324302040040493
2
Resoults
5
[1, 1, 1, 1, 1]
[1, 1, 1, 1, 1]
0.1677
-8.42517401278019
Resoults
5
[1, 1, 1, 1, 1]
[1, 1, 1, 1, 1]
0.1677
-8.42517401278019
3
Resoults
6
[1, 1, 1, 1, 1]
[1, 1, 1, 1, 1]
0.1818
-8.535204157233238
Resoults
6
[1, 1, 1, 1, 1]
[1, 1, 1, 1, 1]
0.1818
-8.535204157233238
3
Resoults
7
[1, 1, 1, 1, 1]
[1, 1, 1, 1, 1]
0.1922
-8.706945046782494
Resoults
7
[1, 1, 1, 1, 1]
[1, 1, 1, 1, 1]
0.1922
-8.706945046782494
0
Resoults
8
[1, 1, 1, 1, 1]
[1, 1, 1, 1, 1]
0.1939
-8.87782609462738
Resoults
8
[1, 1, 1, 1, 1]
[1, 1, 1, 1, 1]
0.1939
-8.87782609462738
0
Resoults
9
[1, 1, 1, 1, 1]
[1, 1, 1, 1, 1]
0.1918
-9.138254500925541
Resoults
9
[1, 1, 1, 1, 1]
[1, 1, 1, 1, 1]
0.1918
-9.138254500925541
0
Resoults
10
[1, 1, 1, 1, 1]
[1, 1, 1, 1, 1]
0.2008
-9.495922662317753
Resoults
10
[1, 1, 1, 1, 1]
[1, 1, 1, 1, 1]
0.2008
-9.495922662317753
3
Resoults
11
[1, 1, 1, 1, 1]
[1, 1, 1, 1, 1]
0.2045
-9.730036228895187
Resoults
11
[1, 1, 1, 1, 1]
[1, 1, 1, 1, 1]
0.2045
-9.730036228895187
4
Resoults
12
[1, 1, 1, 1, 1]
[1, 1, 1, 1, 1]
0.209
-10.044101193547249
Resoults
12
[1, 1, 1, 1, 1]
[1, 1, 1, 1, 1]
0.209
-10.044101193547249
3
Resoults
13
[1, 1, 1, 1, 1]
[1, 1, 1, 1, 1]
0.2085
-10.306381829082966
Resoults
13
[1, 1, 1, 1, 1]
[1, 1, 1, 1, 1]
0.2085
-10.306381829082966
2
Resoults
14
[1, 1, 1, 1, 1]
[1, 1, 1, 1, 1]
0.2074
-10.675911955535412
Resoults
14
[1, 1, 1, 1, 1]
[1, 1, 1, 1, 1]
0.2074
-10.675911955535412
3
Resoults
15
[1, 1, 1, 1, 1]
[1, 1, 1, 1, 1]
0.2082
-10.926997423171997
Resoults
15
[1, 1, 1, 1, 1]
[1, 1, 1, 1, 1]
0.2082
-10.926997423171997
2
Resoults
16
[1, 1, 1, 1, 1]
[1, 1, 1, 1, 1]
0.2088
-11.251203529536724
Resoults
16
[1, 1, 1, 1, 1]
[1, 1, 1, 1, 1]
0.2088
-11.251203529536724
2
Resoults
17
[1, 1, 1, 1, 1]
[1, 1, 1, 1, 1]
0.2047
-11.61559222638607
Resoults
17
[1, 1, 1, 1, 1]
[1, 1, 1, 1, 1]
0.2047
-11.61559222638607
1
Resoults
18
[1, 1, 1, 1, 1]
[1, 1, 1, 1, 1]
0.1995
-11.987493619322777
Resoults
18
[1, 1, 1, 1, 1]
[1, 1, 1, 1, 1]
0.1995
-11.987493619322777
3
Resoults
19
[1, 1, 1, 1, 1]
[1, 1, 1, 1, 1]
0.1966
-12.246325172483921
Resoults
19
[1, 1, 1, 1, 1]
[1, 1, 1, 1, 1]
0.1966
-12.246325172483921
3
Resoults
20
[1, 1, 1, 1, 1]
[1, 1, 1, 1, 1]
0.198
-12.470381043851376
Resoults
20
[1, 1, 1, 1, 1]
[1, 1, 1, 1, 1]
0.198
-12.470381043851376
1
Resoults
21
[1, 1, 1, 1, 1]
[1, 1, 1, 1, 1]
0.1986
-12.73568207025528
Resoults
21
[1, 1, 1, 1, 1]
[1, 1, 1, 1, 1]
0.1986
-12.73568207025528
0
Resoults
22
[1, 1, 1, 1, 1]
[1, 1, 1, 1, 1]
0.1996
-12.938622549176216
Resoults
22
[1, 1, 1, 1, 1]
[1, 1, 1, 1, 1]
0.1996
-12.938622549176216
0
Resoults
23
[1, 1, 1, 1, 1]
[1, 1, 1, 1, 1]
0.2022
-13.101214207708836
Resoults
23
[1, 1, 1, 1, 1]
[1, 1, 1, 1, 1]
0.2022
-13.101214207708836
2
Resoults
24
[1, 1, 1, 1, 1]
[1, 1, 1, 1, 1]
0.2038
-13.276498958468437
Resoults
24
[1, 1, 1, 1, 1]
[1, 1, 1, 1, 1]
0.2038
-13.276498958468437
4
Resoults
25
[1, 1, 1, 1, 1]
[1, 1, 1, 1, 1]
0.2041
-13.45005613565445
Resoults
25
[1, 1, 1, 1, 1]
[1, 1, 1, 1, 1]
0.2041
-13.45005613565445
3
Resoults
26
[1, 1, 1, 1, 1]
[1, 1, 1, 1, 1]
0.2042
-13.562277890741825
Resoults
26
[1, 1, 1, 1, 1]
[1, 1, 1, 1, 1]
0.2042
-13.562277890741825
0
Resoults
27
[1, 1, 1, 1, 1]
[1, 1, 1, 1, 1]
0.2073
-13.733278676867485
Resoults
27
[1, 1, 1, 1, 1]
[1, 1, 1, 1, 1]
0.2073
-13.733278676867485
0
Resoults
28
[1, 1, 1, 1, 1]
[1, 1, 1, 1, 1]
0.2117
-13.91411992162466
Resoults
28
[1, 1, 1, 1, 1]
[1, 1, 1, 1, 1]
0.2117
-13.91411992162466
0
Resoults
29
[1, 1, 1, 1, 1]
[1, 1, 1, 1, 1]
0.2142
-14.094196856021881
Resoults
29
[1, 1, 1, 1, 1]
[1, 1, 1, 1, 1]
0.2142
-14.094196856021881
1
Resoults
30
[1, 1, 1, 1, 1]
[1, 1, 1, 1, 1]
0.2113
-14.277089543640614
Resoults
30
[1, 1, 1, 1, 1]
[1, 1, 1, 1, 1]
0.2113
-14.277089543640614
1
Resoults
31
[1, 1, 1, 1, 1]
[1, 1, 1, 1, 1]
0.2103
-14.41120433062315
Resoults
31
[1, 1, 1, 1, 1]
[1, 1, 1, 1, 1]
0.2103
-14.41120433062315
1
Resoults
32
[1, 1, 1, 1, 1]
[1, 1, 1, 1, 1]
0.2104
-14.50382199138403
Resoults
32
[1, 1, 1, 1, 1]
[1, 1, 1, 1, 1]
0.2104
-14.50382199138403
4
Resoults
33
[1, 1, 1, 1, 1]
[1, 1, 1, 1, 1]
0.2091
-14.635493844747543
Resoults
33
[1, 1, 1, 1, 1]
[1, 1, 1, 1, 1]
0.2091
-14.635493844747543
0
Resoults
34
[1, 1, 1, 1, 1]
[1, 1, 1, 1, 1]
0.2148
-14.824953474104404
Resoults
34
[1, 1, 1, 1, 1]
[1, 1, 1, 1, 1]
0.2148
-14.824953474104404
1
Resoults
35
[1, 1, 1, 1, 1]
[1, 1, 1, 1, 1]
0.2164
-14.96309906244278
Resoults
35
[1, 1, 1, 1, 1]
[1, 1, 1, 1, 1]
0.2164
-14.96309906244278
4
Resoults
36
[1, 1, 1, 1, 1]
[1, 1, 1, 1, 1]
0.2145
-15.074238799512386
Resoults
36
[1, 1, 1, 1, 1]
[1, 1, 1, 1, 1]
0.2145
-15.074238799512386
0
Resoults
37
[1, 1, 1, 1, 1]
[1, 1, 1, 1, 1]
0.2184
-15.222074136137962
Resoults
37
[1, 1, 1, 1, 1]
[1, 1, 1, 1, 1]
0.2184
-15.222074136137962
2
Resoults
38
[1, 1, 1, 1, 1]
[1, 1, 1, 1, 1]
0.2229
-15.321484938263893
Resoults
38
[1, 1, 1, 1, 1]
[1, 1, 1, 1, 1]
0.2229
-15.321484938263893
1
Resoults
39
[1, 1, 1, 1, 1]
[1, 1, 1, 1, 1]
0.2224
-15.416632786393166
Resoults
39
[1, 1, 1, 1, 1]
[1, 1, 1, 1, 1]
0.2224
-15.416632786393166
4
Resoults
40
[1, 1, 1, 1, 1]
[1, 1, 1, 1, 1]
0.2235
-15.530590936541557
Resoults
40
[1, 1, 1, 1, 1]
[1, 1, 1, 1, 1]
0.2235
-15.530590936541557
2
Resoults
41
[1, 1, 1, 1, 1]
[1, 1, 1, 1, 1]
0.2243
-15.581211805343628
Resoults
41
[1, 1, 1, 1, 1]
[1, 1, 1, 1, 1]
0.2243
-15.581211805343628
0
Resoults
42
[1, 1, 1, 1, 1]
[1, 1, 1, 1, 1]
0.2246
-15.718931145966053
Resoults
42
[1, 1, 1, 1, 1]
[1, 1, 1, 1, 1]
0.2246
-15.718931145966053
2
Resoults
43
[1, 1, 1, 1, 1]
[1, 1, 1, 1, 1]
0.2245
-15.83932887762785
Resoults
43
[1, 1, 1, 1, 1]
[1, 1, 1, 1, 1]
0.2245
-15.83932887762785
1
Resoults
44
[1, 1, 1, 1, 1]
[1, 1, 1, 1, 1]
0.2261
-15.954171419143677
Resoults
44
[1, 1, 1, 1, 1]
[1, 1, 1, 1, 1]
0.2261
-15.954171419143677
2
Resoults
45
[1, 1, 1, 1, 1]
[1, 1, 1, 1, 1]
0.2296
-16.112390473484993
Resoults
45
[1, 1, 1, 1, 1]
[1, 1, 1, 1, 1]
0.2296
-16.112390473484993
2
Resoults
46
[1, 1, 1, 1, 1]
[1, 1, 1, 1, 1]
0.2309
-16.192154675722122
Resoults
46
[1, 1, 1, 1, 1]
[1, 1, 1, 1, 1]
0.2309
-16.192154675722122
2
Resoults
47
[1, 1, 1, 1, 1]
[1, 1, 1, 1, 1]
0.2339
-16.244904324412346
Resoults
47
[1, 1, 1, 1, 1]
[1, 1, 1, 1, 1]
0.2339
-16.244904324412346
0
Resoults
48
[1, 1, 1, 1, 1]
[1, 1, 1, 1, 1]
0.2336
-16.38452948629856
Resoults
48
[1, 1, 1, 1, 1]
[1, 1, 1, 1, 1]
0.2336
-16.38452948629856
0
Resoults
49
[1, 1, 1, 1, 1]
[1, 1, 1, 1, 1]
0.2337
-16.491150230169296
Resoults
49
[1, 1, 1, 1, 1]
[1, 1, 1, 1, 1]
0.2337
-16.491150230169296

Experimental details:
    Model     : mlp
    Optimizer : sgd
    Learning  : 0.01
    Global Rounds   : 50

    Federated parameters:
    Non-IID
    Fraction of users  : 0.0
    Local Batch size   : 10
    Local Epochs       : 1

Files already downloaded and verified
Files already downloaded and verified
3
Resoults
0
[1, 1, 1, 1, 1]
[1, 1, 1, 1, 1]
0.1208
-7.985369428992271
Resoults
0
[1, 1, 1, 1, 1]
[1, 1, 1, 1, 1]
0.1208
-7.985369428992271
4
Resoults
1
[1, 1, 1, 1, 1]
[1, 1, 1, 1, 1]
0.149
-8.118347838521004
Resoults
1
[1, 1, 1, 1, 1]
[1, 1, 1, 1, 1]
0.149
-8.118347838521004
0
Resoults
2
[1, 1, 1, 1, 1]
[1, 1, 1, 1, 1]
0.174
-8.239002145826817
Resoults
2
[1, 1, 1, 1, 1]
[1, 1, 1, 1, 1]
0.174
-8.239002145826817
4
Resoults
3
[1, 1, 1, 1, 1]
[1, 1, 1, 1, 1]
0.186
-8.353157877922058
Resoults
3
[1, 1, 1, 1, 1]
[1, 1, 1, 1, 1]
0.186
-8.353157877922058
1
Resoults
4
[1, 1, 1, 1, 1]
[1, 1, 1, 1, 1]
0.1866
-8.47594167292118
Resoults
4
[1, 1, 1, 1, 1]
[1, 1, 1, 1, 1]
0.1866
-8.47594167292118
2
Resoults
5
[1, 1, 1, 1, 1]
[1, 1, 1, 1, 1]
0.1898
-8.633235357701778
Resoults
5
[1, 1, 1, 1, 1]
[1, 1, 1, 1, 1]
0.1898
-8.633235357701778
1
Resoults
6
[1, 1, 1, 1, 1]
[1, 1, 1, 1, 1]
0.1891
-8.81696579605341
Resoults
6
[1, 1, 1, 1, 1]
[1, 1, 1, 1, 1]
0.1891
-8.81696579605341
2
Resoults
7
[1, 1, 1, 1, 1]
[1, 1, 1, 1, 1]
0.19
-8.949299074709415
Resoults
7
[1, 1, 1, 1, 1]
[1, 1, 1, 1, 1]
0.19
-8.949299074709415
1
Resoults
8
[1, 1, 1, 1, 1]
[1, 1, 1, 1, 1]
0.192
-9.11898360401392
Resoults
8
[1, 1, 1, 1, 1]
[1, 1, 1, 1, 1]
0.192
-9.11898360401392
0
Resoults
9
[1, 1, 1, 1, 1]
[1, 1, 1, 1, 1]
0.194
-9.350598603487015
Resoults
9
[1, 1, 1, 1, 1]
[1, 1, 1, 1, 1]
0.194
-9.350598603487015
4
Resoults
10
[1, 1, 1, 1, 1]
[1, 1, 1, 1, 1]
0.1933
-9.576905094087124
Resoults
10
[1, 1, 1, 1, 1]
[1, 1, 1, 1, 1]
0.1933
-9.576905094087124
1
Resoults
11
[1, 1, 1, 1, 1]
[1, 1, 1, 1, 1]
0.1912
-9.810099266469479
Resoults
11
[1, 1, 1, 1, 1]
[1, 1, 1, 1, 1]
0.1912
-9.810099266469479
4
Resoults
12
[1, 1, 1, 1, 1]
[1, 1, 1, 1, 1]
0.1908
-10.048752643167973
Resoults
12
[1, 1, 1, 1, 1]
[1, 1, 1, 1, 1]
0.1908
-10.048752643167973
1
Resoults
13
[1, 1, 1, 1, 1]
[1, 1, 1, 1, 1]
0.1924
-10.359598584473133
Resoults
13
[1, 1, 1, 1, 1]
[1, 1, 1, 1, 1]
0.1924
-10.359598584473133
2
Resoults
14
[1, 1, 1, 1, 1]
[1, 1, 1, 1, 1]
0.1956
-10.729780204594135
Resoults
14
[1, 1, 1, 1, 1]
[1, 1, 1, 1, 1]
0.1956
-10.729780204594135
4
Resoults
15
[1, 1, 1, 1, 1]
[1, 1, 1, 1, 1]
0.1928
-11.029526039958
Resoults
15
[1, 1, 1, 1, 1]
[1, 1, 1, 1, 1]
0.1928
-11.029526039958
4
Resoults
16
[1, 1, 1, 1, 1]
[1, 1, 1, 1, 1]
0.1924
-11.296528108417988
Resoults
16
[1, 1, 1, 1, 1]
[1, 1, 1, 1, 1]
0.1924
-11.296528108417988
0
Resoults
17
[1, 1, 1, 1, 1]
[1, 1, 1, 1, 1]
0.1935
-11.76106233149767
Resoults
17
[1, 1, 1, 1, 1]
[1, 1, 1, 1, 1]
0.1935
-11.76106233149767
3
Resoults
18
[1, 1, 1, 1, 1]
[1, 1, 1, 1, 1]
0.1923
-12.020871788263321
Resoults
18
[1, 1, 1, 1, 1]
[1, 1, 1, 1, 1]
0.1923
-12.020871788263321
1
Resoults
19
[1, 1, 1, 1, 1]
[1, 1, 1, 1, 1]
0.1934
-12.359746515750885
Resoults
19
[1, 1, 1, 1, 1]
[1, 1, 1, 1, 1]
0.1934
-12.359746515750885
3
Resoults
20
[1, 1, 1, 1, 1]
[1, 1, 1, 1, 1]
0.1916
-12.60868626832962
Resoults
20
[1, 1, 1, 1, 1]
[1, 1, 1, 1, 1]
0.1916
-12.60868626832962
1
Resoults
21
[1, 1, 1, 1, 1]
[1, 1, 1, 1, 1]
0.1942
-12.871606551110744
Resoults
21
[1, 1, 1, 1, 1]
[1, 1, 1, 1, 1]
0.1942
-12.871606551110744
2
Resoults
22
[1, 1, 1, 1, 1]
[1, 1, 1, 1, 1]
0.1983
-13.138075016438961
Resoults
22
[1, 1, 1, 1, 1]
[1, 1, 1, 1, 1]
0.1983
-13.138075016438961
2
Resoults
23
[1, 1, 1, 1, 1]
[1, 1, 1, 1, 1]
0.198
-13.35925105959177
Resoults
23
[1, 1, 1, 1, 1]
[1, 1, 1, 1, 1]
0.198
-13.35925105959177
0
Resoults
24
[1, 1, 1, 1, 1]
[1, 1, 1, 1, 1]
0.2004
-13.585009030997753
Resoults
24
[1, 1, 1, 1, 1]
[1, 1, 1, 1, 1]
0.2004
-13.585009030997753
4
Resoults
25
[1, 1, 1, 1, 1]
[1, 1, 1, 1, 1]
0.1995
-13.700542621314526
Resoults
25
[1, 1, 1, 1, 1]
[1, 1, 1, 1, 1]
0.1995
-13.700542621314526
2
Resoults
26
[1, 1, 1, 1, 1]
[1, 1, 1, 1, 1]
0.2011
-13.85731828212738
Resoults
26
[1, 1, 1, 1, 1]
[1, 1, 1, 1, 1]
0.2011
-13.85731828212738
3
Resoults
27
[1, 1, 1, 1, 1]
[1, 1, 1, 1, 1]
0.2013
-14.024538200348616
Resoults
27
[1, 1, 1, 1, 1]
[1, 1, 1, 1, 1]
0.2013
-14.024538200348616
3
Resoults
28
[1, 1, 1, 1, 1]
[1, 1, 1, 1, 1]
0.201
-14.118649534881115
Resoults
28
[1, 1, 1, 1, 1]
[1, 1, 1, 1, 1]
0.201
-14.118649534881115
1
Resoults
29
[1, 1, 1, 1, 1]
[1, 1, 1, 1, 1]
0.202
-14.315927147865295
Resoults
29
[1, 1, 1, 1, 1]
[1, 1, 1, 1, 1]
0.202
-14.315927147865295
4
Resoults
30
[1, 1, 1, 1, 1]
[1, 1, 1, 1, 1]
0.203
-14.43894101306796
Resoults
30
[1, 1, 1, 1, 1]
[1, 1, 1, 1, 1]
0.203
-14.43894101306796
1
Resoults
31
[1, 1, 1, 1, 1]
[1, 1, 1, 1, 1]
0.2027
-14.5755026191473
Resoults
31
[1, 1, 1, 1, 1]
[1, 1, 1, 1, 1]
0.2027
-14.5755026191473
2
Resoults
32
[1, 1, 1, 1, 1]
[1, 1, 1, 1, 1]
0.203
-14.654361296445131
Resoults
32
[1, 1, 1, 1, 1]
[1, 1, 1, 1, 1]
0.203
-14.654361296445131
2
Resoults
33
[1, 1, 1, 1, 1]
[1, 1, 1, 1, 1]
0.2076
-14.81737120449543
Resoults
33
[1, 1, 1, 1, 1]
[1, 1, 1, 1, 1]
0.2076
-14.81737120449543
1
Resoults
34
[1, 1, 1, 1, 1]
[1, 1, 1, 1, 1]
0.2061
-14.895233117043972
Resoults
34
[1, 1, 1, 1, 1]
[1, 1, 1, 1, 1]
0.2061
-14.895233117043972
2
Resoults
35
[1, 1, 1, 1, 1]
[1, 1, 1, 1, 1]
0.2075
-15.002307217568159
Resoults
35
[1, 1, 1, 1, 1]
[1, 1, 1, 1, 1]
0.2075
-15.002307217568159
2
Resoults
36
[1, 1, 1, 1, 1]
[1, 1, 1, 1, 1]
0.2086
-15.073233380913734
Resoults
36
[1, 1, 1, 1, 1]
[1, 1, 1, 1, 1]
0.2086
-15.073233380913734
2
Resoults
37
[1, 1, 1, 1, 1]
[1, 1, 1, 1, 1]
0.2084
-15.14457968622446
Resoults
37
[1, 1, 1, 1, 1]
[1, 1, 1, 1, 1]
0.2084
-15.14457968622446
1
Resoults
38
[1, 1, 1, 1, 1]
[1, 1, 1, 1, 1]
0.2093
-15.191937915980816
Resoults
38
[1, 1, 1, 1, 1]
[1, 1, 1, 1, 1]
0.2093
-15.191937915980816
0
Resoults
39
[1, 1, 1, 1, 1]
[1, 1, 1, 1, 1]
0.2113
-15.363450981676579
Resoults
39
[1, 1, 1, 1, 1]
[1, 1, 1, 1, 1]
0.2113
-15.363450981676579
3
Resoults
40
[1, 1, 1, 1, 1]
[1, 1, 1, 1, 1]
0.2109
-15.431397628039122
Resoults
40
[1, 1, 1, 1, 1]
[1, 1, 1, 1, 1]
0.2109
-15.431397628039122
1
Resoults
41
[1, 1, 1, 1, 1]
[1, 1, 1, 1, 1]
0.2121
-15.481460653245449
Resoults
41
[1, 1, 1, 1, 1]
[1, 1, 1, 1, 1]
0.2121
-15.481460653245449
4
Resoults
42
[1, 1, 1, 1, 1]
[1, 1, 1, 1, 1]
0.2124
-15.552959557622671
Resoults
42
[1, 1, 1, 1, 1]
[1, 1, 1, 1, 1]
0.2124
-15.552959557622671
4
Resoults
43
[1, 1, 1, 1, 1]
[1, 1, 1, 1, 1]
0.2109
-15.551153145730495
Resoults
43
[1, 1, 1, 1, 1]
[1, 1, 1, 1, 1]
0.2109
-15.551153145730495
4
Resoults
44
[1, 1, 1, 1, 1]
[1, 1, 1, 1, 1]
0.2117
-15.628776606172323
Resoults
44
[1, 1, 1, 1, 1]
[1, 1, 1, 1, 1]
0.2117
-15.628776606172323
1
Resoults
45
[1, 1, 1, 1, 1]
[1, 1, 1, 1, 1]
0.2126
-15.736647982150316
Resoults
45
[1, 1, 1, 1, 1]
[1, 1, 1, 1, 1]
0.2126
-15.736647982150316
2
Resoults
46
[1, 1, 1, 1, 1]
[1, 1, 1, 1, 1]
0.2139
-15.794575680047274
Resoults
46
[1, 1, 1, 1, 1]
[1, 1, 1, 1, 1]
0.2139
-15.794575680047274
0
Resoults
47
[1, 1, 1, 1, 1]
[1, 1, 1, 1, 1]
0.2144
-15.918309099972248
Resoults
47
[1, 1, 1, 1, 1]
[1, 1, 1, 1, 1]
0.2144
-15.918309099972248
3
Resoults
48
[1, 1, 1, 1, 1]
[1, 1, 1, 1, 1]
0.2163
-16.004624888300896
Resoults
48
[1, 1, 1, 1, 1]
[1, 1, 1, 1, 1]
0.2163
-16.004624888300896
2
Resoults
49
[1, 1, 1, 1, 1]
[1, 1, 1, 1, 1]
0.2162
-16.07769587635994
Resoults
49
[1, 1, 1, 1, 1]
[1, 1, 1, 1, 1]
0.2162
-16.07769587635994

Experimental details:
    Model     : mlp
    Optimizer : sgd
    Learning  : 0.01
    Global Rounds   : 50

    Federated parameters:
    Non-IID
    Fraction of users  : 0.0
    Local Batch size   : 10
    Local Epochs       : 1

Files already downloaded and verified
Files already downloaded and verified
3
Resoults
0
[1, 1, 1, 1, 1]
[1, 1, 1, 1, 1]
0.092
-7.98453214019537
Resoults
0
[1, 1, 1, 1, 1]
[1, 1, 1, 1, 1]
0.092
-7.98453214019537
0
Resoults
1
[1, 1, 1, 1, 1]
[1, 1, 1, 1, 1]
0.1151
-8.088354133069515
Resoults
1
[1, 1, 1, 1, 1]
[1, 1, 1, 1, 1]
0.1151
-8.088354133069515
1
Resoults
2
[1, 1, 1, 1, 1]
[1, 1, 1, 1, 1]
0.1319
-8.18060002475977
Resoults
2
[1, 1, 1, 1, 1]
[1, 1, 1, 1, 1]
0.1319
-8.18060002475977
3
Resoults
3
[1, 1, 1, 1, 1]
[1, 1, 1, 1, 1]
0.149
-8.273040182888508
Resoults
3
[1, 1, 1, 1, 1]
[1, 1, 1, 1, 1]
0.149
-8.273040182888508
4
Resoults
4
[1, 1, 1, 1, 1]
[1, 1, 1, 1, 1]
0.163
-8.430967323482037
Resoults
4
[1, 1, 1, 1, 1]
[1, 1, 1, 1, 1]
0.163
-8.430967323482037
3
Resoults
5
[1, 1, 1, 1, 1]
[1, 1, 1, 1, 1]
0.1733
-8.618302248418331
Resoults
5
[1, 1, 1, 1, 1]
[1, 1, 1, 1, 1]
0.1733
-8.618302248418331
3
Resoults
6
[1, 1, 1, 1, 1]
[1, 1, 1, 1, 1]
0.1846
-8.846246547996998
Resoults
6
[1, 1, 1, 1, 1]
[1, 1, 1, 1, 1]
0.1846
-8.846246547996998
2
Resoults
7
[1, 1, 1, 1, 1]
[1, 1, 1, 1, 1]
0.192
-9.131981529295444
Resoults
7
[1, 1, 1, 1, 1]
[1, 1, 1, 1, 1]
0.192
-9.131981529295444
0
Resoults
8
[1, 1, 1, 1, 1]
[1, 1, 1, 1, 1]
0.1953
-9.514425449073315
Resoults
8
[1, 1, 1, 1, 1]
[1, 1, 1, 1, 1]
0.1953
-9.514425449073315
0
Resoults
9
[1, 1, 1, 1, 1]
[1, 1, 1, 1, 1]
0.1947
-9.860426098108292
Resoults
9
[1, 1, 1, 1, 1]
[1, 1, 1, 1, 1]
0.1947
-9.860426098108292
4
Resoults
10
[1, 1, 1, 1, 1]
[1, 1, 1, 1, 1]
0.1954
-10.139413014054298
Resoults
10
[1, 1, 1, 1, 1]
[1, 1, 1, 1, 1]
0.1954
-10.139413014054298
1
Resoults
11
[1, 1, 1, 1, 1]
[1, 1, 1, 1, 1]
0.1913
-10.460880741477013
Resoults
11
[1, 1, 1, 1, 1]
[1, 1, 1, 1, 1]
0.1913
-10.460880741477013
4
Resoults
12
[1, 1, 1, 1, 1]
[1, 1, 1, 1, 1]
0.1915
-10.687706664204597
Resoults
12
[1, 1, 1, 1, 1]
[1, 1, 1, 1, 1]
0.1915
-10.687706664204597
4
Resoults
13
[1, 1, 1, 1, 1]
[1, 1, 1, 1, 1]
0.1908
-10.903731785714626
Resoults
13
[1, 1, 1, 1, 1]
[1, 1, 1, 1, 1]
0.1908
-10.903731785714626
4
Resoults
14
[1, 1, 1, 1, 1]
[1, 1, 1, 1, 1]
0.1901
-11.114018835127354
Resoults
14
[1, 1, 1, 1, 1]
[1, 1, 1, 1, 1]
0.1901
-11.114018835127354
3
Resoults
15
[1, 1, 1, 1, 1]
[1, 1, 1, 1, 1]
0.1896
-11.3402768522501
Resoults
15
[1, 1, 1, 1, 1]
[1, 1, 1, 1, 1]
0.1896
-11.3402768522501
2
Resoults
16
[1, 1, 1, 1, 1]
[1, 1, 1, 1, 1]
0.1902
-11.633418150246143
Resoults
16
[1, 1, 1, 1, 1]
[1, 1, 1, 1, 1]
0.1902
-11.633418150246143
2
Resoults
17
[1, 1, 1, 1, 1]
[1, 1, 1, 1, 1]
0.191
-11.851308912038803
Resoults
17
[1, 1, 1, 1, 1]
[1, 1, 1, 1, 1]
0.191
-11.851308912038803
1
Resoults
18
[1, 1, 1, 1, 1]
[1, 1, 1, 1, 1]
0.1866
-12.162715919315815
Resoults
18
[1, 1, 1, 1, 1]
[1, 1, 1, 1, 1]
0.1866
-12.162715919315815
3
Resoults
19
[1, 1, 1, 1, 1]
[1, 1, 1, 1, 1]
0.1861
-12.389500133693218
Resoults
19
[1, 1, 1, 1, 1]
[1, 1, 1, 1, 1]
0.1861
-12.389500133693218
0
Resoults
20
[1, 1, 1, 1, 1]
[1, 1, 1, 1, 1]
0.1865
-12.578512892127037
Resoults
20
[1, 1, 1, 1, 1]
[1, 1, 1, 1, 1]
0.1865
-12.578512892127037
1
Resoults
21
[1, 1, 1, 1, 1]
[1, 1, 1, 1, 1]
0.1857
-12.8160155788064
Resoults
21
[1, 1, 1, 1, 1]
[1, 1, 1, 1, 1]
0.1857
-12.8160155788064
0
Resoults
22
[1, 1, 1, 1, 1]
[1, 1, 1, 1, 1]
0.1879
-12.999697707593441
Resoults
22
[1, 1, 1, 1, 1]
[1, 1, 1, 1, 1]
0.1879
-12.999697707593441
1
Resoults
23
[1, 1, 1, 1, 1]
[1, 1, 1, 1, 1]
0.1858
-13.144677206873894
Resoults
23
[1, 1, 1, 1, 1]
[1, 1, 1, 1, 1]
0.1858
-13.144677206873894
1
Resoults
24
[1, 1, 1, 1, 1]
[1, 1, 1, 1, 1]
0.1854
-13.277082704007626
Resoults
24
[1, 1, 1, 1, 1]
[1, 1, 1, 1, 1]
0.1854
-13.277082704007626
3
Resoults
25
[1, 1, 1, 1, 1]
[1, 1, 1, 1, 1]
0.1885
-13.39898457378149
Resoults
25
[1, 1, 1, 1, 1]
[1, 1, 1, 1, 1]
0.1885
-13.39898457378149
2
Resoults
26
[1, 1, 1, 1, 1]
[1, 1, 1, 1, 1]
0.1934
-13.55428732931614
Resoults
26
[1, 1, 1, 1, 1]
[1, 1, 1, 1, 1]
0.1934
-13.55428732931614
1
Resoults
27
[1, 1, 1, 1, 1]
[1, 1, 1, 1, 1]
0.1917
-13.692676670849323
Resoults
27
[1, 1, 1, 1, 1]
[1, 1, 1, 1, 1]
0.1917
-13.692676670849323
2
Resoults
28
[1, 1, 1, 1, 1]
[1, 1, 1, 1, 1]
0.1943
-13.804703764617443
Resoults
28
[1, 1, 1, 1, 1]
[1, 1, 1, 1, 1]
0.1943
-13.804703764617443
0
Resoults
29
[1, 1, 1, 1, 1]
[1, 1, 1, 1, 1]
0.1984
-13.961084254086018
Resoults
29
[1, 1, 1, 1, 1]
[1, 1, 1, 1, 1]
0.1984
-13.961084254086018
4
Resoults
30
[1, 1, 1, 1, 1]
[1, 1, 1, 1, 1]
0.1984
-14.100452944636345
Resoults
30
[1, 1, 1, 1, 1]
[1, 1, 1, 1, 1]
0.1984
-14.100452944636345
4
Resoults
31
[1, 1, 1, 1, 1]
[1, 1, 1, 1, 1]
0.199
-14.206445254385471
Resoults
31
[1, 1, 1, 1, 1]
[1, 1, 1, 1, 1]
0.199
-14.206445254385471
3
Resoults
32
[1, 1, 1, 1, 1]
[1, 1, 1, 1, 1]
0.2008
-14.326539687812328
Resoults
32
[1, 1, 1, 1, 1]
[1, 1, 1, 1, 1]
0.2008
-14.326539687812328
3
Resoults
33
[1, 1, 1, 1, 1]
[1, 1, 1, 1, 1]
0.202
-14.473983108997345
Resoults
33
[1, 1, 1, 1, 1]
[1, 1, 1, 1, 1]
0.202
-14.473983108997345
4
Resoults
34
[1, 1, 1, 1, 1]
[1, 1, 1, 1, 1]
0.203
-14.569341599941254
Resoults
34
[1, 1, 1, 1, 1]
[1, 1, 1, 1, 1]
0.203
-14.569341599941254
1
Resoults
35
[1, 1, 1, 1, 1]
[1, 1, 1, 1, 1]
0.2006
-14.644758954644203
Resoults
35
[1, 1, 1, 1, 1]
[1, 1, 1, 1, 1]
0.2006
-14.644758954644203
2
Resoults
36
[1, 1, 1, 1, 1]
[1, 1, 1, 1, 1]
0.2045
-14.789186753332615
Resoults
36
[1, 1, 1, 1, 1]
[1, 1, 1, 1, 1]
0.2045
-14.789186753332615
4
Resoults
37
[1, 1, 1, 1, 1]
[1, 1, 1, 1, 1]
0.2051
-14.872234664857388
Resoults
37
[1, 1, 1, 1, 1]
[1, 1, 1, 1, 1]
0.2051
-14.872234664857388
1
Resoults
38
[1, 1, 1, 1, 1]
[1, 1, 1, 1, 1]
0.2058
-14.968657650053501
Resoults
38
[1, 1, 1, 1, 1]
[1, 1, 1, 1, 1]
0.2058
-14.968657650053501
4
Resoults
39
[1, 1, 1, 1, 1]
[1, 1, 1, 1, 1]
0.2051
-15.031355321407318
Resoults
39
[1, 1, 1, 1, 1]
[1, 1, 1, 1, 1]
0.2051
-15.031355321407318
2
Resoults
40
[1, 1, 1, 1, 1]
[1, 1, 1, 1, 1]
0.208
-15.13277330249548
Resoults
40
[1, 1, 1, 1, 1]
[1, 1, 1, 1, 1]
0.208
-15.13277330249548
1
Resoults
41
[1, 1, 1, 1, 1]
[1, 1, 1, 1, 1]
0.2101
-15.18098808079958
Resoults
41
[1, 1, 1, 1, 1]
[1, 1, 1, 1, 1]
0.2101
-15.18098808079958
4
Resoults
42
[1, 1, 1, 1, 1]
[1, 1, 1, 1, 1]
0.2107
-15.309697724878788
Resoults
42
[1, 1, 1, 1, 1]
[1, 1, 1, 1, 1]
0.2107
-15.309697724878788
0
Resoults
43
[1, 1, 1, 1, 1]
[1, 1, 1, 1, 1]
0.2155
-15.458164766430855
Resoults
43
[1, 1, 1, 1, 1]
[1, 1, 1, 1, 1]
0.2155
-15.458164766430855
0
Resoults
44
[1, 1, 1, 1, 1]
[1, 1, 1, 1, 1]
0.2177
-15.555818885564804
Resoults
44
[1, 1, 1, 1, 1]
[1, 1, 1, 1, 1]
0.2177
-15.555818885564804
3
Resoults
45
[1, 1, 1, 1, 1]
[1, 1, 1, 1, 1]
0.2207
-15.707067735493183
Resoults
45
[1, 1, 1, 1, 1]
[1, 1, 1, 1, 1]
0.2207
-15.707067735493183
4
Resoults
46
[1, 1, 1, 1, 1]
[1, 1, 1, 1, 1]
0.2207
-15.790327467024326
Resoults
46
[1, 1, 1, 1, 1]
[1, 1, 1, 1, 1]
0.2207
-15.790327467024326
2
Resoults
47
[1, 1, 1, 1, 1]
[1, 1, 1, 1, 1]
0.224
-15.90503577888012
Resoults
47
[1, 1, 1, 1, 1]
[1, 1, 1, 1, 1]
0.224
-15.90503577888012
2
Resoults
48
[1, 1, 1, 1, 1]
[1, 1, 1, 1, 1]
0.2285
-16.044184908270836
Resoults
48
[1, 1, 1, 1, 1]
[1, 1, 1, 1, 1]
0.2285
-16.044184908270836
4
Resoults
49
[1, 1, 1, 1, 1]
[1, 1, 1, 1, 1]
0.231
-16.142611116170883
Resoults
49
[1, 1, 1, 1, 1]
[1, 1, 1, 1, 1]
0.231
-16.142611116170883
 1, 1, 1, 1, 1, 1, 1, 1, 1, 1, 1, 1, 1, 1, 1, 1, 1, 1, 1, 1]
[1, 1, 1, 1, 1, 1, 1, 1, 1, 1, 1, 1, 1, 1, 1, 1, 1, 1, 1, 1, 1, 1, 1, 1, 1]
0.1939
-9.459298342466354
0
Resoults
7
[1, 1, 1, 1, 1, 1, 1, 1, 1, 1, 1, 1, 1, 1, 1, 1, 1, 1, 1, 1, 1, 1, 1, 1, 1]
[1, 1, 1, 1, 1, 1, 1, 1, 1, 1, 1, 1, 1, 1, 1, 1, 1, 1, 1, 1, 1, 1, 1, 1, 1]
0.19
-9.901297807693481
Resoults
7
[1, 1, 1, 1, 1, 1, 1, 1, 1, 1, 1, 1, 1, 1, 1, 1, 1, 1, 1, 1, 1, 1, 1, 1, 1]
[1, 1, 1, 1, 1, 1, 1, 1, 1, 1, 1, 1, 1, 1, 1, 1, 1, 1, 1, 1, 1, 1, 1, 1, 1]
0.19
-9.901297807693481
5
Resoults
8
[1, 1, 1, 1, 1, 1, 1, 1, 1, 1, 1, 1, 1, 1, 1, 1, 1, 1, 1, 1, 1, 1, 1, 1, 1]
[1, 1, 1, 1, 1, 1, 1, 1, 1, 1, 1, 1, 1, 1, 1, 1, 1, 1, 1, 1, 1, 1, 1, 1, 1]
0.1886
-10.337290845811367
Resoults
8
[1, 1, 1, 1, 1, 1, 1, 1, 1, 1, 1, 1, 1, 1, 1, 1, 1, 1, 1, 1, 1, 1, 1, 1, 1]
[1, 1, 1, 1, 1, 1, 1, 1, 1, 1, 1, 1, 1, 1, 1, 1, 1, 1, 1, 1, 1, 1, 1, 1, 1]
0.1886
-10.337290845811367
6
Resoults
9
[1, 1, 1, 1, 1, 1, 1, 1, 1, 1, 1, 1, 1, 1, 1, 1, 1, 1, 1, 1, 1, 1, 1, 1, 1]
[1, 1, 1, 1, 1, 1, 1, 1, 1, 1, 1, 1, 1, 1, 1, 1, 1, 1, 1, 1, 1, 1, 1, 1, 1]
0.1815
-10.802164070308208
Resoults
9
[1, 1, 1, 1, 1, 1, 1, 1, 1, 1, 1, 1, 1, 1, 1, 1, 1, 1, 1, 1, 1, 1, 1, 1, 1]
[1, 1, 1, 1, 1, 1, 1, 1, 1, 1, 1, 1, 1, 1, 1, 1, 1, 1, 1, 1, 1, 1, 1, 1, 1]
0.1815
-10.802164070308208
0
Resoults
10
[1, 1, 1, 1, 1, 1, 1, 1, 1, 1, 1, 1, 1, 1, 1, 1, 1, 1, 1, 1, 1, 1, 1, 1, 1]
[1, 1, 1, 1, 1, 1, 1, 1, 1, 1, 1, 1, 1, 1, 1, 1, 1, 1, 1, 1, 1, 1, 1, 1, 1]
0.1782
-11.167665235698223
Resoults
10
[1, 1, 1, 1, 1, 1, 1, 1, 1, 1, 1, 1, 1, 1, 1, 1, 1, 1, 1, 1, 1, 1, 1, 1, 1]
[1, 1, 1, 1, 1, 1, 1, 1, 1, 1, 1, 1, 1, 1, 1, 1, 1, 1, 1, 1, 1, 1, 1, 1, 1]
0.1782
-11.167665235698223
3
Resoults
11
[1, 1, 1, 1, 1, 1, 1, 1, 1, 1, 1, 1, 1, 1, 1, 1, 1, 1, 1, 1, 1, 1, 1, 1, 1]
[1, 1, 1, 1, 1, 1, 1, 1, 1, 1, 1, 1, 1, 1, 1, 1, 1, 1, 1, 1, 1, 1, 1, 1, 1]
0.1748
-11.451476968824863
Resoults
11
[1, 1, 1, 1, 1, 1, 1, 1, 1, 1, 1, 1, 1, 1, 1, 1, 1, 1, 1, 1, 1, 1, 1, 1, 1]
[1, 1, 1, 1, 1, 1, 1, 1, 1, 1, 1, 1, 1, 1, 1, 1, 1, 1, 1, 1, 1, 1, 1, 1, 1]
0.1748
-11.451476968824863
21
Resoults
12
[1, 1, 1, 1, 1, 1, 1, 1, 1, 1, 1, 1, 1, 1, 1, 1, 1, 1, 1, 1, 1, 1, 1, 1, 1]
[1, 1, 1, 1, 1, 1, 1, 1, 1, 1, 1, 1, 1, 1, 1, 1, 1, 1, 1, 1, 1, 1, 1, 1, 1]
0.1756
-11.750777706503868
Resoults
12
[1, 1, 1, 1, 1, 1, 1, 1, 1, 1, 1, 1, 1, 1, 1, 1, 1, 1, 1, 1, 1, 1, 1, 1, 1]
[1, 1, 1, 1, 1, 1, 1, 1, 1, 1, 1, 1, 1, 1, 1, 1, 1, 1, 1, 1, 1, 1, 1, 1, 1]
0.1756
-11.750777706503868
2
Resoults
13
[1, 1, 1, 1, 1, 1, 1, 1, 1, 1, 1, 1, 1, 1, 1, 1, 1, 1, 1, 1, 1, 1, 1, 1, 1]
[1, 1, 1, 1, 1, 1, 1, 1, 1, 1, 1, 1, 1, 1, 1, 1, 1, 1, 1, 1, 1, 1, 1, 1, 1]
0.178
-12.021030873060226
Resoults
13
[1, 1, 1, 1, 1, 1, 1, 1, 1, 1, 1, 1, 1, 1, 1, 1, 1, 1, 1, 1, 1, 1, 1, 1, 1]
[1, 1, 1, 1, 1, 1, 1, 1, 1, 1, 1, 1, 1, 1, 1, 1, 1, 1, 1, 1, 1, 1, 1, 1, 1]
0.178
-12.021030873060226
15
Resoults
14
[1, 1, 1, 1, 1, 1, 1, 1, 1, 1, 1, 1, 1, 1, 1, 1, 1, 1, 1, 1, 1, 1, 1, 1, 1]
[1, 1, 1, 1, 1, 1, 1, 1, 1, 1, 1, 1, 1, 1, 1, 1, 1, 1, 1, 1, 1, 1, 1, 1, 1]
0.1757
-12.237049162387848
Resoults
14
[1, 1, 1, 1, 1, 1, 1, 1, 1, 1, 1, 1, 1, 1, 1, 1, 1, 1, 1, 1, 1, 1, 1, 1, 1]
[1, 1, 1, 1, 1, 1, 1, 1, 1, 1, 1, 1, 1, 1, 1, 1, 1, 1, 1, 1, 1, 1, 1, 1, 1]
0.1757
-12.237049162387848
17
Resoults
15
[1, 1, 1, 1, 1, 1, 1, 1, 1, 1, 1, 1, 1, 1, 1, 1, 1, 1, 1, 1, 1, 1, 1, 1, 1]
[1, 1, 1, 1, 1, 1, 1, 1, 1, 1, 1, 1, 1, 1, 1, 1, 1, 1, 1, 1, 1, 1, 1, 1, 1]
0.1745
-12.367776870727539
Resoults
15
[1, 1, 1, 1, 1, 1, 1, 1, 1, 1, 1, 1, 1, 1, 1, 1, 1, 1, 1, 1, 1, 1, 1, 1, 1]
[1, 1, 1, 1, 1, 1, 1, 1, 1, 1, 1, 1, 1, 1, 1, 1, 1, 1, 1, 1, 1, 1, 1, 1, 1]
0.1745
-12.367776870727539
0
Resoults
16
[1, 1, 1, 1, 1, 1, 1, 1, 1, 1, 1, 1, 1, 1, 1, 1, 1, 1, 1, 1, 1, 1, 1, 1, 1]
[1, 1, 1, 1, 1, 1, 1, 1, 1, 1, 1, 1, 1, 1, 1, 1, 1, 1, 1, 1, 1, 1, 1, 1, 1]
0.1751
-12.56314031779766
Resoults
16
[1, 1, 1, 1, 1, 1, 1, 1, 1, 1, 1, 1, 1, 1, 1, 1, 1, 1, 1, 1, 1, 1, 1, 1, 1]
[1, 1, 1, 1, 1, 1, 1, 1, 1, 1, 1, 1, 1, 1, 1, 1, 1, 1, 1, 1, 1, 1, 1, 1, 1]
0.1751
-12.56314031779766
2
Resoults
17
[1, 1, 1, 1, 1, 1, 1, 1, 1, 1, 1, 1, 1, 1, 1, 1, 1, 1, 1, 1, 1, 1, 1, 1, 1]
[1, 1, 1, 1, 1, 1, 1, 1, 1, 1, 1, 1, 1, 1, 1, 1, 1, 1, 1, 1, 1, 1, 1, 1, 1]
0.1743
-12.703754737973213
Resoults
17
[1, 1, 1, 1, 1, 1, 1, 1, 1, 1, 1, 1, 1, 1, 1, 1, 1, 1, 1, 1, 1, 1, 1, 1, 1]
[1, 1, 1, 1, 1, 1, 1, 1, 1, 1, 1, 1, 1, 1, 1, 1, 1, 1, 1, 1, 1, 1, 1, 1, 1]
0.1743
-12.703754737973213
18
Resoults
18
[1, 1, 1, 1, 1, 1, 1, 1, 1, 1, 1, 1, 1, 1, 1, 1, 1, 1, 1, 1, 1, 1, 1, 1, 1]
[1, 1, 1, 1, 1, 1, 1, 1, 1, 1, 1, 1, 1, 1, 1, 1, 1, 1, 1, 1, 1, 1, 1, 1, 1]
0.1759
-12.836482673883438
Resoults
18
[1, 1, 1, 1, 1, 1, 1, 1, 1, 1, 1, 1, 1, 1, 1, 1, 1, 1, 1, 1, 1, 1, 1, 1, 1]
[1, 1, 1, 1, 1, 1, 1, 1, 1, 1, 1, 1, 1, 1, 1, 1, 1, 1, 1, 1, 1, 1, 1, 1, 1]
0.1759
-12.836482673883438
12
Resoults
19
[1, 1, 1, 1, 1, 1, 1, 1, 1, 1, 1, 1, 1, 1, 1, 1, 1, 1, 1, 1, 1, 1, 1, 1, 1]
[1, 1, 1, 1, 1, 1, 1, 1, 1, 1, 1, 1, 1, 1, 1, 1, 1, 1, 1, 1, 1, 1, 1, 1, 1]
0.1773
-12.928950011730194
Resoults
19
[1, 1, 1, 1, 1, 1, 1, 1, 1, 1, 1, 1, 1, 1, 1, 1, 1, 1, 1, 1, 1, 1, 1, 1, 1]
[1, 1, 1, 1, 1, 1, 1, 1, 1, 1, 1, 1, 1, 1, 1, 1, 1, 1, 1, 1, 1, 1, 1, 1, 1]
0.1773
-12.928950011730194
10
Resoults
20
[1, 1, 1, 1, 1, 1, 1, 1, 1, 1, 1, 1, 1, 1, 1, 1, 1, 1, 1, 1, 1, 1, 1, 1, 1]
[1, 1, 1, 1, 1, 1, 1, 1, 1, 1, 1, 1, 1, 1, 1, 1, 1, 1, 1, 1, 1, 1, 1, 1, 1]
0.1781
-13.025692887604237
Resoults
20
[1, 1, 1, 1, 1, 1, 1, 1, 1, 1, 1, 1, 1, 1, 1, 1, 1, 1, 1, 1, 1, 1, 1, 1, 1]
[1, 1, 1, 1, 1, 1, 1, 1, 1, 1, 1, 1, 1, 1, 1, 1, 1, 1, 1, 1, 1, 1, 1, 1, 1]
0.1781
-13.025692887604237
4
Resoults
21
[1, 1, 1, 1, 1, 1, 1, 1, 1, 1, 1, 1, 1, 1, 1, 1, 1, 1, 1, 1, 1, 1, 1, 1, 1]
[1, 1, 1, 1, 1, 1, 1, 1, 1, 1, 1, 1, 1, 1, 1, 1, 1, 1, 1, 1, 1, 1, 1, 1, 1]
0.1799
-13.158834531903267
Resoults
21
[1, 1, 1, 1, 1, 1, 1, 1, 1, 1, 1, 1, 1, 1, 1, 1, 1, 1, 1, 1, 1, 1, 1, 1, 1]
[1, 1, 1, 1, 1, 1, 1, 1, 1, 1, 1, 1, 1, 1, 1, 1, 1, 1, 1, 1, 1, 1, 1, 1, 1]
0.1799
-13.158834531903267
16
Resoults
22
[1, 1, 1, 1, 1, 1, 1, 1, 1, 1, 1, 1, 1, 1, 1, 1, 1, 1, 1, 1, 1, 1, 1, 1, 1]
[1, 1, 1, 1, 1, 1, 1, 1, 1, 1, 1, 1, 1, 1, 1, 1, 1, 1, 1, 1, 1, 1, 1, 1, 1]
0.1857
-13.301940590143204
Resoults
22
[1, 1, 1, 1, 1, 1, 1, 1, 1, 1, 1, 1, 1, 1, 1, 1, 1, 1, 1, 1, 1, 1, 1, 1, 1]
[1, 1, 1, 1, 1, 1, 1, 1, 1, 1, 1, 1, 1, 1, 1, 1, 1, 1, 1, 1, 1, 1, 1, 1, 1]
0.1857
-13.301940590143204
20
Resoults
23
[1, 1, 1, 1, 1, 1, 1, 1, 1, 1, 1, 1, 1, 1, 1, 1, 1, 1, 1, 1, 1, 1, 1, 1, 1]
[1, 1, 1, 1, 1, 1, 1, 1, 1, 1, 1, 1, 1, 1, 1, 1, 1, 1, 1, 1, 1, 1, 1, 1, 1]
0.1919
-13.469670809805393
Resoults
23
[1, 1, 1, 1, 1, 1, 1, 1, 1, 1, 1, 1, 1, 1, 1, 1, 1, 1, 1, 1, 1, 1, 1, 1, 1]
[1, 1, 1, 1, 1, 1, 1, 1, 1, 1, 1, 1, 1, 1, 1, 1, 1, 1, 1, 1, 1, 1, 1, 1, 1]
0.1919
-13.469670809805393
14
Resoults
24
[1, 1, 1, 1, 1, 1, 1, 1, 1, 1, 1, 1, 1, 1, 1, 1, 1, 1, 1, 1, 1, 1, 1, 1, 1]
[1, 1, 1, 1, 1, 1, 1, 1, 1, 1, 1, 1, 1, 1, 1, 1, 1, 1, 1, 1, 1, 1, 1, 1, 1]
0.193
-13.601479731500149
Resoults
24
[1, 1, 1, 1, 1, 1, 1, 1, 1, 1, 1, 1, 1, 1, 1, 1, 1, 1, 1, 1, 1, 1, 1, 1, 1]
[1, 1, 1, 1, 1, 1, 1, 1, 1, 1, 1, 1, 1, 1, 1, 1, 1, 1, 1, 1, 1, 1, 1, 1, 1]
0.193
-13.601479731500149
12
Resoults
25
[1, 1, 1, 1, 1, 1, 1, 1, 1, 1, 1, 1, 1, 1, 1, 1, 1, 1, 1, 1, 1, 1, 1, 1, 1]
[1, 1, 1, 1, 1, 1, 1, 1, 1, 1, 1, 1, 1, 1, 1, 1, 1, 1, 1, 1, 1, 1, 1, 1, 1]
0.1976
-13.704873502254486
Resoults
25
[1, 1, 1, 1, 1, 1, 1, 1, 1, 1, 1, 1, 1, 1, 1, 1, 1, 1, 1, 1, 1, 1, 1, 1, 1]
[1, 1, 1, 1, 1, 1, 1, 1, 1, 1, 1, 1, 1, 1, 1, 1, 1, 1, 1, 1, 1, 1, 1, 1, 1]
0.1976
-13.704873502254486
4
Resoults
26
[1, 1, 1, 1, 1, 1, 1, 1, 1, 1, 1, 1, 1, 1, 1, 1, 1, 1, 1, 1, 1, 1, 1, 1, 1]
[1, 1, 1, 1, 1, 1, 1, 1, 1, 1, 1, 1, 1, 1, 1, 1, 1, 1, 1, 1, 1, 1, 1, 1, 1]
0.1978
-13.82606441527605
Resoults
26
[1, 1, 1, 1, 1, 1, 1, 1, 1, 1, 1, 1, 1, 1, 1, 1, 1, 1, 1, 1, 1, 1, 1, 1, 1]
[1, 1, 1, 1, 1, 1, 1, 1, 1, 1, 1, 1, 1, 1, 1, 1, 1, 1, 1, 1, 1, 1, 1, 1, 1]
0.1978
-13.82606441527605
24
Resoults
27
[1, 1, 1, 1, 1, 1, 1, 1, 1, 1, 1, 1, 1, 1, 1, 1, 1, 1, 1, 1, 1, 1, 1, 1, 1]
[1, 1, 1, 1, 1, 1, 1, 1, 1, 1, 1, 1, 1, 1, 1, 1, 1, 1, 1, 1, 1, 1, 1, 1, 1]
0.1974
-13.959773071110249
Resoults
27
[1, 1, 1, 1, 1, 1, 1, 1, 1, 1, 1, 1, 1, 1, 1, 1, 1, 1, 1, 1, 1, 1, 1, 1, 1]
[1, 1, 1, 1, 1, 1, 1, 1, 1, 1, 1, 1, 1, 1, 1, 1, 1, 1, 1, 1, 1, 1, 1, 1, 1]
0.1974
-13.959773071110249
11
Resoults
28
[1, 1, 1, 1, 1, 1, 1, 1, 1, 1, 1, 1, 1, 1, 1, 1, 1, 1, 1, 1, 1, 1, 1, 1, 1]
[1, 1, 1, 1, 1, 1, 1, 1, 1, 1, 1, 1, 1, 1, 1, 1, 1, 1, 1, 1, 1, 1, 1, 1, 1]
0.2032
-14.088312178850174
Resoults
28
[1, 1, 1, 1, 1, 1, 1, 1, 1, 1, 1, 1, 1, 1, 1, 1, 1, 1, 1, 1, 1, 1, 1, 1, 1]
[1, 1, 1, 1, 1, 1, 1, 1, 1, 1, 1, 1, 1, 1, 1, 1, 1, 1, 1, 1, 1, 1, 1, 1, 1]
0.2032
-14.088312178850174
5
Resoults
29
[1, 1, 1, 1, 1, 1, 1, 1, 1, 1, 1, 1, 1, 1, 1, 1, 1, 1, 1, 1, 1, 1, 1, 1, 1]
[1, 1, 1, 1, 1, 1, 1, 1, 1, 1, 1, 1, 1, 1, 1, 1, 1, 1, 1, 1, 1, 1, 1, 1, 1]
0.2045
-14.233688190579414
Resoults
29
[1, 1, 1, 1, 1, 1, 1, 1, 1, 1, 1, 1, 1, 1, 1, 1, 1, 1, 1, 1, 1, 1, 1, 1, 1]
[1, 1, 1, 1, 1, 1, 1, 1, 1, 1, 1, 1, 1, 1, 1, 1, 1, 1, 1, 1, 1, 1, 1, 1, 1]
0.2045
-14.233688190579414
17
Resoults
30
[1, 1, 1, 1, 1, 1, 1, 1, 1, 1, 1, 1, 1, 1, 1, 1, 1, 1, 1, 1, 1, 1, 1, 1, 1]
[1, 1, 1, 1, 1, 1, 1, 1, 1, 1, 1, 1, 1, 1, 1, 1, 1, 1, 1, 1, 1, 1, 1, 1, 1]
0.2003
-14.273936726152897
Resoults
30
[1, 1, 1, 1, 1, 1, 1, 1, 1, 1, 1, 1, 1, 1, 1, 1, 1, 1, 1, 1, 1, 1, 1, 1, 1]
[1, 1, 1, 1, 1, 1, 1, 1, 1, 1, 1, 1, 1, 1, 1, 1, 1, 1, 1, 1, 1, 1, 1, 1, 1]
0.2003
-14.273936726152897
6
Resoults
31
[1, 1, 1, 1, 1, 1, 1, 1, 1, 1, 1, 1, 1, 1, 1, 1, 1, 1, 1, 1, 1, 1, 1, 1, 1]
[1, 1, 1, 1, 1, 1, 1, 1, 1, 1, 1, 1, 1, 1, 1, 1, 1, 1, 1, 1, 1, 1, 1, 1, 1]
0.202
-14.35104674845934
Resoults
31
[1, 1, 1, 1, 1, 1, 1, 1, 1, 1, 1, 1, 1, 1, 1, 1, 1, 1, 1, 1, 1, 1, 1, 1, 1]
[1, 1, 1, 1, 1, 1, 1, 1, 1, 1, 1, 1, 1, 1, 1, 1, 1, 1, 1, 1, 1, 1, 1, 1, 1]
0.202
-14.35104674845934
12
Resoults
32
[1, 1, 1, 1, 1, 1, 1, 1, 1, 1, 1, 1, 1, 1, 1, 1, 1, 1, 1, 1, 1, 1, 1, 1, 1]
[1, 1, 1, 1, 1, 1, 1, 1, 1, 1, 1, 1, 1, 1, 1, 1, 1, 1, 1, 1, 1, 1, 1, 1, 1]
0.208
-14.47273512929678
Resoults
32
[1, 1, 1, 1, 1, 1, 1, 1, 1, 1, 1, 1, 1, 1, 1, 1, 1, 1, 1, 1, 1, 1, 1, 1, 1]
[1, 1, 1, 1, 1, 1, 1, 1, 1, 1, 1, 1, 1, 1, 1, 1, 1, 1, 1, 1, 1, 1, 1, 1, 1]
0.208
-14.47273512929678
22
Resoults
33
[1, 1, 1, 1, 1, 1, 1, 1, 1, 1, 1, 1, 1, 1, 1, 1, 1, 1, 1, 1, 1, 1, 1, 1, 1]
[1, 1, 1, 1, 1, 1, 1, 1, 1, 1, 1, 1, 1, 1, 1, 1, 1, 1, 1, 1, 1, 1, 1, 1, 1]
0.2086
-14.598818130791187
Resoults
33
[1, 1, 1, 1, 1, 1, 1, 1, 1, 1, 1, 1, 1, 1, 1, 1, 1, 1, 1, 1, 1, 1, 1, 1, 1]
[1, 1, 1, 1, 1, 1, 1, 1, 1, 1, 1, 1, 1, 1, 1, 1, 1, 1, 1, 1, 1, 1, 1, 1, 1]
0.2086
-14.598818130791187
6
Resoults
34
[1, 1, 1, 1, 1, 1, 1, 1, 1, 1, 1, 1, 1, 1, 1, 1, 1, 1, 1, 1, 1, 1, 1, 1, 1]
[1, 1, 1, 1, 1, 1, 1, 1, 1, 1, 1, 1, 1, 1, 1, 1, 1, 1, 1, 1, 1, 1, 1, 1, 1]
0.2113
-14.689339496195316
Resoults
34
[1, 1, 1, 1, 1, 1, 1, 1, 1, 1, 1, 1, 1, 1, 1, 1, 1, 1, 1, 1, 1, 1, 1, 1, 1]
[1, 1, 1, 1, 1, 1, 1, 1, 1, 1, 1, 1, 1, 1, 1, 1, 1, 1, 1, 1, 1, 1, 1, 1, 1]
0.2113
-14.689339496195316
18
Resoults
35
[1, 1, 1, 1, 1, 1, 1, 1, 1, 1, 1, 1, 1, 1, 1, 1, 1, 1, 1, 1, 1, 1, 1, 1, 1]
[1, 1, 1, 1, 1, 1, 1, 1, 1, 1, 1, 1, 1, 1, 1, 1, 1, 1, 1, 1, 1, 1, 1, 1, 1]
0.2125
-14.78502981364727
Resoults
35
[1, 1, 1, 1, 1, 1, 1, 1, 1, 1, 1, 1, 1, 1, 1, 1, 1, 1, 1, 1, 1, 1, 1, 1, 1]
[1, 1, 1, 1, 1, 1, 1, 1, 1, 1, 1, 1, 1, 1, 1, 1, 1, 1, 1, 1, 1, 1, 1, 1, 1]
0.2125
-14.78502981364727
16
Resoults
36
[1, 1, 1, 1, 1, 1, 1, 1, 1, 1, 1, 1, 1, 1, 1, 1, 1, 1, 1, 1, 1, 1, 1, 1, 1]
[1, 1, 1, 1, 1, 1, 1, 1, 1, 1, 1, 1, 1, 1, 1, 1, 1, 1, 1, 1, 1, 1, 1, 1, 1]
0.2169
-14.90706093609333
Resoults
36
[1, 1, 1, 1, 1, 1, 1, 1, 1, 1, 1, 1, 1, 1, 1, 1, 1, 1, 1, 1, 1, 1, 1, 1, 1]
[1, 1, 1, 1, 1, 1, 1, 1, 1, 1, 1, 1, 1, 1, 1, 1, 1, 1, 1, 1, 1, 1, 1, 1, 1]
0.2169
-14.90706093609333
6
Resoults
37
[1, 1, 1, 1, 1, 1, 1, 1, 1, 1, 1, 1, 1, 1, 1, 1, 1, 1, 1, 1, 1, 1, 1, 1, 1]
[1, 1, 1, 1, 1, 1, 1, 1, 1, 1, 1, 1, 1, 1, 1, 1, 1, 1, 1, 1, 1, 1, 1, 1, 1]
0.2168
-15.023346245288849
Resoults
37
[1, 1, 1, 1, 1, 1, 1, 1, 1, 1, 1, 1, 1, 1, 1, 1, 1, 1, 1, 1, 1, 1, 1, 1, 1]
[1, 1, 1, 1, 1, 1, 1, 1, 1, 1, 1, 1, 1, 1, 1, 1, 1, 1, 1, 1, 1, 1, 1, 1, 1]
0.2168
-15.023346245288849
3
Resoults
38
[1, 1, 1, 1, 1, 1, 1, 1, 1, 1, 1, 1, 1, 1, 1, 1, 1, 1, 1, 1, 1, 1, 1, 1, 1]
[1, 1, 1, 1, 1, 1, 1, 1, 1, 1, 1, 1, 1, 1, 1, 1, 1, 1, 1, 1, 1, 1, 1, 1, 1]
0.2143
-15.0821203738451
Resoults
38
[1, 1, 1, 1, 1, 1, 1, 1, 1, 1, 1, 1, 1, 1, 1, 1, 1, 1, 1, 1, 1, 1, 1, 1, 1]
[1, 1, 1, 1, 1, 1, 1, 1, 1, 1, 1, 1, 1, 1, 1, 1, 1, 1, 1, 1, 1, 1, 1, 1, 1]
0.2143
-15.0821203738451
4
Resoults
39
[1, 1, 1, 1, 1, 1, 1, 1, 1, 1, 1, 1, 1, 1, 1, 1, 1, 1, 1, 1, 1, 1, 1, 1, 1]
[1, 1, 1, 1, 1, 1, 1, 1, 1, 1, 1, 1, 1, 1, 1, 1, 1, 1, 1, 1, 1, 1, 1, 1, 1]
0.2146
-15.203350588679314
Resoults
39
[1, 1, 1, 1, 1, 1, 1, 1, 1, 1, 1, 1, 1, 1, 1, 1, 1, 1, 1, 1, 1, 1, 1, 1, 1]
[1, 1, 1, 1, 1, 1, 1, 1, 1, 1, 1, 1, 1, 1, 1, 1, 1, 1, 1, 1, 1, 1, 1, 1, 1]
0.2146
-15.203350588679314
23
Resoults
40
[1, 1, 1, 1, 1, 1, 1, 1, 1, 1, 1, 1, 1, 1, 1, 1, 1, 1, 1, 1, 1, 1, 1, 1, 1]
[1, 1, 1, 1, 1, 1, 1, 1, 1, 1, 1, 1, 1, 1, 1, 1, 1, 1, 1, 1, 1, 1, 1, 1, 1]
0.2168
-15.340187087655067
Resoults
40
[1, 1, 1, 1, 1, 1, 1, 1, 1, 1, 1, 1, 1, 1, 1, 1, 1, 1, 1, 1, 1, 1, 1, 1, 1]
[1, 1, 1, 1, 1, 1, 1, 1, 1, 1, 1, 1, 1, 1, 1, 1, 1, 1, 1, 1, 1, 1, 1, 1, 1]
0.2168
-15.340187087655067
6
Resoults
41
[1, 1, 1, 1, 1, 1, 1, 1, 1, 1, 1, 1, 1, 1, 1, 1, 1, 1, 1, 1, 1, 1, 1, 1, 1]
[1, 1, 1, 1, 1, 1, 1, 1, 1, 1, 1, 1, 1, 1, 1, 1, 1, 1, 1, 1, 1, 1, 1, 1, 1]
0.2211
-15.487643912434578
Resoults
41
[1, 1, 1, 1, 1, 1, 1, 1, 1, 1, 1, 1, 1, 1, 1, 1, 1, 1, 1, 1, 1, 1, 1, 1, 1]
[1, 1, 1, 1, 1, 1, 1, 1, 1, 1, 1, 1, 1, 1, 1, 1, 1, 1, 1, 1, 1, 1, 1, 1, 1]
0.2211
-15.487643912434578
6
Resoults
42
[1, 1, 1, 1, 1, 1, 1, 1, 1, 1, 1, 1, 1, 1, 1, 1, 1, 1, 1, 1, 1, 1, 1, 1, 1]
[1, 1, 1, 1, 1, 1, 1, 1, 1, 1, 1, 1, 1, 1, 1, 1, 1, 1, 1, 1, 1, 1, 1, 1, 1]
0.2214
-15.5612286105752
Resoults
42
[1, 1, 1, 1, 1, 1, 1, 1, 1, 1, 1, 1, 1, 1, 1, 1, 1, 1, 1, 1, 1, 1, 1, 1, 1]
[1, 1, 1, 1, 1, 1, 1, 1, 1, 1, 1, 1, 1, 1, 1, 1, 1, 1, 1, 1, 1, 1, 1, 1, 1]
0.2214
-15.5612286105752
4
Resoults
43
[1, 1, 1, 1, 1, 1, 1, 1, 1, 1, 1, 1, 1, 1, 1, 1, 1, 1, 1, 1, 1, 1, 1, 1, 1]
[1, 1, 1, 1, 1, 1, 1, 1, 1, 1, 1, 1, 1, 1, 1, 1, 1, 1, 1, 1, 1, 1, 1, 1, 1]
0.2219
-15.713220790028572
Resoults
43
[1, 1, 1, 1, 1, 1, 1, 1, 1, 1, 1, 1, 1, 1, 1, 1, 1, 1, 1, 1, 1, 1, 1, 1, 1]
[1, 1, 1, 1, 1, 1, 1, 1, 1, 1, 1, 1, 1, 1, 1, 1, 1, 1, 1, 1, 1, 1, 1, 1, 1]
0.2219
-15.713220790028572
5
Resoults
44
[1, 1, 1, 1, 1, 1, 1, 1, 1, 1, 1, 1, 1, 1, 1, 1, 1, 1, 1, 1, 1, 1, 1, 1, 1]
[1, 1, 1, 1, 1, 1, 1, 1, 1, 1, 1, 1, 1, 1, 1, 1, 1, 1, 1, 1, 1, 1, 1, 1, 1]
0.225
-15.840495623648167
Resoults
44
[1, 1, 1, 1, 1, 1, 1, 1, 1, 1, 1, 1, 1, 1, 1, 1, 1, 1, 1, 1, 1, 1, 1, 1, 1]
[1, 1, 1, 1, 1, 1, 1, 1, 1, 1, 1, 1, 1, 1, 1, 1, 1, 1, 1, 1, 1, 1, 1, 1, 1]
0.225
-15.840495623648167
14
Resoults
45
[1, 1, 1, 1, 1, 1, 1, 1, 1, 1, 1, 1, 1, 1, 1, 1, 1, 1, 1, 1, 1, 1, 1, 1, 1]
[1, 1, 1, 1, 1, 1, 1, 1, 1, 1, 1, 1, 1, 1, 1, 1, 1, 1, 1, 1, 1, 1, 1, 1, 1]
0.2265
-15.974046394228935
Resoults
45
[1, 1, 1, 1, 1, 1, 1, 1, 1, 1, 1, 1, 1, 1, 1, 1, 1, 1, 1, 1, 1, 1, 1, 1, 1]
[1, 1, 1, 1, 1, 1, 1, 1, 1, 1, 1, 1, 1, 1, 1, 1, 1, 1, 1, 1, 1, 1, 1, 1, 1]
0.2265
-15.974046394228935
7
Resoults
46
[1, 1, 1, 1, 1, 1, 1, 1, 1, 1, 1, 1, 1, 1, 1, 1, 1, 1, 1, 1, 1, 1, 1, 1, 1]
[1, 1, 1, 1, 1, 1, 1, 1, 1, 1, 1, 1, 1, 1, 1, 1, 1, 1, 1, 1, 1, 1, 1, 1, 1]
0.2269
-16.06684486567974
Resoults
46
[1, 1, 1, 1, 1, 1, 1, 1, 1, 1, 1, 1, 1, 1, 1, 1, 1, 1, 1, 1, 1, 1, 1, 1, 1]
[1, 1, 1, 1, 1, 1, 1, 1, 1, 1, 1, 1, 1, 1, 1, 1, 1, 1, 1, 1, 1, 1, 1, 1, 1]
0.2269
-16.06684486567974
4
Resoults
47
[1, 1, 1, 1, 1, 1, 1, 1, 1, 1, 1, 1, 1, 1, 1, 1, 1, 1, 1, 1, 1, 1, 1, 1, 1]
[1, 1, 1, 1, 1, 1, 1, 1, 1, 1, 1, 1, 1, 1, 1, 1, 1, 1, 1, 1, 1, 1, 1, 1, 1]
0.2273
-16.164530098438263
Resoults
47
[1, 1, 1, 1, 1, 1, 1, 1, 1, 1, 1, 1, 1, 1, 1, 1, 1, 1, 1, 1, 1, 1, 1, 1, 1]
[1, 1, 1, 1, 1, 1, 1, 1, 1, 1, 1, 1, 1, 1, 1, 1, 1, 1, 1, 1, 1, 1, 1, 1, 1]
0.2273
-16.164530098438263
22
Resoults
48
[1, 1, 1, 1, 1, 1, 1, 1, 1, 1, 1, 1, 1, 1, 1, 1, 1, 1, 1, 1, 1, 1, 1, 1, 1]
[1, 1, 1, 1, 1, 1, 1, 1, 1, 1, 1, 1, 1, 1, 1, 1, 1, 1, 1, 1, 1, 1, 1, 1, 1]
0.2309
-16.27302773296833
Resoults
48
[1, 1, 1, 1, 1, 1, 1, 1, 1, 1, 1, 1, 1, 1, 1, 1, 1, 1, 1, 1, 1, 1, 1, 1, 1]
[1, 1, 1, 1, 1, 1, 1, 1, 1, 1, 1, 1, 1, 1, 1, 1, 1, 1, 1, 1, 1, 1, 1, 1, 1]
0.2309
-16.27302773296833
11
Resoults
49
[1, 1, 1, 1, 1, 1, 1, 1, 1, 1, 1, 1, 1, 1, 1, 1, 1, 1, 1, 1, 1, 1, 1, 1, 1]
[1, 1, 1, 1, 1, 1, 1, 1, 1, 1, 1, 1, 1, 1, 1, 1, 1, 1, 1, 1, 1, 1, 1, 1, 1]
0.2318
-16.322059214115143
Resoults
49
[1, 1, 1, 1, 1, 1, 1, 1, 1, 1, 1, 1, 1, 1, 1, 1, 1, 1, 1, 1, 1, 1, 1, 1, 1]
[1, 1, 1, 1, 1, 1, 1, 1, 1, 1, 1, 1, 1, 1, 1, 1, 1, 1, 1, 1, 1, 1, 1, 1, 1]
0.2318
-16.322059214115143

Experimental details:
    Model     : mlp
    Optimizer : sgd
    Learning  : 0.01
    Global Rounds   : 50

    Federated parameters:
    Non-IID
    Fraction of users  : 0.0
    Local Batch size   : 10
    Local Epochs       : 1

Files already downloaded and verified
Files already downloaded and verified
19
Resoults
0
[1, 1, 1, 1, 1, 1, 1, 1, 1, 1, 1, 1, 1, 1, 1, 1, 1, 1, 1, 1, 1, 1, 1, 1, 1]
[1, 1, 1, 1, 1, 1, 1, 1, 1, 1, 1, 1, 1, 1, 1, 1, 1, 1, 1, 1, 1, 1, 1, 1, 1]
0.1349
-7.975662350654602
Resoults
0
[1, 1, 1, 1, 1, 1, 1, 1, 1, 1, 1, 1, 1, 1, 1, 1, 1, 1, 1, 1, 1, 1, 1, 1, 1]
[1, 1, 1, 1, 1, 1, 1, 1, 1, 1, 1, 1, 1, 1, 1, 1, 1, 1, 1, 1, 1, 1, 1, 1, 1]
0.1349
-7.975662350654602
11
Resoults
1
[1, 1, 1, 1, 1, 1, 1, 1, 1, 1, 1, 1, 1, 1, 1, 1, 1, 1, 1, 1, 1, 1, 1, 1, 1]
[1, 1, 1, 1, 1, 1, 1, 1, 1, 1, 1, 1, 1, 1, 1, 1, 1, 1, 1, 1, 1, 1, 1, 1, 1]
0.1408
-8.098519459366798
Resoults
1
[1, 1, 1, 1, 1, 1, 1, 1, 1, 1, 1, 1, 1, 1, 1, 1, 1, 1, 1, 1, 1, 1, 1, 1, 1]
[1, 1, 1, 1, 1, 1, 1, 1, 1, 1, 1, 1, 1, 1, 1, 1, 1, 1, 1, 1, 1, 1, 1, 1, 1]
0.1408
-8.098519459366798
11
Resoults
2
[1, 1, 1, 1, 1, 1, 1, 1, 1, 1, 1, 1, 1, 1, 1, 1, 1, 1, 1, 1, 1, 1, 1, 1, 1]
[1, 1, 1, 1, 1, 1, 1, 1, 1, 1, 1, 1, 1, 1, 1, 1, 1, 1, 1, 1, 1, 1, 1, 1, 1]
0.1477
-8.30546223372221
Resoults
2
[1, 1, 1, 1, 1, 1, 1, 1, 1, 1, 1, 1, 1, 1, 1, 1, 1, 1, 1, 1, 1, 1, 1, 1, 1]
[1, 1, 1, 1, 1, 1, 1, 1, 1, 1, 1, 1, 1, 1, 1, 1, 1, 1, 1, 1, 1, 1, 1, 1, 1]
0.1477
-8.30546223372221
6
Resoults
3
[1, 1, 1, 1, 1, 1, 1, 1, 1, 1, 1, 1, 1, 1, 1, 1, 1, 1, 1, 1, 1, 1, 1, 1, 1]
[1, 1, 1, 1, 1, 1, 1, 1, 1, 1, 1, 1, 1, 1, 1, 1, 1, 1, 1, 1, 1, 1, 1, 1, 1]
0.1471
-8.666700027883053
Resoults
3
[1, 1, 1, 1, 1, 1, 1, 1, 1, 1, 1, 1, 1, 1, 1, 1, 1, 1, 1, 1, 1, 1, 1, 1, 1]
[1, 1, 1, 1, 1, 1, 1, 1, 1, 1, 1, 1, 1, 1, 1, 1, 1, 1, 1, 1, 1, 1, 1, 1, 1]
0.1471
-8.666700027883053
12
Resoults
4
[1, 1, 1, 1, 1, 1, 1, 1, 1, 1, 1, 1, 1, 1, 1, 1, 1, 1, 1, 1, 1, 1, 1, 1, 1]
[1, 1, 1, 1, 1, 1, 1, 1, 1, 1, 1, 1, 1, 1, 1, 1, 1, 1, 1, 1, 1, 1, 1, 1, 1]
0.1559
-9.008034892380238
Resoults
4
[1, 1, 1, 1, 1, 1, 1, 1, 1, 1, 1, 1, 1, 1, 1, 1, 1, 1, 1, 1, 1, 1, 1, 1, 1]
[1, 1, 1, 1, 1, 1, 1, 1, 1, 1, 1, 1, 1, 1, 1, 1, 1, 1, 1, 1, 1, 1, 1, 1, 1]
0.1559
-9.008034892380238
10
Resoults
5
[1, 1, 1, 1, 1, 1, 1, 1, 1, 1, 1, 1, 1, 1, 1, 1, 1, 1, 1, 1, 1, 1, 1, 1, 1]
[1, 1, 1, 1, 1, 1, 1, 1, 1, 1, 1, 1, 1, 1, 1, 1, 1, 1, 1, 1, 1, 1, 1, 1, 1]
0.155
-9.391321323812008
Resoults
5
[1, 1, 1, 1, 1, 1, 1, 1, 1, 1, 1, 1, 1, 1, 1, 1, 1, 1, 1, 1, 1, 1, 1, 1, 1]
[1, 1, 1, 1, 1, 1, 1, 1, 1, 1, 1, 1, 1, 1, 1, 1, 1, 1, 1, 1, 1, 1, 1, 1, 1]
0.155
-9.391321323812008
1
Resoults
6
[1, 1, 1, 1, 1, 1, 1, 1, 1, 1, 1, 1, 1, 1, 1, 1, 1, 1, 1, 1, 1, 1, 1, 1, 1]
[1, 1, 1, 1, 1, 1, 1, 1, 1, 1, 1, 1, 1, 1, 1, 1, 1, 1, 1, 1, 1, 1, 1, 1, 1]
0.1616
-9.763927079737186
Resoults
6
[1, 1, 1, 1, 1, 1, 1, 1, 1, 1, 1, 1, 1, 1, 1, 1, 1, 1, 1, 1, 1, 1, 1, 1, 1]
[1, 1, 1, 1, 1, 1, 1, 1, 1, 1, 1, 1, 1, 1, 1, 1, 1, 1, 1, 1, 1, 1, 1, 1, 1]
0.1616
-9.763927079737186
19
Resoults
7
[1, 1, 1, 1, 1, 1, 1, 1, 1, 1, 1, 1, 1, 1, 1, 1, 1, 1, 1, 1, 1, 1, 1, 1, 1]
[1, 1, 1, 1, 1, 1, 1, 1, 1, 1, 1, 1, 1, 1, 1, 1, 1, 1, 1, 1, 1, 1, 1, 1, 1]
0.1656
-10.150823466479778
Resoults
7
[1, 1, 1, 1, 1, 1, 1, 1, 1, 1, 1, 1, 1, 1, 1, 1, 1, 1, 1, 1, 1, 1, 1, 1, 1]
[1, 1, 1, 1, 1, 1, 1, 1, 1, 1, 1, 1, 1, 1, 1, 1, 1, 1, 1, 1, 1, 1, 1, 1, 1]
0.1656
-10.150823466479778
13
Resoults
8
[1, 1, 1, 1, 1, 1, 1, 1, 1, 1, 1, 1, 1, 1, 1, 1, 1, 1, 1, 1, 1, 1, 1, 1, 1]
[1, 1, 1, 1, 1, 1, 1, 1, 1, 1, 1, 1, 1, 1, 1, 1, 1, 1, 1, 1, 1, 1, 1, 1, 1]
0.1666
-10.293259710073471
Resoults
8
[1, 1, 1, 1, 1, 1, 1, 1, 1, 1, 1, 1, 1, 1, 1, 1, 1, 1, 1, 1, 1, 1, 1, 1, 1]
[1, 1, 1, 1, 1, 1, 1, 1, 1, 1, 1, 1, 1, 1, 1, 1, 1, 1, 1, 1, 1, 1, 1, 1, 1]
0.1666
-10.293259710073471
12
Resoults
9
[1, 1, 1, 1, 1, 1, 1, 1, 1, 1, 1, 1, 1, 1, 1, 1, 1, 1, 1, 1, 1, 1, 1, 1, 1]
[1, 1, 1, 1, 1, 1, 1, 1, 1, 1, 1, 1, 1, 1, 1, 1, 1, 1, 1, 1, 1, 1, 1, 1, 1]
0.1656
-10.539798602461815
Resoults
9
[1, 1, 1, 1, 1, 1, 1, 1, 1, 1, 1, 1, 1, 1, 1, 1, 1, 1, 1, 1, 1, 1, 1, 1, 1]
[1, 1, 1, 1, 1, 1, 1, 1, 1, 1, 1, 1, 1, 1, 1, 1, 1, 1, 1, 1, 1, 1, 1, 1, 1]
0.1656
-10.539798602461815
20
Resoults
10
[1, 1, 1, 1, 1, 1, 1, 1, 1, 1, 1, 1, 1, 1, 1, 1, 1, 1, 1, 1, 1, 1, 1, 1, 1]
[1, 1, 1, 1, 1, 1, 1, 1, 1, 1, 1, 1, 1, 1, 1, 1, 1, 1, 1, 1, 1, 1, 1, 1, 1]
0.1693
-10.772299751639366
Resoults
10
[1, 1, 1, 1, 1, 1, 1, 1, 1, 1, 1, 1, 1, 1, 1, 1, 1, 1, 1, 1, 1, 1, 1, 1, 1]
[1, 1, 1, 1, 1, 1, 1, 1, 1, 1, 1, 1, 1, 1, 1, 1, 1, 1, 1, 1, 1, 1, 1, 1, 1]
0.1693
-10.772299751639366
19
Resoults
11
[1, 1, 1, 1, 1, 1, 1, 1, 1, 1, 1, 1, 1, 1, 1, 1, 1, 1, 1, 1, 1, 1, 1, 1, 1]
[1, 1, 1, 1, 1, 1, 1, 1, 1, 1, 1, 1, 1, 1, 1, 1, 1, 1, 1, 1, 1, 1, 1, 1, 1]
0.1776
-11.01001250743866
Resoults
11
[1, 1, 1, 1, 1, 1, 1, 1, 1, 1, 1, 1, 1, 1, 1, 1, 1, 1, 1, 1, 1, 1, 1, 1, 1]
[1, 1, 1, 1, 1, 1, 1, 1, 1, 1, 1, 1, 1, 1, 1, 1, 1, 1, 1, 1, 1, 1, 1, 1, 1]
0.1776
-11.01001250743866
22
Resoults
12
[1, 1, 1, 1, 1, 1, 1, 1, 1, 1, 1, 1, 1, 1, 1, 1, 1, 1, 1, 1, 1, 1, 1, 1, 1]
[1, 1, 1, 1, 1, 1, 1, 1, 1, 1, 1, 1, 1, 1, 1, 1, 1, 1, 1, 1, 1, 1, 1, 1, 1]
0.1841
-11.133107274770737
Resoults
12
[1, 1, 1, 1, 1, 1, 1, 1, 1, 1, 1, 1, 1, 1, 1, 1, 1, 1, 1, 1, 1, 1, 1, 1, 1]
[1, 1, 1, 1, 1, 1, 1, 1, 1, 1, 1, 1, 1, 1, 1, 1, 1, 1, 1, 1, 1, 1, 1, 1, 1]
0.1841
-11.133107274770737
9
Resoults
13
[1, 1, 1, 1, 1, 1, 1, 1, 1, 1, 1, 1, 1, 1, 1, 1, 1, 1, 1, 1, 1, 1, 1, 1, 1]
[1, 1, 1, 1, 1, 1, 1, 1, 1, 1, 1, 1, 1, 1, 1, 1, 1, 1, 1, 1, 1, 1, 1, 1, 1]
0.1779
-11.315878055989742
Resoults
13
[1, 1, 1, 1, 1, 1, 1, 1, 1, 1, 1, 1, 1, 1, 1, 1, 1, 1, 1, 1, 1, 1, 1, 1, 1]
[1, 1, 1, 1, 1, 1, 1, 1, 1, 1, 1, 1, 1, 1, 1, 1, 1, 1, 1, 1, 1, 1, 1, 1, 1]
0.1779
-11.315878055989742
24
Resoults
14
[1, 1, 1, 1, 1, 1, 1, 1, 1, 1, 1, 1, 1, 1, 1, 1, 1, 1, 1, 1, 1, 1, 1, 1, 1]
[1, 1, 1, 1, 1, 1, 1, 1, 1, 1, 1, 1, 1, 1, 1, 1, 1, 1, 1, 1, 1, 1, 1, 1, 1]
0.176
-11.475090384483337
Resoults
14
[1, 1, 1, 1, 1, 1, 1, 1, 1, 1, 1, 1, 1, 1, 1, 1, 1, 1, 1, 1, 1, 1, 1, 1, 1]
[1, 1, 1, 1, 1, 1, 1, 1, 1, 1, 1, 1, 1, 1, 1, 1, 1, 1, 1, 1, 1, 1, 1, 1, 1]
0.176
-11.475090384483337
9
Resoults
15
[1, 1, 1, 1, 1, 1, 1, 1, 1, 1, 1, 1, 1, 1, 1, 1, 1, 1, 1, 1, 1, 1, 1, 1, 1]
[1, 1, 1, 1, 1, 1, 1, 1, 1, 1, 1, 1, 1, 1, 1, 1, 1, 1, 1, 1, 1, 1, 1, 1, 1]
0.1732
-11.589399255812168
Resoults
15
[1, 1, 1, 1, 1, 1, 1, 1, 1, 1, 1, 1, 1, 1, 1, 1, 1, 1, 1, 1, 1, 1, 1, 1, 1]
[1, 1, 1, 1, 1, 1, 1, 1, 1, 1, 1, 1, 1, 1, 1, 1, 1, 1, 1, 1, 1, 1, 1, 1, 1]
0.1732
-11.589399255812168
6
Resoults
16
[1, 1, 1, 1, 1, 1, 1, 1, 1, 1, 1, 1, 1, 1, 1, 1, 1, 1, 1, 1, 1, 1, 1, 1, 1]
[1, 1, 1, 1, 1, 1, 1, 1, 1, 1, 1, 1, 1, 1, 1, 1, 1, 1, 1, 1, 1, 1, 1, 1, 1]
0.1706
-11.748085141181946
Resoults
16
[1, 1, 1, 1, 1, 1, 1, 1, 1, 1, 1, 1, 1, 1, 1, 1, 1, 1, 1, 1, 1, 1, 1, 1, 1]
[1, 1, 1, 1, 1, 1, 1, 1, 1, 1, 1, 1, 1, 1, 1, 1, 1, 1, 1, 1, 1, 1, 1, 1, 1]
0.1706
-11.748085141181946
0
Resoults
17
[1, 1, 1, 1, 1, 1, 1, 1, 1, 1, 1, 1, 1, 1, 1, 1, 1, 1, 1, 1, 1, 1, 1, 1, 1]
[1, 1, 1, 1, 1, 1, 1, 1, 1, 1, 1, 1, 1, 1, 1, 1, 1, 1, 1, 1, 1, 1, 1, 1, 1]
0.169
-11.921956039965153
Resoults
17
[1, 1, 1, 1, 1, 1, 1, 1, 1, 1, 1, 1, 1, 1, 1, 1, 1, 1, 1, 1, 1, 1, 1, 1, 1]
[1, 1, 1, 1, 1, 1, 1, 1, 1, 1, 1, 1, 1, 1, 1, 1, 1, 1, 1, 1, 1, 1, 1, 1, 1]
0.169
-11.921956039965153
5
Resoults
18
[1, 1, 1, 1, 1, 1, 1, 1, 1, 1, 1, 1, 1, 1, 1, 1, 1, 1, 1, 1, 1, 1, 1, 1, 1]
[1, 1, 1, 1, 1, 1, 1, 1, 1, 1, 1, 1, 1, 1, 1, 1, 1, 1, 1, 1, 1, 1, 1, 1, 1]
0.1702
-12.027664303779602
Resoults
18
[1, 1, 1, 1, 1, 1, 1, 1, 1, 1, 1, 1, 1, 1, 1, 1, 1, 1, 1, 1, 1, 1, 1, 1, 1]
[1, 1, 1, 1, 1, 1, 1, 1, 1, 1, 1, 1, 1, 1, 1, 1, 1, 1, 1, 1, 1, 1, 1, 1, 1]
0.1702
-12.027664303779602
10
Resoults
19
[1, 1, 1, 1, 1, 1, 1, 1, 1, 1, 1, 1, 1, 1, 1, 1, 1, 1, 1, 1, 1, 1, 1, 1, 1]
[1, 1, 1, 1, 1, 1, 1, 1, 1, 1, 1, 1, 1, 1, 1, 1, 1, 1, 1, 1, 1, 1, 1, 1, 1]
0.1707
-12.131410986185074
Resoults
19
[1, 1, 1, 1, 1, 1, 1, 1, 1, 1, 1, 1, 1, 1, 1, 1, 1, 1, 1, 1, 1, 1, 1, 1, 1]
[1, 1, 1, 1, 1, 1, 1, 1, 1, 1, 1, 1, 1, 1, 1, 1, 1, 1, 1, 1, 1, 1, 1, 1, 1]
0.1707
-12.131410986185074
11
Resoults
20
[1, 1, 1, 1, 1, 1, 1, 1, 1, 1, 1, 1, 1, 1, 1, 1, 1, 1, 1, 1, 1, 1, 1, 1, 1]
[1, 1, 1, 1, 1, 1, 1, 1, 1, 1, 1, 1, 1, 1, 1, 1, 1, 1, 1, 1, 1, 1, 1, 1, 1]
0.1745
-12.148543037474155
Resoults
20
[1, 1, 1, 1, 1, 1, 1, 1, 1, 1, 1, 1, 1, 1, 1, 1, 1, 1, 1, 1, 1, 1, 1, 1, 1]
[1, 1, 1, 1, 1, 1, 1, 1, 1, 1, 1, 1, 1, 1, 1, 1, 1, 1, 1, 1, 1, 1, 1, 1, 1]
0.1745
-12.148543037474155
2
Resoults
21
[1, 1, 1, 1, 1, 1, 1, 1, 1, 1, 1, 1, 1, 1, 1, 1, 1, 1, 1, 1, 1, 1, 1, 1, 1]
[1, 1, 1, 1, 1, 1, 1, 1, 1, 1, 1, 1, 1, 1, 1, 1, 1, 1, 1, 1, 1, 1, 1, 1, 1]
0.1748
-12.31573387235403
Resoults
21
[1, 1, 1, 1, 1, 1, 1, 1, 1, 1, 1, 1, 1, 1, 1, 1, 1, 1, 1, 1, 1, 1, 1, 1, 1]
[1, 1, 1, 1, 1, 1, 1, 1, 1, 1, 1, 1, 1, 1, 1, 1, 1, 1, 1, 1, 1, 1, 1, 1, 1]
0.1748
-12.31573387235403
22
Resoults
22
[1, 1, 1, 1, 1, 1, 1, 1, 1, 1, 1, 1, 1, 1, 1, 1, 1, 1, 1, 1, 1, 1, 1, 1, 1]
[1, 1, 1, 1, 1, 1, 1, 1, 1, 1, 1, 1, 1, 1, 1, 1, 1, 1, 1, 1, 1, 1, 1, 1, 1]
0.1766
-12.403355255723
Resoults
22
[1, 1, 1, 1, 1, 1, 1, 1, 1, 1, 1, 1, 1, 1, 1, 1, 1, 1, 1, 1, 1, 1, 1, 1, 1]
[1, 1, 1, 1, 1, 1, 1, 1, 1, 1, 1, 1, 1, 1, 1, 1, 1, 1, 1, 1, 1, 1, 1, 1, 1]
0.1766
-12.403355255723
7
Resoults
23
[1, 1, 1, 1, 1, 1, 1, 1, 1, 1, 1, 1, 1, 1, 1, 1, 1, 1, 1, 1, 1, 1, 1, 1, 1]
[1, 1, 1, 1, 1, 1, 1, 1, 1, 1, 1, 1, 1, 1, 1, 1, 1, 1, 1, 1, 1, 1, 1, 1, 1]
0.1745
-12.510530211031437
Resoults
23
[1, 1, 1, 1, 1, 1, 1, 1, 1, 1, 1, 1, 1, 1, 1, 1, 1, 1, 1, 1, 1, 1, 1, 1, 1]
[1, 1, 1, 1, 1, 1, 1, 1, 1, 1, 1, 1, 1, 1, 1, 1, 1, 1, 1, 1, 1, 1, 1, 1, 1]
0.1745
-12.510530211031437
23
Resoults
24
[1, 1, 1, 1, 1, 1, 1, 1, 1, 1, 1, 1, 1, 1, 1, 1, 1, 1, 1, 1, 1, 1, 1, 1, 1]
[1, 1, 1, 1, 1, 1, 1, 1, 1, 1, 1, 1, 1, 1, 1, 1, 1, 1, 1, 1, 1, 1, 1, 1, 1]
0.1756
-12.645312756299973
Resoults
24
[1, 1, 1, 1, 1, 1, 1, 1, 1, 1, 1, 1, 1, 1, 1, 1, 1, 1, 1, 1, 1, 1, 1, 1, 1]
[1, 1, 1, 1, 1, 1, 1, 1, 1, 1, 1, 1, 1, 1, 1, 1, 1, 1, 1, 1, 1, 1, 1, 1, 1]
0.1756
-12.645312756299973
15
Resoults
25
[1, 1, 1, 1, 1, 1, 1, 1, 1, 1, 1, 1, 1, 1, 1, 1, 1, 1, 1, 1, 1, 1, 1, 1, 1]
[1, 1, 1, 1, 1, 1, 1, 1, 1, 1, 1, 1, 1, 1, 1, 1, 1, 1, 1, 1, 1, 1, 1, 1, 1]
0.1749
-12.7625118419528
Resoults
25
[1, 1, 1, 1, 1, 1, 1, 1, 1, 1, 1, 1, 1, 1, 1, 1, 1, 1, 1, 1, 1, 1, 1, 1, 1]
[1, 1, 1, 1, 1, 1, 1, 1, 1, 1, 1, 1, 1, 1, 1, 1, 1, 1, 1, 1, 1, 1, 1, 1, 1]
0.1749
-12.7625118419528
11
Resoults
26
[1, 1, 1, 1, 1, 1, 1, 1, 1, 1, 1, 1, 1, 1, 1, 1, 1, 1, 1, 1, 1, 1, 1, 1, 1]
[1, 1, 1, 1, 1, 1, 1, 1, 1, 1, 1, 1, 1, 1, 1, 1, 1, 1, 1, 1, 1, 1, 1, 1, 1]
0.1773
-12.805837228894234
Resoults
26
[1, 1, 1, 1, 1, 1, 1, 1, 1, 1, 1, 1, 1, 1, 1, 1, 1, 1, 1, 1, 1, 1, 1, 1, 1]
[1, 1, 1, 1, 1, 1, 1, 1, 1, 1, 1, 1, 1, 1, 1, 1, 1, 1, 1, 1, 1, 1, 1, 1, 1]
0.1773
-12.805837228894234
3
Resoults
27
[1, 1, 1, 1, 1, 1, 1, 1, 1, 1, 1, 1, 1, 1, 1, 1, 1, 1, 1, 1, 1, 1, 1, 1, 1]
[1, 1, 1, 1, 1, 1, 1, 1, 1, 1, 1, 1, 1, 1, 1, 1, 1, 1, 1, 1, 1, 1, 1, 1, 1]
0.1779
-12.895616844296455
Resoults
27
[1, 1, 1, 1, 1, 1, 1, 1, 1, 1, 1, 1, 1, 1, 1, 1, 1, 1, 1, 1, 1, 1, 1, 1, 1]
[1, 1, 1, 1, 1, 1, 1, 1, 1, 1, 1, 1, 1, 1, 1, 1, 1, 1, 1, 1, 1, 1, 1, 1, 1]
0.1779
-12.895616844296455
2
Resoults
28
[1, 1, 1, 1, 1, 1, 1, 1, 1, 1, 1, 1, 1, 1, 1, 1, 1, 1, 1, 1, 1, 1, 1, 1, 1]
[1, 1, 1, 1, 1, 1, 1, 1, 1, 1, 1, 1, 1, 1, 1, 1, 1, 1, 1, 1, 1, 1, 1, 1, 1]
0.1769
-13.03075122833252
Resoults
28
[1, 1, 1, 1, 1, 1, 1, 1, 1, 1, 1, 1, 1, 1, 1, 1, 1, 1, 1, 1, 1, 1, 1, 1, 1]
[1, 1, 1, 1, 1, 1, 1, 1, 1, 1, 1, 1, 1, 1, 1, 1, 1, 1, 1, 1, 1, 1, 1, 1, 1]
0.1769
-13.03075122833252
4
Resoults
29
[1, 1, 1, 1, 1, 1, 1, 1, 1, 1, 1, 1, 1, 1, 1, 1, 1, 1, 1, 1, 1, 1, 1, 1, 1]
[1, 1, 1, 1, 1, 1, 1, 1, 1, 1, 1, 1, 1, 1, 1, 1, 1, 1, 1, 1, 1, 1, 1, 1, 1]
0.1794
-13.084662906825542
Resoults
29
[1, 1, 1, 1, 1, 1, 1, 1, 1, 1, 1, 1, 1, 1, 1, 1, 1, 1, 1, 1, 1, 1, 1, 1, 1]
[1, 1, 1, 1, 1, 1, 1, 1, 1, 1, 1, 1, 1, 1, 1, 1, 1, 1, 1, 1, 1, 1, 1, 1, 1]
0.1794
-13.084662906825542
1
Resoults
30
[1, 1, 1, 1, 1, 1, 1, 1, 1, 1, 1, 1, 1, 1, 1, 1, 1, 1, 1, 1, 1, 1, 1, 1, 1]
[1, 1, 1, 1, 1, 1, 1, 1, 1, 1, 1, 1, 1, 1, 1, 1, 1, 1, 1, 1, 1, 1, 1, 1, 1]
0.1816
-13.166645422577858
Resoults
30
[1, 1, 1, 1, 1, 1, 1, 1, 1, 1, 1, 1, 1, 1, 1, 1, 1, 1, 1, 1, 1, 1, 1, 1, 1]
[1, 1, 1, 1, 1, 1, 1, 1, 1, 1, 1, 1, 1, 1, 1, 1, 1, 1, 1, 1, 1, 1, 1, 1, 1]
0.1816
-13.166645422577858
2
Resoults
31
[1, 1, 1, 1, 1, 1, 1, 1, 1, 1, 1, 1, 1, 1, 1, 1, 1, 1, 1, 1, 1, 1, 1, 1, 1]
[1, 1, 1, 1, 1, 1, 1, 1, 1, 1, 1, 1, 1, 1, 1, 1, 1, 1, 1, 1, 1, 1, 1, 1, 1]
0.1824
-13.277146875858307
Resoults
31
[1, 1, 1, 1, 1, 1, 1, 1, 1, 1, 1, 1, 1, 1, 1, 1, 1, 1, 1, 1, 1, 1, 1, 1, 1]
[1, 1, 1, 1, 1, 1, 1, 1, 1, 1, 1, 1, 1, 1, 1, 1, 1, 1, 1, 1, 1, 1, 1, 1, 1]
0.1824
-13.277146875858307
16
Resoults
32
[1, 1, 1, 1, 1, 1, 1, 1, 1, 1, 1, 1, 1, 1, 1, 1, 1, 1, 1, 1, 1, 1, 1, 1, 1]
[1, 1, 1, 1, 1, 1, 1, 1, 1, 1, 1, 1, 1, 1, 1, 1, 1, 1, 1, 1, 1, 1, 1, 1, 1]
0.1848
-13.37453193962574
Resoults
32
[1, 1, 1, 1, 1, 1, 1, 1, 1, 1, 1, 1, 1, 1, 1, 1, 1, 1, 1, 1, 1, 1, 1, 1, 1]
[1, 1, 1, 1, 1, 1, 1, 1, 1, 1, 1, 1, 1, 1, 1, 1, 1, 1, 1, 1, 1, 1, 1, 1, 1]
0.1848
-13.37453193962574
9
Resoults
33
[1, 1, 1, 1, 1, 1, 1, 1, 1, 1, 1, 1, 1, 1, 1, 1, 1, 1, 1, 1, 1, 1, 1, 1, 1]
[1, 1, 1, 1, 1, 1, 1, 1, 1, 1, 1, 1, 1, 1, 1, 1, 1, 1, 1, 1, 1, 1, 1, 1, 1]
0.185
-13.434643164277077
Resoults
33
[1, 1, 1, 1, 1, 1, 1, 1, 1, 1, 1, 1, 1, 1, 1, 1, 1, 1, 1, 1, 1, 1, 1, 1, 1]
[1, 1, 1, 1, 1, 1, 1, 1, 1, 1, 1, 1, 1, 1, 1, 1, 1, 1, 1, 1, 1, 1, 1, 1, 1]
0.185
-13.434643164277077
1
Resoults
34
[1, 1, 1, 1, 1, 1, 1, 1, 1, 1, 1, 1, 1, 1, 1, 1, 1, 1, 1, 1, 1, 1, 1, 1, 1]
[1, 1, 1, 1, 1, 1, 1, 1, 1, 1, 1, 1, 1, 1, 1, 1, 1, 1, 1, 1, 1, 1, 1, 1, 1]
0.189
-13.496693909168243
Resoults
34
[1, 1, 1, 1, 1, 1, 1, 1, 1, 1, 1, 1, 1, 1, 1, 1, 1, 1, 1, 1, 1, 1, 1, 1, 1]
[1, 1, 1, 1, 1, 1, 1, 1, 1, 1, 1, 1, 1, 1, 1, 1, 1, 1, 1, 1, 1, 1, 1, 1, 1]
0.189
-13.496693909168243
8
Resoults
35
[1, 1, 1, 1, 1, 1, 1, 1, 1, 1, 1, 1, 1, 1, 1, 1, 1, 1, 1, 1, 1, 1, 1, 1, 1]
[1, 1, 1, 1, 1, 1, 1, 1, 1, 1, 1, 1, 1, 1, 1, 1, 1, 1, 1, 1, 1, 1, 1, 1, 1]
0.189
-13.629316091537476
Resoults
35
[1, 1, 1, 1, 1, 1, 1, 1, 1, 1, 1, 1, 1, 1, 1, 1, 1, 1, 1, 1, 1, 1, 1, 1, 1]
[1, 1, 1, 1, 1, 1, 1, 1, 1, 1, 1, 1, 1, 1, 1, 1, 1, 1, 1, 1, 1, 1, 1, 1, 1]
0.189
-13.629316091537476
18
Resoults
36
[1, 1, 1, 1, 1, 1, 1, 1, 1, 1, 1, 1, 1, 1, 1, 1, 1, 1, 1, 1, 1, 1, 1, 1, 1]
[1, 1, 1, 1, 1, 1, 1, 1, 1, 1, 1, 1, 1, 1, 1, 1, 1, 1, 1, 1, 1, 1, 1, 1, 1]
0.1892
-13.693972676992416
Resoults
36
[1, 1, 1, 1, 1, 1, 1, 1, 1, 1, 1, 1, 1, 1, 1, 1, 1, 1, 1, 1, 1, 1, 1, 1, 1]
[1, 1, 1, 1, 1, 1, 1, 1, 1, 1, 1, 1, 1, 1, 1, 1, 1, 1, 1, 1, 1, 1, 1, 1, 1]
0.1892
-13.693972676992416
4
Resoults
37
[1, 1, 1, 1, 1, 1, 1, 1, 1, 1, 1, 1, 1, 1, 1, 1, 1, 1, 1, 1, 1, 1, 1, 1, 1]
[1, 1, 1, 1, 1, 1, 1, 1, 1, 1, 1, 1, 1, 1, 1, 1, 1, 1, 1, 1, 1, 1, 1, 1, 1]
0.1932
-13.788904815912247
Resoults
37
[1, 1, 1, 1, 1, 1, 1, 1, 1, 1, 1, 1, 1, 1, 1, 1, 1, 1, 1, 1, 1, 1, 1, 1, 1]
[1, 1, 1, 1, 1, 1, 1, 1, 1, 1, 1, 1, 1, 1, 1, 1, 1, 1, 1, 1, 1, 1, 1, 1, 1]
0.1932
-13.788904815912247
6
Resoults
38
[1, 1, 1, 1, 1, 1, 1, 1, 1, 1, 1, 1, 1, 1, 1, 1, 1, 1, 1, 1, 1, 1, 1, 1, 1]
[1, 1, 1, 1, 1, 1, 1, 1, 1, 1, 1, 1, 1, 1, 1, 1, 1, 1, 1, 1, 1, 1, 1, 1, 1]
0.1904
-13.838337555527687
Resoults
38
[1, 1, 1, 1, 1, 1, 1, 1, 1, 1, 1, 1, 1, 1, 1, 1, 1, 1, 1, 1, 1, 1, 1, 1, 1]
[1, 1, 1, 1, 1, 1, 1, 1, 1, 1, 1, 1, 1, 1, 1, 1, 1, 1, 1, 1, 1, 1, 1, 1, 1]
0.1904
-13.838337555527687
15
Resoults
39
[1, 1, 1, 1, 1, 1, 1, 1, 1, 1, 1, 1, 1, 1, 1, 1, 1, 1, 1, 1, 1, 1, 1, 1, 1]
[1, 1, 1, 1, 1, 1, 1, 1, 1, 1, 1, 1, 1, 1, 1, 1, 1, 1, 1, 1, 1, 1, 1, 1, 1]
0.1898
-13.91442859172821
Resoults
39
[1, 1, 1, 1, 1, 1, 1, 1, 1, 1, 1, 1, 1, 1, 1, 1, 1, 1, 1, 1, 1, 1, 1, 1, 1]
[1, 1, 1, 1, 1, 1, 1, 1, 1, 1, 1, 1, 1, 1, 1, 1, 1, 1, 1, 1, 1, 1, 1, 1, 1]
0.1898
-13.91442859172821
23
Resoults
40
[1, 1, 1, 1, 1, 1, 1, 1, 1, 1, 1, 1, 1, 1, 1, 1, 1, 1, 1, 1, 1, 1, 1, 1, 1]
[1, 1, 1, 1, 1, 1, 1, 1, 1, 1, 1, 1, 1, 1, 1, 1, 1, 1, 1, 1, 1, 1, 1, 1, 1]
0.1904
-14.01667520403862
Resoults
40
[1, 1, 1, 1, 1, 1, 1, 1, 1, 1, 1, 1, 1, 1, 1, 1, 1, 1, 1, 1, 1, 1, 1, 1, 1]
[1, 1, 1, 1, 1, 1, 1, 1, 1, 1, 1, 1, 1, 1, 1, 1, 1, 1, 1, 1, 1, 1, 1, 1, 1]
0.1904
-14.01667520403862
11
Resoults
41
[1, 1, 1, 1, 1, 1, 1, 1, 1, 1, 1, 1, 1, 1, 1, 1, 1, 1, 1, 1, 1, 1, 1, 1, 1]
[1, 1, 1, 1, 1, 1, 1, 1, 1, 1, 1, 1, 1, 1, 1, 1, 1, 1, 1, 1, 1, 1, 1, 1, 1]
0.1927
-14.100804179906845
Resoults
41
[1, 1, 1, 1, 1, 1, 1, 1, 1, 1, 1, 1, 1, 1, 1, 1, 1, 1, 1, 1, 1, 1, 1, 1, 1]
[1, 1, 1, 1, 1, 1, 1, 1, 1, 1, 1, 1, 1, 1, 1, 1, 1, 1, 1, 1, 1, 1, 1, 1, 1]
0.1927
-14.100804179906845
15
Resoults
42
[1, 1, 1, 1, 1, 1, 1, 1, 1, 1, 1, 1, 1, 1, 1, 1, 1, 1, 1, 1, 1, 1, 1, 1, 1]
[1, 1, 1, 1, 1, 1, 1, 1, 1, 1, 1, 1, 1, 1, 1, 1, 1, 1, 1, 1, 1, 1, 1, 1, 1]
0.1926
-14.170831322669983
Resoults
42
[1, 1, 1, 1, 1, 1, 1, 1, 1, 1, 1, 1, 1, 1, 1, 1, 1, 1, 1, 1, 1, 1, 1, 1, 1]
[1, 1, 1, 1, 1, 1, 1, 1, 1, 1, 1, 1, 1, 1, 1, 1, 1, 1, 1, 1, 1, 1, 1, 1, 1]
0.1926
-14.170831322669983
15
Resoults
43
[1, 1, 1, 1, 1, 1, 1, 1, 1, 1, 1, 1, 1, 1, 1, 1, 1, 1, 1, 1, 1, 1, 1, 1, 1]
[1, 1, 1, 1, 1, 1, 1, 1, 1, 1, 1, 1, 1, 1, 1, 1, 1, 1, 1, 1, 1, 1, 1, 1, 1]
0.1916
-14.206807032227516
Resoults
43
[1, 1, 1, 1, 1, 1, 1, 1, 1, 1, 1, 1, 1, 1, 1, 1, 1, 1, 1, 1, 1, 1, 1, 1, 1]
[1, 1, 1, 1, 1, 1, 1, 1, 1, 1, 1, 1, 1, 1, 1, 1, 1, 1, 1, 1, 1, 1, 1, 1, 1]
0.1916
-14.206807032227516
19
Resoults
44
[1, 1, 1, 1, 1, 1, 1, 1, 1, 1, 1, 1, 1, 1, 1, 1, 1, 1, 1, 1, 1, 1, 1, 1, 1]
[1, 1, 1, 1, 1, 1, 1, 1, 1, 1, 1, 1, 1, 1, 1, 1, 1, 1, 1, 1, 1, 1, 1, 1, 1]
0.1955
-14.347129240632057
Resoults
44
[1, 1, 1, 1, 1, 1, 1, 1, 1, 1, 1, 1, 1, 1, 1, 1, 1, 1, 1, 1, 1, 1, 1, 1, 1]
[1, 1, 1, 1, 1, 1, 1, 1, 1, 1, 1, 1, 1, 1, 1, 1, 1, 1, 1, 1, 1, 1, 1, 1, 1]
0.1955
-14.347129240632057
12
Resoults
45
[1, 1, 1, 1, 1, 1, 1, 1, 1, 1, 1, 1, 1, 1, 1, 1, 1, 1, 1, 1, 1, 1, 1, 1, 1]
[1, 1, 1, 1, 1, 1, 1, 1, 1, 1, 1, 1, 1, 1, 1, 1, 1, 1, 1, 1, 1, 1, 1, 1, 1]
0.2003
-14.503831923007965
Resoults
45
[1, 1, 1, 1, 1, 1, 1, 1, 1, 1, 1, 1, 1, 1, 1, 1, 1, 1, 1, 1, 1, 1, 1, 1, 1]
[1, 1, 1, 1, 1, 1, 1, 1, 1, 1, 1, 1, 1, 1, 1, 1, 1, 1, 1, 1, 1, 1, 1, 1, 1]
0.2003
-14.503831923007965
12
Resoults
46
[1, 1, 1, 1, 1, 1, 1, 1, 1, 1, 1, 1, 1, 1, 1, 1, 1, 1, 1, 1, 1, 1, 1, 1, 1]
[1, 1, 1, 1, 1, 1, 1, 1, 1, 1, 1, 1, 1, 1, 1, 1, 1, 1, 1, 1, 1, 1, 1, 1, 1]
0.2049
-14.663829669356346
Resoults
46
[1, 1, 1, 1, 1, 1, 1, 1, 1, 1, 1, 1, 1, 1, 1, 1, 1, 1, 1, 1, 1, 1, 1, 1, 1]
[1, 1, 1, 1, 1, 1, 1, 1, 1, 1, 1, 1, 1, 1, 1, 1, 1, 1, 1, 1, 1, 1, 1, 1, 1]
0.2049
-14.663829669356346
12
Resoults
47
[1, 1, 1, 1, 1, 1, 1, 1, 1, 1, 1, 1, 1, 1, 1, 1, 1, 1, 1, 1, 1, 1, 1, 1, 1]
[1, 1, 1, 1, 1, 1, 1, 1, 1, 1, 1, 1, 1, 1, 1, 1, 1, 1, 1, 1, 1, 1, 1, 1, 1]
0.2094
-14.850654408335686
Resoults
47
[1, 1, 1, 1, 1, 1, 1, 1, 1, 1, 1, 1, 1, 1, 1, 1, 1, 1, 1, 1, 1, 1, 1, 1, 1]
[1, 1, 1, 1, 1, 1, 1, 1, 1, 1, 1, 1, 1, 1, 1, 1, 1, 1, 1, 1, 1, 1, 1, 1, 1]
0.2094
-14.850654408335686
23
Resoults
48
[1, 1, 1, 1, 1, 1, 1, 1, 1, 1, 1, 1, 1, 1, 1, 1, 1, 1, 1, 1, 1, 1, 1, 1, 1]
[1, 1, 1, 1, 1, 1, 1, 1, 1, 1, 1, 1, 1, 1, 1, 1, 1, 1, 1, 1, 1, 1, 1, 1, 1]
0.2106
-15.000160738825798
Resoults
48
[1, 1, 1, 1, 1, 1, 1, 1, 1, 1, 1, 1, 1, 1, 1, 1, 1, 1, 1, 1, 1, 1, 1, 1, 1]
[1, 1, 1, 1, 1, 1, 1, 1, 1, 1, 1, 1, 1, 1, 1, 1, 1, 1, 1, 1, 1, 1, 1, 1, 1]
0.2106
-15.000160738825798
15
Resoults
49
[1, 1, 1, 1, 1, 1, 1, 1, 1, 1, 1, 1, 1, 1, 1, 1, 1, 1, 1, 1, 1, 1, 1, 1, 1]
[1, 1, 1, 1, 1, 1, 1, 1, 1, 1, 1, 1, 1, 1, 1, 1, 1, 1, 1, 1, 1, 1, 1, 1, 1]
0.2067
-15.008353352546692
Resoults
49
[1, 1, 1, 1, 1, 1, 1, 1, 1, 1, 1, 1, 1, 1, 1, 1, 1, 1, 1, 1, 1, 1, 1, 1, 1]
[1, 1, 1, 1, 1, 1, 1, 1, 1, 1, 1, 1, 1, 1, 1, 1, 1, 1, 1, 1, 1, 1, 1, 1, 1]
0.2067
-15.008353352546692
