
Experimental details:
    Model     : mlp
    Optimizer : sgd
    Learning  : 0.01
    Global Rounds   : 50

    Federated parameters:
    Non-IID
    Fraction of users  : 0.0
    Local Batch size   : 10
    Local Epochs       : 1

Files already downloaded and verified
Files already downloaded and verified
4
Resoults
0
[1, 1, 1, 1, 1]
[1, 1, 1, 1, 1]
0.1136
-8.043721087276936
Resoults
0
[1, 1, 1, 1, 1]
[1, 1, 1, 1, 1]
0.1136
-8.043721087276936
4
Resoults
1
[1, 1, 1, 1, 1]
[1, 1, 1, 1, 1]
0.129
-8.21407701075077
Resoults
1
[1, 1, 1, 1, 1]
[1, 1, 1, 1, 1]
0.129
-8.21407701075077
2
Resoults
2
[1, 1, 1, 1, 1]
[1, 1, 1, 1, 1]
0.1431
-8.348077043890953
Resoults
2
[1, 1, 1, 1, 1]
[1, 1, 1, 1, 1]
0.1431
-8.348077043890953
4
Resoults
3
[1, 1, 1, 1, 1]
[1, 1, 1, 1, 1]
0.1497
-8.518027126789093
Resoults
3
[1, 1, 1, 1, 1]
[1, 1, 1, 1, 1]
0.1497
-8.518027126789093
0
Resoults
4
[1, 1, 1, 1, 1]
[1, 1, 1, 1, 1]
0.1561
-8.675227172672749
Resoults
4
[1, 1, 1, 1, 1]
[1, 1, 1, 1, 1]
0.1561
-8.675227172672749
1
Resoults
5
[1, 1, 1, 1, 1]
[1, 1, 1, 1, 1]
0.1577
-8.85463534295559
Resoults
5
[1, 1, 1, 1, 1]
[1, 1, 1, 1, 1]
0.1577
-8.85463534295559
4
Resoults
6
[1, 1, 1, 1, 1]
[1, 1, 1, 1, 1]
0.1552
-9.091154642403126
Resoults
6
[1, 1, 1, 1, 1]
[1, 1, 1, 1, 1]
0.1552
-9.091154642403126
4
Resoults
7
[1, 1, 1, 1, 1]
[1, 1, 1, 1, 1]
0.1556
-9.418338038027287
Resoults
7
[1, 1, 1, 1, 1]
[1, 1, 1, 1, 1]
0.1556
-9.418338038027287
0
Resoults
8
[1, 1, 1, 1, 1]
[1, 1, 1, 1, 1]
0.1574
-9.753960572183132
Resoults
8
[1, 1, 1, 1, 1]
[1, 1, 1, 1, 1]
0.1574
-9.753960572183132
0
Resoults
9
[1, 1, 1, 1, 1]
[1, 1, 1, 1, 1]
0.1616
-10.081750765442848
Resoults
9
[1, 1, 1, 1, 1]
[1, 1, 1, 1, 1]
0.1616
-10.081750765442848
0
Resoults
10
[1, 1, 1, 1, 1]
[1, 1, 1, 1, 1]
0.1681
-10.362247847020626
Resoults
10
[1, 1, 1, 1, 1]
[1, 1, 1, 1, 1]
0.1681
-10.362247847020626
0
Resoults
11
[1, 1, 1, 1, 1]
[1, 1, 1, 1, 1]
0.172
-10.57544531673193
Resoults
11
[1, 1, 1, 1, 1]
[1, 1, 1, 1, 1]
0.172
-10.57544531673193
0
Resoults
12
[1, 1, 1, 1, 1]
[1, 1, 1, 1, 1]
0.1737
-10.777853518724442
Resoults
12
[1, 1, 1, 1, 1]
[1, 1, 1, 1, 1]
0.1737
-10.777853518724442
0
Resoults
13
[1, 1, 1, 1, 1]
[1, 1, 1, 1, 1]
0.1765
-10.971151866018772
Resoults
13
[1, 1, 1, 1, 1]
[1, 1, 1, 1, 1]
0.1765
-10.971151866018772
1
Resoults
14
[1, 1, 1, 1, 1]
[1, 1, 1, 1, 1]
0.1778
-11.117992982268333
Resoults
14
[1, 1, 1, 1, 1]
[1, 1, 1, 1, 1]
0.1778
-11.117992982268333
4
Resoults
15
[1, 1, 1, 1, 1]
[1, 1, 1, 1, 1]
0.177
-11.309255324304104
Resoults
15
[1, 1, 1, 1, 1]
[1, 1, 1, 1, 1]
0.177
-11.309255324304104
3
Resoults
16
[1, 1, 1, 1, 1]
[1, 1, 1, 1, 1]
0.1779
-11.438696458935738
Resoults
16
[1, 1, 1, 1, 1]
[1, 1, 1, 1, 1]
0.1779
-11.438696458935738
1
Resoults
17
[1, 1, 1, 1, 1]
[1, 1, 1, 1, 1]
0.1825
-11.557402074337006
Resoults
17
[1, 1, 1, 1, 1]
[1, 1, 1, 1, 1]
0.1825
-11.557402074337006
2
Resoults
18
[1, 1, 1, 1, 1]
[1, 1, 1, 1, 1]
0.186
-11.693895399570465
Resoults
18
[1, 1, 1, 1, 1]
[1, 1, 1, 1, 1]
0.186
-11.693895399570465
0
Resoults
19
[1, 1, 1, 1, 1]
[1, 1, 1, 1, 1]
0.1883
-11.847836092114449
Resoults
19
[1, 1, 1, 1, 1]
[1, 1, 1, 1, 1]
0.1883
-11.847836092114449
0
Resoults
20
[1, 1, 1, 1, 1]
[1, 1, 1, 1, 1]
0.1928
-11.972146518528461
Resoults
20
[1, 1, 1, 1, 1]
[1, 1, 1, 1, 1]
0.1928
-11.972146518528461
3
Resoults
21
[1, 1, 1, 1, 1]
[1, 1, 1, 1, 1]
0.1886
-12.060470931231976
Resoults
21
[1, 1, 1, 1, 1]
[1, 1, 1, 1, 1]
0.1886
-12.060470931231976
1
Resoults
22
[1, 1, 1, 1, 1]
[1, 1, 1, 1, 1]
0.197
-12.193362794816494
Resoults
22
[1, 1, 1, 1, 1]
[1, 1, 1, 1, 1]
0.197
-12.193362794816494
1
Resoults
23
[1, 1, 1, 1, 1]
[1, 1, 1, 1, 1]
0.2032
-12.32008720189333
Resoults
23
[1, 1, 1, 1, 1]
[1, 1, 1, 1, 1]
0.2032
-12.32008720189333
3
Resoults
24
[1, 1, 1, 1, 1]
[1, 1, 1, 1, 1]
0.2001
-12.43489357829094
Resoults
24
[1, 1, 1, 1, 1]
[1, 1, 1, 1, 1]
0.2001
-12.43489357829094
4
Resoults
25
[1, 1, 1, 1, 1]
[1, 1, 1, 1, 1]
0.1966
-12.487378731369972
Resoults
25
[1, 1, 1, 1, 1]
[1, 1, 1, 1, 1]
0.1966
-12.487378731369972
4
Resoults
26
[1, 1, 1, 1, 1]
[1, 1, 1, 1, 1]
0.1954
-12.549082837998867
Resoults
26
[1, 1, 1, 1, 1]
[1, 1, 1, 1, 1]
0.1954
-12.549082837998867
1
Resoults
27
[1, 1, 1, 1, 1]
[1, 1, 1, 1, 1]
0.2041
-12.664456933736801
Resoults
27
[1, 1, 1, 1, 1]
[1, 1, 1, 1, 1]
0.2041
-12.664456933736801
2
Resoults
28
[1, 1, 1, 1, 1]
[1, 1, 1, 1, 1]
0.1976
-12.741221494972706
Resoults
28
[1, 1, 1, 1, 1]
[1, 1, 1, 1, 1]
0.1976
-12.741221494972706
4
Resoults
29
[1, 1, 1, 1, 1]
[1, 1, 1, 1, 1]
0.2001
-12.849414139986038
Resoults
29
[1, 1, 1, 1, 1]
[1, 1, 1, 1, 1]
0.2001
-12.849414139986038
2
Resoults
30
[1, 1, 1, 1, 1]
[1, 1, 1, 1, 1]
0.2044
-12.948660030961037
Resoults
30
[1, 1, 1, 1, 1]
[1, 1, 1, 1, 1]
0.2044
-12.948660030961037
1
Resoults
31
[1, 1, 1, 1, 1]
[1, 1, 1, 1, 1]
0.2079
-13.193523988127708
Resoults
31
[1, 1, 1, 1, 1]
[1, 1, 1, 1, 1]
0.2079
-13.193523988127708
2
Resoults
32
[1, 1, 1, 1, 1]
[1, 1, 1, 1, 1]
0.2097
-13.276791602373123
Resoults
32
[1, 1, 1, 1, 1]
[1, 1, 1, 1, 1]
0.2097
-13.276791602373123
1
Resoults
33
[1, 1, 1, 1, 1]
[1, 1, 1, 1, 1]
0.2043
-13.523468643426895
Resoults
33
[1, 1, 1, 1, 1]
[1, 1, 1, 1, 1]
0.2043
-13.523468643426895
0
Resoults
34
[1, 1, 1, 1, 1]
[1, 1, 1, 1, 1]
0.2055
-13.63004283607006
Resoults
34
[1, 1, 1, 1, 1]
[1, 1, 1, 1, 1]
0.2055
-13.63004283607006
0
Resoults
35
[1, 1, 1, 1, 1]
[1, 1, 1, 1, 1]
0.2076
-13.718529090285301
Resoults
35
[1, 1, 1, 1, 1]
[1, 1, 1, 1, 1]
0.2076
-13.718529090285301
1
Resoults
36
[1, 1, 1, 1, 1]
[1, 1, 1, 1, 1]
0.2047
-13.937065154314041
Resoults
36
[1, 1, 1, 1, 1]
[1, 1, 1, 1, 1]
0.2047
-13.937065154314041
4
Resoults
37
[1, 1, 1, 1, 1]
[1, 1, 1, 1, 1]
0.2132
-14.026426956057549
Resoults
37
[1, 1, 1, 1, 1]
[1, 1, 1, 1, 1]
0.2132
-14.026426956057549
2
Resoults
38
[1, 1, 1, 1, 1]
[1, 1, 1, 1, 1]
0.2122
-14.092784494161606
Resoults
38
[1, 1, 1, 1, 1]
[1, 1, 1, 1, 1]
0.2122
-14.092784494161606
3
Resoults
39
[1, 1, 1, 1, 1]
[1, 1, 1, 1, 1]
0.2139
-14.181978300213814
Resoults
39
[1, 1, 1, 1, 1]
[1, 1, 1, 1, 1]
0.2139
-14.181978300213814
0
Resoults
40
[1, 1, 1, 1, 1]
[1, 1, 1, 1, 1]
0.2164
-14.25029730796814
Resoults
40
[1, 1, 1, 1, 1]
[1, 1, 1, 1, 1]
0.2164
-14.25029730796814
2
Resoults
41
[1, 1, 1, 1, 1]
[1, 1, 1, 1, 1]
0.2197
-14.356469854712486
Resoults
41
[1, 1, 1, 1, 1]
[1, 1, 1, 1, 1]
0.2197
-14.356469854712486
0
Resoults
42
[1, 1, 1, 1, 1]
[1, 1, 1, 1, 1]
0.2195
-14.449074268341064
Resoults
42
[1, 1, 1, 1, 1]
[1, 1, 1, 1, 1]
0.2195
-14.449074268341064
4
Resoults
43
[1, 1, 1, 1, 1]
[1, 1, 1, 1, 1]
0.22
-14.540404975414276
Resoults
43
[1, 1, 1, 1, 1]
[1, 1, 1, 1, 1]
0.22
-14.540404975414276
2
Resoults
44
[1, 1, 1, 1, 1]
[1, 1, 1, 1, 1]
0.2193
-14.607981771230698
Resoults
44
[1, 1, 1, 1, 1]
[1, 1, 1, 1, 1]
0.2193
-14.607981771230698
0
Resoults
45
[1, 1, 1, 1, 1]
[1, 1, 1, 1, 1]
0.2212
-14.68644292652607
Resoults
45
[1, 1, 1, 1, 1]
[1, 1, 1, 1, 1]
0.2212
-14.68644292652607
4
Resoults
46
[1, 1, 1, 1, 1]
[1, 1, 1, 1, 1]
0.2191
-14.781899243593216
Resoults
46
[1, 1, 1, 1, 1]
[1, 1, 1, 1, 1]
0.2191
-14.781899243593216
4
Resoults
47
[1, 1, 1, 1, 1]
[1, 1, 1, 1, 1]
0.2202
-14.85973796248436
Resoults
47
[1, 1, 1, 1, 1]
[1, 1, 1, 1, 1]
0.2202
-14.85973796248436
2
Resoults
48
[1, 1, 1, 1, 1]
[1, 1, 1, 1, 1]
0.2195
-14.931136772036552
Resoults
48
[1, 1, 1, 1, 1]
[1, 1, 1, 1, 1]
0.2195
-14.931136772036552
4
Resoults
49
[1, 1, 1, 1, 1]
[1, 1, 1, 1, 1]
0.2204
-14.995294630527496
Resoults
49
[1, 1, 1, 1, 1]
[1, 1, 1, 1, 1]
0.2204
-14.995294630527496

Experimental details:
    Model     : mlp
    Optimizer : sgd
    Learning  : 0.01
    Global Rounds   : 50

    Federated parameters:
    Non-IID
    Fraction of users  : 0.0
    Local Batch size   : 10
    Local Epochs       : 1

Files already downloaded and verified
Files already downloaded and verified
0
Resoults
0
[1, 1, 1, 1, 1]
[1, 1, 1, 1, 1]
0.115
-8.017271906137466
Resoults
0
[1, 1, 1, 1, 1]
[1, 1, 1, 1, 1]
0.115
-8.017271906137466
1
Resoults
1
[1, 1, 1, 1, 1]
[1, 1, 1, 1, 1]
0.1405
-8.139862976968288
Resoults
1
[1, 1, 1, 1, 1]
[1, 1, 1, 1, 1]
0.1405
-8.139862976968288
3
Resoults
2
[1, 1, 1, 1, 1]
[1, 1, 1, 1, 1]
0.1636
-8.264046110212803
Resoults
2
[1, 1, 1, 1, 1]
[1, 1, 1, 1, 1]
0.1636
-8.264046110212803
4
Resoults
3
[1, 1, 1, 1, 1]
[1, 1, 1, 1, 1]
0.1761
-8.44140139222145
Resoults
3
[1, 1, 1, 1, 1]
[1, 1, 1, 1, 1]
0.1761
-8.44140139222145
4
Resoults
4
[1, 1, 1, 1, 1]
[1, 1, 1, 1, 1]
0.1829
-8.653840512037277
Resoults
4
[1, 1, 1, 1, 1]
[1, 1, 1, 1, 1]
0.1829
-8.653840512037277
4
Resoults
5
[1, 1, 1, 1, 1]
[1, 1, 1, 1, 1]
0.1796
-8.906516782939434
Resoults
5
[1, 1, 1, 1, 1]
[1, 1, 1, 1, 1]
0.1796
-8.906516782939434
1
Resoults
6
[1, 1, 1, 1, 1]
[1, 1, 1, 1, 1]
0.1777
-9.165552370250225
Resoults
6
[1, 1, 1, 1, 1]
[1, 1, 1, 1, 1]
0.1777
-9.165552370250225
0
Resoults
7
[1, 1, 1, 1, 1]
[1, 1, 1, 1, 1]
0.1756
-9.501119025051594
Resoults
7
[1, 1, 1, 1, 1]
[1, 1, 1, 1, 1]
0.1756
-9.501119025051594
0
Resoults
8
[1, 1, 1, 1, 1]
[1, 1, 1, 1, 1]
0.1772
-9.826609417796135
Resoults
8
[1, 1, 1, 1, 1]
[1, 1, 1, 1, 1]
0.1772
-9.826609417796135
1
Resoults
9
[1, 1, 1, 1, 1]
[1, 1, 1, 1, 1]
0.1753
-10.26044438034296
Resoults
9
[1, 1, 1, 1, 1]
[1, 1, 1, 1, 1]
0.1753
-10.26044438034296
3
Resoults
10
[1, 1, 1, 1, 1]
[1, 1, 1, 1, 1]
0.1761
-10.50979033857584
Resoults
10
[1, 1, 1, 1, 1]
[1, 1, 1, 1, 1]
0.1761
-10.50979033857584
4
Resoults
11
[1, 1, 1, 1, 1]
[1, 1, 1, 1, 1]
0.1759
-10.809291005134583
Resoults
11
[1, 1, 1, 1, 1]
[1, 1, 1, 1, 1]
0.1759
-10.809291005134583
1
Resoults
12
[1, 1, 1, 1, 1]
[1, 1, 1, 1, 1]
0.1736
-11.12448713928461
Resoults
12
[1, 1, 1, 1, 1]
[1, 1, 1, 1, 1]
0.1736
-11.12448713928461
0
Resoults
13
[1, 1, 1, 1, 1]
[1, 1, 1, 1, 1]
0.1741
-11.437919177114964
Resoults
13
[1, 1, 1, 1, 1]
[1, 1, 1, 1, 1]
0.1741
-11.437919177114964
1
Resoults
14
[1, 1, 1, 1, 1]
[1, 1, 1, 1, 1]
0.1744
-11.674881748855114
Resoults
14
[1, 1, 1, 1, 1]
[1, 1, 1, 1, 1]
0.1744
-11.674881748855114
4
Resoults
15
[1, 1, 1, 1, 1]
[1, 1, 1, 1, 1]
0.175
-11.869178637862206
Resoults
15
[1, 1, 1, 1, 1]
[1, 1, 1, 1, 1]
0.175
-11.869178637862206
2
Resoults
16
[1, 1, 1, 1, 1]
[1, 1, 1, 1, 1]
0.1748
-12.015523098409176
Resoults
16
[1, 1, 1, 1, 1]
[1, 1, 1, 1, 1]
0.1748
-12.015523098409176
1
Resoults
17
[1, 1, 1, 1, 1]
[1, 1, 1, 1, 1]
0.1749
-12.201242230832577
Resoults
17
[1, 1, 1, 1, 1]
[1, 1, 1, 1, 1]
0.1749
-12.201242230832577
0
Resoults
18
[1, 1, 1, 1, 1]
[1, 1, 1, 1, 1]
0.1775
-12.367999143898487
Resoults
18
[1, 1, 1, 1, 1]
[1, 1, 1, 1, 1]
0.1775
-12.367999143898487
3
Resoults
19
[1, 1, 1, 1, 1]
[1, 1, 1, 1, 1]
0.1779
-12.45773970335722
Resoults
19
[1, 1, 1, 1, 1]
[1, 1, 1, 1, 1]
0.1779
-12.45773970335722
3
Resoults
20
[1, 1, 1, 1, 1]
[1, 1, 1, 1, 1]
0.1794
-12.52700338512659
Resoults
20
[1, 1, 1, 1, 1]
[1, 1, 1, 1, 1]
0.1794
-12.52700338512659
2
Resoults
21
[1, 1, 1, 1, 1]
[1, 1, 1, 1, 1]
0.1819
-12.630224891006947
Resoults
21
[1, 1, 1, 1, 1]
[1, 1, 1, 1, 1]
0.1819
-12.630224891006947
1
Resoults
22
[1, 1, 1, 1, 1]
[1, 1, 1, 1, 1]
0.1817
-12.748512826859951
Resoults
22
[1, 1, 1, 1, 1]
[1, 1, 1, 1, 1]
0.1817
-12.748512826859951
2
Resoults
23
[1, 1, 1, 1, 1]
[1, 1, 1, 1, 1]
0.1856
-12.832271590828896
Resoults
23
[1, 1, 1, 1, 1]
[1, 1, 1, 1, 1]
0.1856
-12.832271590828896
2
Resoults
24
[1, 1, 1, 1, 1]
[1, 1, 1, 1, 1]
0.1879
-12.90583149343729
Resoults
24
[1, 1, 1, 1, 1]
[1, 1, 1, 1, 1]
0.1879
-12.90583149343729
2
Resoults
25
[1, 1, 1, 1, 1]
[1, 1, 1, 1, 1]
0.1895
-13.010303020477295
Resoults
25
[1, 1, 1, 1, 1]
[1, 1, 1, 1, 1]
0.1895
-13.010303020477295
1
Resoults
26
[1, 1, 1, 1, 1]
[1, 1, 1, 1, 1]
0.1907
-13.175144605338573
Resoults
26
[1, 1, 1, 1, 1]
[1, 1, 1, 1, 1]
0.1907
-13.175144605338573
4
Resoults
27
[1, 1, 1, 1, 1]
[1, 1, 1, 1, 1]
0.1919
-13.280777111649513
Resoults
27
[1, 1, 1, 1, 1]
[1, 1, 1, 1, 1]
0.1919
-13.280777111649513
1
Resoults
28
[1, 1, 1, 1, 1]
[1, 1, 1, 1, 1]
0.1936
-13.438681446015835
Resoults
28
[1, 1, 1, 1, 1]
[1, 1, 1, 1, 1]
0.1936
-13.438681446015835
0
Resoults
29
[1, 1, 1, 1, 1]
[1, 1, 1, 1, 1]
0.1956
-13.592227034270763
Resoults
29
[1, 1, 1, 1, 1]
[1, 1, 1, 1, 1]
0.1956
-13.592227034270763
2
Resoults
30
[1, 1, 1, 1, 1]
[1, 1, 1, 1, 1]
0.1979
-13.728721223771572
Resoults
30
[1, 1, 1, 1, 1]
[1, 1, 1, 1, 1]
0.1979
-13.728721223771572
1
Resoults
31
[1, 1, 1, 1, 1]
[1, 1, 1, 1, 1]
0.2002
-13.913962461054325
Resoults
31
[1, 1, 1, 1, 1]
[1, 1, 1, 1, 1]
0.2002
-13.913962461054325
1
Resoults
32
[1, 1, 1, 1, 1]
[1, 1, 1, 1, 1]
0.2022
-14.104955844581127
Resoults
32
[1, 1, 1, 1, 1]
[1, 1, 1, 1, 1]
0.2022
-14.104955844581127
0
Resoults
33
[1, 1, 1, 1, 1]
[1, 1, 1, 1, 1]
0.2047
-14.249520123004913
Resoults
33
[1, 1, 1, 1, 1]
[1, 1, 1, 1, 1]
0.2047
-14.249520123004913
4
Resoults
34
[1, 1, 1, 1, 1]
[1, 1, 1, 1, 1]
0.2053
-14.359770849347115
Resoults
34
[1, 1, 1, 1, 1]
[1, 1, 1, 1, 1]
0.2053
-14.359770849347115
3
Resoults
35
[1, 1, 1, 1, 1]
[1, 1, 1, 1, 1]
0.2062
-14.427664026618004
Resoults
35
[1, 1, 1, 1, 1]
[1, 1, 1, 1, 1]
0.2062
-14.427664026618004
3
Resoults
36
[1, 1, 1, 1, 1]
[1, 1, 1, 1, 1]
0.2061
-14.523234628140926
Resoults
36
[1, 1, 1, 1, 1]
[1, 1, 1, 1, 1]
0.2061
-14.523234628140926
2
Resoults
37
[1, 1, 1, 1, 1]
[1, 1, 1, 1, 1]
0.2089
-14.637784473598003
Resoults
37
[1, 1, 1, 1, 1]
[1, 1, 1, 1, 1]
0.2089
-14.637784473598003
0
Resoults
38
[1, 1, 1, 1, 1]
[1, 1, 1, 1, 1]
0.2118
-14.72964434325695
Resoults
38
[1, 1, 1, 1, 1]
[1, 1, 1, 1, 1]
0.2118
-14.72964434325695
4
Resoults
39
[1, 1, 1, 1, 1]
[1, 1, 1, 1, 1]
0.2125
-14.864419236779213
Resoults
39
[1, 1, 1, 1, 1]
[1, 1, 1, 1, 1]
0.2125
-14.864419236779213
4
Resoults
40
[1, 1, 1, 1, 1]
[1, 1, 1, 1, 1]
0.2135
-14.966731831431389
Resoults
40
[1, 1, 1, 1, 1]
[1, 1, 1, 1, 1]
0.2135
-14.966731831431389
1
Resoults
41
[1, 1, 1, 1, 1]
[1, 1, 1, 1, 1]
0.2124
-15.120341375470161
Resoults
41
[1, 1, 1, 1, 1]
[1, 1, 1, 1, 1]
0.2124
-15.120341375470161
4
Resoults
42
[1, 1, 1, 1, 1]
[1, 1, 1, 1, 1]
0.2142
-15.235584869980812
Resoults
42
[1, 1, 1, 1, 1]
[1, 1, 1, 1, 1]
0.2142
-15.235584869980812
4
Resoults
43
[1, 1, 1, 1, 1]
[1, 1, 1, 1, 1]
0.2145
-15.291944161057472
Resoults
43
[1, 1, 1, 1, 1]
[1, 1, 1, 1, 1]
0.2145
-15.291944161057472
0
Resoults
44
[1, 1, 1, 1, 1]
[1, 1, 1, 1, 1]
0.2168
-15.409072548151016
Resoults
44
[1, 1, 1, 1, 1]
[1, 1, 1, 1, 1]
0.2168
-15.409072548151016
2
Resoults
45
[1, 1, 1, 1, 1]
[1, 1, 1, 1, 1]
0.2164
-15.477359309792519
Resoults
45
[1, 1, 1, 1, 1]
[1, 1, 1, 1, 1]
0.2164
-15.477359309792519
0
Resoults
46
[1, 1, 1, 1, 1]
[1, 1, 1, 1, 1]
0.2179
-15.621190011501312
Resoults
46
[1, 1, 1, 1, 1]
[1, 1, 1, 1, 1]
0.2179
-15.621190011501312
0
Resoults
47
[1, 1, 1, 1, 1]
[1, 1, 1, 1, 1]
0.2188
-15.671577230095863
Resoults
47
[1, 1, 1, 1, 1]
[1, 1, 1, 1, 1]
0.2188
-15.671577230095863
2
Resoults
48
[1, 1, 1, 1, 1]
[1, 1, 1, 1, 1]
0.2208
-15.82054851949215
Resoults
48
[1, 1, 1, 1, 1]
[1, 1, 1, 1, 1]
0.2208
-15.82054851949215
3
Resoults
49
[1, 1, 1, 1, 1]
[1, 1, 1, 1, 1]
0.2231
-15.93901164829731
Resoults
49
[1, 1, 1, 1, 1]
[1, 1, 1, 1, 1]
0.2231
-15.93901164829731

Experimental details:
    Model     : mlp
    Optimizer : sgd
    Learning  : 0.01
    Global Rounds   : 50

    Federated parameters:
    Non-IID
    Fraction of users  : 0.0
    Local Batch size   : 10
    Local Epochs       : 1

Files already downloaded and verified
Files already downloaded and verified
3
Resoults
0
[1, 1, 1, 1, 1]
[1, 1, 1, 1, 1]
0.093
-7.905247256159782
Resoults
0
[1, 1, 1, 1, 1]
[1, 1, 1, 1, 1]
0.093
-7.905247256159782
0
Resoults
1
[1, 1, 1, 1, 1]
[1, 1, 1, 1, 1]
0.102
-7.983108922839165
Resoults
1
[1, 1, 1, 1, 1]
[1, 1, 1, 1, 1]
0.102
-7.983108922839165
0
Resoults
2
[1, 1, 1, 1, 1]
[1, 1, 1, 1, 1]
0.1171
-8.059471420943737
Resoults
2
[1, 1, 1, 1, 1]
[1, 1, 1, 1, 1]
0.1171
-8.059471420943737
1
Resoults
3
[1, 1, 1, 1, 1]
[1, 1, 1, 1, 1]
0.1431
-8.16342043876648
Resoults
3
[1, 1, 1, 1, 1]
[1, 1, 1, 1, 1]
0.1431
-8.16342043876648
2
Resoults
4
[1, 1, 1, 1, 1]
[1, 1, 1, 1, 1]
0.1577
-8.278328135609627
Resoults
4
[1, 1, 1, 1, 1]
[1, 1, 1, 1, 1]
0.1577
-8.278328135609627
1
Resoults
5
[1, 1, 1, 1, 1]
[1, 1, 1, 1, 1]
0.1657
-8.411959908902645
Resoults
5
[1, 1, 1, 1, 1]
[1, 1, 1, 1, 1]
0.1657
-8.411959908902645
4
Resoults
6
[1, 1, 1, 1, 1]
[1, 1, 1, 1, 1]
0.1668
-8.564367577433586
Resoults
6
[1, 1, 1, 1, 1]
[1, 1, 1, 1, 1]
0.1668
-8.564367577433586
4
Resoults
7
[1, 1, 1, 1, 1]
[1, 1, 1, 1, 1]
0.1688
-8.771783739328384
Resoults
7
[1, 1, 1, 1, 1]
[1, 1, 1, 1, 1]
0.1688
-8.771783739328384
4
Resoults
8
[1, 1, 1, 1, 1]
[1, 1, 1, 1, 1]
0.1724
-9.085423767566681
Resoults
8
[1, 1, 1, 1, 1]
[1, 1, 1, 1, 1]
0.1724
-9.085423767566681
4
Resoults
9
[1, 1, 1, 1, 1]
[1, 1, 1, 1, 1]
0.1697
-9.514073207974434
Resoults
9
[1, 1, 1, 1, 1]
[1, 1, 1, 1, 1]
0.1697
-9.514073207974434
2
Resoults
10
[1, 1, 1, 1, 1]
[1, 1, 1, 1, 1]
0.1717
-9.86096253991127
Resoults
10
[1, 1, 1, 1, 1]
[1, 1, 1, 1, 1]
0.1717
-9.86096253991127
0
Resoults
11
[1, 1, 1, 1, 1]
[1, 1, 1, 1, 1]
0.1785
-10.184749849140644
Resoults
11
[1, 1, 1, 1, 1]
[1, 1, 1, 1, 1]
0.1785
-10.184749849140644
2
Resoults
12
[1, 1, 1, 1, 1]
[1, 1, 1, 1, 1]
0.1814
-10.430166468024254
Resoults
12
[1, 1, 1, 1, 1]
[1, 1, 1, 1, 1]
0.1814
-10.430166468024254
0
Resoults
13
[1, 1, 1, 1, 1]
[1, 1, 1, 1, 1]
0.1844
-10.6706278398633
Resoults
13
[1, 1, 1, 1, 1]
[1, 1, 1, 1, 1]
0.1844
-10.6706278398633
4
Resoults
14
[1, 1, 1, 1, 1]
[1, 1, 1, 1, 1]
0.1824
-10.902569457888603
Resoults
14
[1, 1, 1, 1, 1]
[1, 1, 1, 1, 1]
0.1824
-10.902569457888603
1
Resoults
15
[1, 1, 1, 1, 1]
[1, 1, 1, 1, 1]
0.1807
-11.104113847017288
Resoults
15
[1, 1, 1, 1, 1]
[1, 1, 1, 1, 1]
0.1807
-11.104113847017288
3
Resoults
16
[1, 1, 1, 1, 1]
[1, 1, 1, 1, 1]
0.1781
-11.301790088415146
Resoults
16
[1, 1, 1, 1, 1]
[1, 1, 1, 1, 1]
0.1781
-11.301790088415146
3
Resoults
17
[1, 1, 1, 1, 1]
[1, 1, 1, 1, 1]
0.177
-11.512793652713299
Resoults
17
[1, 1, 1, 1, 1]
[1, 1, 1, 1, 1]
0.177
-11.512793652713299
0
Resoults
18
[1, 1, 1, 1, 1]
[1, 1, 1, 1, 1]
0.1753
-11.69755657017231
Resoults
18
[1, 1, 1, 1, 1]
[1, 1, 1, 1, 1]
0.1753
-11.69755657017231
2
Resoults
19
[1, 1, 1, 1, 1]
[1, 1, 1, 1, 1]
0.1773
-11.789654701948166
Resoults
19
[1, 1, 1, 1, 1]
[1, 1, 1, 1, 1]
0.1773
-11.789654701948166
0
Resoults
20
[1, 1, 1, 1, 1]
[1, 1, 1, 1, 1]
0.1779
-11.91999600827694
Resoults
20
[1, 1, 1, 1, 1]
[1, 1, 1, 1, 1]
0.1779
-11.91999600827694
3
Resoults
21
[1, 1, 1, 1, 1]
[1, 1, 1, 1, 1]
0.1779
-12.0185791477561
Resoults
21
[1, 1, 1, 1, 1]
[1, 1, 1, 1, 1]
0.1779
-12.0185791477561
0
Resoults
22
[1, 1, 1, 1, 1]
[1, 1, 1, 1, 1]
0.1779
-12.145143672823906
Resoults
22
[1, 1, 1, 1, 1]
[1, 1, 1, 1, 1]
0.1779
-12.145143672823906
4
Resoults
23
[1, 1, 1, 1, 1]
[1, 1, 1, 1, 1]
0.1783
-12.23119355738163
Resoults
23
[1, 1, 1, 1, 1]
[1, 1, 1, 1, 1]
0.1783
-12.23119355738163
0
Resoults
24
[1, 1, 1, 1, 1]
[1, 1, 1, 1, 1]
0.1785
-12.344294264912605
Resoults
24
[1, 1, 1, 1, 1]
[1, 1, 1, 1, 1]
0.1785
-12.344294264912605
2
Resoults
25
[1, 1, 1, 1, 1]
[1, 1, 1, 1, 1]
0.1816
-12.431556902825832
Resoults
25
[1, 1, 1, 1, 1]
[1, 1, 1, 1, 1]
0.1816
-12.431556902825832
3
Resoults
26
[1, 1, 1, 1, 1]
[1, 1, 1, 1, 1]
0.1807
-12.519682429730892
Resoults
26
[1, 1, 1, 1, 1]
[1, 1, 1, 1, 1]
0.1807
-12.519682429730892
0
Resoults
27
[1, 1, 1, 1, 1]
[1, 1, 1, 1, 1]
0.1821
-12.630283512175083
Resoults
27
[1, 1, 1, 1, 1]
[1, 1, 1, 1, 1]
0.1821
-12.630283512175083
0
Resoults
28
[1, 1, 1, 1, 1]
[1, 1, 1, 1, 1]
0.1838
-12.763786248862743
Resoults
28
[1, 1, 1, 1, 1]
[1, 1, 1, 1, 1]
0.1838
-12.763786248862743
0
Resoults
29
[1, 1, 1, 1, 1]
[1, 1, 1, 1, 1]
0.184
-12.894528321921825
Resoults
29
[1, 1, 1, 1, 1]
[1, 1, 1, 1, 1]
0.184
-12.894528321921825
2
Resoults
30
[1, 1, 1, 1, 1]
[1, 1, 1, 1, 1]
0.1861
-12.99933547526598
Resoults
30
[1, 1, 1, 1, 1]
[1, 1, 1, 1, 1]
0.1861
-12.99933547526598
3
Resoults
31
[1, 1, 1, 1, 1]
[1, 1, 1, 1, 1]
0.187
-13.06933095306158
Resoults
31
[1, 1, 1, 1, 1]
[1, 1, 1, 1, 1]
0.187
-13.06933095306158
2
Resoults
32
[1, 1, 1, 1, 1]
[1, 1, 1, 1, 1]
0.1874
-13.189442366361618
Resoults
32
[1, 1, 1, 1, 1]
[1, 1, 1, 1, 1]
0.1874
-13.189442366361618
1
Resoults
33
[1, 1, 1, 1, 1]
[1, 1, 1, 1, 1]
0.1879
-13.297469027340412
Resoults
33
[1, 1, 1, 1, 1]
[1, 1, 1, 1, 1]
0.1879
-13.297469027340412
0
Resoults
34
[1, 1, 1, 1, 1]
[1, 1, 1, 1, 1]
0.1889
-13.379873797297478
Resoults
34
[1, 1, 1, 1, 1]
[1, 1, 1, 1, 1]
0.1889
-13.379873797297478
4
Resoults
35
[1, 1, 1, 1, 1]
[1, 1, 1, 1, 1]
0.1909
-13.463611356914043
Resoults
35
[1, 1, 1, 1, 1]
[1, 1, 1, 1, 1]
0.1909
-13.463611356914043
3
Resoults
36
[1, 1, 1, 1, 1]
[1, 1, 1, 1, 1]
0.1915
-13.526408031582832
Resoults
36
[1, 1, 1, 1, 1]
[1, 1, 1, 1, 1]
0.1915
-13.526408031582832
1
Resoults
37
[1, 1, 1, 1, 1]
[1, 1, 1, 1, 1]
0.1913
-13.668625846505165
Resoults
37
[1, 1, 1, 1, 1]
[1, 1, 1, 1, 1]
0.1913
-13.668625846505165
3
Resoults
38
[1, 1, 1, 1, 1]
[1, 1, 1, 1, 1]
0.1935
-13.747650533914566
Resoults
38
[1, 1, 1, 1, 1]
[1, 1, 1, 1, 1]
0.1935
-13.747650533914566
2
Resoults
39
[1, 1, 1, 1, 1]
[1, 1, 1, 1, 1]
0.1955
-13.859551280736923
Resoults
39
[1, 1, 1, 1, 1]
[1, 1, 1, 1, 1]
0.1955
-13.859551280736923
2
Resoults
40
[1, 1, 1, 1, 1]
[1, 1, 1, 1, 1]
0.1997
-13.941919967532158
Resoults
40
[1, 1, 1, 1, 1]
[1, 1, 1, 1, 1]
0.1997
-13.941919967532158
2
Resoults
41
[1, 1, 1, 1, 1]
[1, 1, 1, 1, 1]
0.2007
-14.052269980311394
Resoults
41
[1, 1, 1, 1, 1]
[1, 1, 1, 1, 1]
0.2007
-14.052269980311394
4
Resoults
42
[1, 1, 1, 1, 1]
[1, 1, 1, 1, 1]
0.2033
-14.161163479089737
Resoults
42
[1, 1, 1, 1, 1]
[1, 1, 1, 1, 1]
0.2033
-14.161163479089737
1
Resoults
43
[1, 1, 1, 1, 1]
[1, 1, 1, 1, 1]
0.2039
-14.32813049852848
Resoults
43
[1, 1, 1, 1, 1]
[1, 1, 1, 1, 1]
0.2039
-14.32813049852848
4
Resoults
44
[1, 1, 1, 1, 1]
[1, 1, 1, 1, 1]
0.2058
-14.441952735185623
Resoults
44
[1, 1, 1, 1, 1]
[1, 1, 1, 1, 1]
0.2058
-14.441952735185623
1
Resoults
45
[1, 1, 1, 1, 1]
[1, 1, 1, 1, 1]
0.2062
-14.567593842744827
Resoults
45
[1, 1, 1, 1, 1]
[1, 1, 1, 1, 1]
0.2062
-14.567593842744827
0
Resoults
46
[1, 1, 1, 1, 1]
[1, 1, 1, 1, 1]
0.2117
-14.731983721256256
Resoults
46
[1, 1, 1, 1, 1]
[1, 1, 1, 1, 1]
0.2117
-14.731983721256256
0
Resoults
47
[1, 1, 1, 1, 1]
[1, 1, 1, 1, 1]
0.2178
-14.814118102192879
Resoults
47
[1, 1, 1, 1, 1]
[1, 1, 1, 1, 1]
0.2178
-14.814118102192879
3
Resoults
48
[1, 1, 1, 1, 1]
[1, 1, 1, 1, 1]
0.2176
-14.946547240018845
Resoults
48
[1, 1, 1, 1, 1]
[1, 1, 1, 1, 1]
0.2176
-14.946547240018845
1
Resoults
49
[1, 1, 1, 1, 1]
[1, 1, 1, 1, 1]
0.2204
-15.097698673605919
Resoults
49
[1, 1, 1, 1, 1]
[1, 1, 1, 1, 1]
0.2204
-15.097698673605919
 1, 1, 1, 1, 1, 1, 1]
[1, 1, 1, 1, 1, 1, 1, 1, 1, 1, 1, 1, 1, 1, 1, 1, 1, 1, 1, 1, 1, 1, 1, 1, 1]
0.1956
-9.082945823669434
13
Resoults
7
[1, 1, 1, 1, 1, 1, 1, 1, 1, 1, 1, 1, 1, 1, 1, 1, 1, 1, 1, 1, 1, 1, 1, 1, 1]
[1, 1, 1, 1, 1, 1, 1, 1, 1, 1, 1, 1, 1, 1, 1, 1, 1, 1, 1, 1, 1, 1, 1, 1, 1]
0.1905
-9.350086078047752
Resoults
7
[1, 1, 1, 1, 1, 1, 1, 1, 1, 1, 1, 1, 1, 1, 1, 1, 1, 1, 1, 1, 1, 1, 1, 1, 1]
[1, 1, 1, 1, 1, 1, 1, 1, 1, 1, 1, 1, 1, 1, 1, 1, 1, 1, 1, 1, 1, 1, 1, 1, 1]
0.1905
-9.350086078047752
0
Resoults
8
[1, 1, 1, 1, 1, 1, 1, 1, 1, 1, 1, 1, 1, 1, 1, 1, 1, 1, 1, 1, 1, 1, 1, 1, 1]
[1, 1, 1, 1, 1, 1, 1, 1, 1, 1, 1, 1, 1, 1, 1, 1, 1, 1, 1, 1, 1, 1, 1, 1, 1]
0.1889
-9.695464618504047
Resoults
8
[1, 1, 1, 1, 1, 1, 1, 1, 1, 1, 1, 1, 1, 1, 1, 1, 1, 1, 1, 1, 1, 1, 1, 1, 1]
[1, 1, 1, 1, 1, 1, 1, 1, 1, 1, 1, 1, 1, 1, 1, 1, 1, 1, 1, 1, 1, 1, 1, 1, 1]
0.1889
-9.695464618504047
3
Resoults
9
[1, 1, 1, 1, 1, 1, 1, 1, 1, 1, 1, 1, 1, 1, 1, 1, 1, 1, 1, 1, 1, 1, 1, 1, 1]
[1, 1, 1, 1, 1, 1, 1, 1, 1, 1, 1, 1, 1, 1, 1, 1, 1, 1, 1, 1, 1, 1, 1, 1, 1]
0.186
-9.925085321068764
Resoults
9
[1, 1, 1, 1, 1, 1, 1, 1, 1, 1, 1, 1, 1, 1, 1, 1, 1, 1, 1, 1, 1, 1, 1, 1, 1]
[1, 1, 1, 1, 1, 1, 1, 1, 1, 1, 1, 1, 1, 1, 1, 1, 1, 1, 1, 1, 1, 1, 1, 1, 1]
0.186
-9.925085321068764
20
Resoults
10
[1, 1, 1, 1, 1, 1, 1, 1, 1, 1, 1, 1, 1, 1, 1, 1, 1, 1, 1, 1, 1, 1, 1, 1, 1]
[1, 1, 1, 1, 1, 1, 1, 1, 1, 1, 1, 1, 1, 1, 1, 1, 1, 1, 1, 1, 1, 1, 1, 1, 1]
0.1813
-10.358433075249195
Resoults
10
[1, 1, 1, 1, 1, 1, 1, 1, 1, 1, 1, 1, 1, 1, 1, 1, 1, 1, 1, 1, 1, 1, 1, 1, 1]
[1, 1, 1, 1, 1, 1, 1, 1, 1, 1, 1, 1, 1, 1, 1, 1, 1, 1, 1, 1, 1, 1, 1, 1, 1]
0.1813
-10.358433075249195
19
Resoults
11
[1, 1, 1, 1, 1, 1, 1, 1, 1, 1, 1, 1, 1, 1, 1, 1, 1, 1, 1, 1, 1, 1, 1, 1, 1]
[1, 1, 1, 1, 1, 1, 1, 1, 1, 1, 1, 1, 1, 1, 1, 1, 1, 1, 1, 1, 1, 1, 1, 1, 1]
0.1818
-10.650896735489368
Resoults
11
[1, 1, 1, 1, 1, 1, 1, 1, 1, 1, 1, 1, 1, 1, 1, 1, 1, 1, 1, 1, 1, 1, 1, 1, 1]
[1, 1, 1, 1, 1, 1, 1, 1, 1, 1, 1, 1, 1, 1, 1, 1, 1, 1, 1, 1, 1, 1, 1, 1, 1]
0.1818
-10.650896735489368
2
Resoults
12
[1, 1, 1, 1, 1, 1, 1, 1, 1, 1, 1, 1, 1, 1, 1, 1, 1, 1, 1, 1, 1, 1, 1, 1, 1]
[1, 1, 1, 1, 1, 1, 1, 1, 1, 1, 1, 1, 1, 1, 1, 1, 1, 1, 1, 1, 1, 1, 1, 1, 1]
0.1781
-11.046639770269394
Resoults
12
[1, 1, 1, 1, 1, 1, 1, 1, 1, 1, 1, 1, 1, 1, 1, 1, 1, 1, 1, 1, 1, 1, 1, 1, 1]
[1, 1, 1, 1, 1, 1, 1, 1, 1, 1, 1, 1, 1, 1, 1, 1, 1, 1, 1, 1, 1, 1, 1, 1, 1]
0.1781
-11.046639770269394
24
Resoults
13
[1, 1, 1, 1, 1, 1, 1, 1, 1, 1, 1, 1, 1, 1, 1, 1, 1, 1, 1, 1, 1, 1, 1, 1, 1]
[1, 1, 1, 1, 1, 1, 1, 1, 1, 1, 1, 1, 1, 1, 1, 1, 1, 1, 1, 1, 1, 1, 1, 1, 1]
0.1765
-11.331502333283424
Resoults
13
[1, 1, 1, 1, 1, 1, 1, 1, 1, 1, 1, 1, 1, 1, 1, 1, 1, 1, 1, 1, 1, 1, 1, 1, 1]
[1, 1, 1, 1, 1, 1, 1, 1, 1, 1, 1, 1, 1, 1, 1, 1, 1, 1, 1, 1, 1, 1, 1, 1, 1]
0.1765
-11.331502333283424
19
Resoults
14
[1, 1, 1, 1, 1, 1, 1, 1, 1, 1, 1, 1, 1, 1, 1, 1, 1, 1, 1, 1, 1, 1, 1, 1, 1]
[1, 1, 1, 1, 1, 1, 1, 1, 1, 1, 1, 1, 1, 1, 1, 1, 1, 1, 1, 1, 1, 1, 1, 1, 1]
0.1794
-11.511011116206646
Resoults
14
[1, 1, 1, 1, 1, 1, 1, 1, 1, 1, 1, 1, 1, 1, 1, 1, 1, 1, 1, 1, 1, 1, 1, 1, 1]
[1, 1, 1, 1, 1, 1, 1, 1, 1, 1, 1, 1, 1, 1, 1, 1, 1, 1, 1, 1, 1, 1, 1, 1, 1]
0.1794
-11.511011116206646
0
Resoults
15
[1, 1, 1, 1, 1, 1, 1, 1, 1, 1, 1, 1, 1, 1, 1, 1, 1, 1, 1, 1, 1, 1, 1, 1, 1]
[1, 1, 1, 1, 1, 1, 1, 1, 1, 1, 1, 1, 1, 1, 1, 1, 1, 1, 1, 1, 1, 1, 1, 1, 1]
0.181
-11.732585437595844
Resoults
15
[1, 1, 1, 1, 1, 1, 1, 1, 1, 1, 1, 1, 1, 1, 1, 1, 1, 1, 1, 1, 1, 1, 1, 1, 1]
[1, 1, 1, 1, 1, 1, 1, 1, 1, 1, 1, 1, 1, 1, 1, 1, 1, 1, 1, 1, 1, 1, 1, 1, 1]
0.181
-11.732585437595844
5
Resoults
16
[1, 1, 1, 1, 1, 1, 1, 1, 1, 1, 1, 1, 1, 1, 1, 1, 1, 1, 1, 1, 1, 1, 1, 1, 1]
[1, 1, 1, 1, 1, 1, 1, 1, 1, 1, 1, 1, 1, 1, 1, 1, 1, 1, 1, 1, 1, 1, 1, 1, 1]
0.1778
-11.943098567426205
Resoults
16
[1, 1, 1, 1, 1, 1, 1, 1, 1, 1, 1, 1, 1, 1, 1, 1, 1, 1, 1, 1, 1, 1, 1, 1, 1]
[1, 1, 1, 1, 1, 1, 1, 1, 1, 1, 1, 1, 1, 1, 1, 1, 1, 1, 1, 1, 1, 1, 1, 1, 1]
0.1778
-11.943098567426205
8
Resoults
17
[1, 1, 1, 1, 1, 1, 1, 1, 1, 1, 1, 1, 1, 1, 1, 1, 1, 1, 1, 1, 1, 1, 1, 1, 1]
[1, 1, 1, 1, 1, 1, 1, 1, 1, 1, 1, 1, 1, 1, 1, 1, 1, 1, 1, 1, 1, 1, 1, 1, 1]
0.1792
-12.115855425596237
Resoults
17
[1, 1, 1, 1, 1, 1, 1, 1, 1, 1, 1, 1, 1, 1, 1, 1, 1, 1, 1, 1, 1, 1, 1, 1, 1]
[1, 1, 1, 1, 1, 1, 1, 1, 1, 1, 1, 1, 1, 1, 1, 1, 1, 1, 1, 1, 1, 1, 1, 1, 1]
0.1792
-12.115855425596237
24
Resoults
18
[1, 1, 1, 1, 1, 1, 1, 1, 1, 1, 1, 1, 1, 1, 1, 1, 1, 1, 1, 1, 1, 1, 1, 1, 1]
[1, 1, 1, 1, 1, 1, 1, 1, 1, 1, 1, 1, 1, 1, 1, 1, 1, 1, 1, 1, 1, 1, 1, 1, 1]
0.1798
-12.263895221054554
Resoults
18
[1, 1, 1, 1, 1, 1, 1, 1, 1, 1, 1, 1, 1, 1, 1, 1, 1, 1, 1, 1, 1, 1, 1, 1, 1]
[1, 1, 1, 1, 1, 1, 1, 1, 1, 1, 1, 1, 1, 1, 1, 1, 1, 1, 1, 1, 1, 1, 1, 1, 1]
0.1798
-12.263895221054554
4
Resoults
19
[1, 1, 1, 1, 1, 1, 1, 1, 1, 1, 1, 1, 1, 1, 1, 1, 1, 1, 1, 1, 1, 1, 1, 1, 1]
[1, 1, 1, 1, 1, 1, 1, 1, 1, 1, 1, 1, 1, 1, 1, 1, 1, 1, 1, 1, 1, 1, 1, 1, 1]
0.179
-12.405778288841248
Resoults
19
[1, 1, 1, 1, 1, 1, 1, 1, 1, 1, 1, 1, 1, 1, 1, 1, 1, 1, 1, 1, 1, 1, 1, 1, 1]
[1, 1, 1, 1, 1, 1, 1, 1, 1, 1, 1, 1, 1, 1, 1, 1, 1, 1, 1, 1, 1, 1, 1, 1, 1]
0.179
-12.405778288841248
17
Resoults
20
[1, 1, 1, 1, 1, 1, 1, 1, 1, 1, 1, 1, 1, 1, 1, 1, 1, 1, 1, 1, 1, 1, 1, 1, 1]
[1, 1, 1, 1, 1, 1, 1, 1, 1, 1, 1, 1, 1, 1, 1, 1, 1, 1, 1, 1, 1, 1, 1, 1, 1]
0.18
-12.534803442656994
Resoults
20
[1, 1, 1, 1, 1, 1, 1, 1, 1, 1, 1, 1, 1, 1, 1, 1, 1, 1, 1, 1, 1, 1, 1, 1, 1]
[1, 1, 1, 1, 1, 1, 1, 1, 1, 1, 1, 1, 1, 1, 1, 1, 1, 1, 1, 1, 1, 1, 1, 1, 1]
0.18
-12.534803442656994
12
Resoults
21
[1, 1, 1, 1, 1, 1, 1, 1, 1, 1, 1, 1, 1, 1, 1, 1, 1, 1, 1, 1, 1, 1, 1, 1, 1]
[1, 1, 1, 1, 1, 1, 1, 1, 1, 1, 1, 1, 1, 1, 1, 1, 1, 1, 1, 1, 1, 1, 1, 1, 1]
0.1796
-12.600957877933979
Resoults
21
[1, 1, 1, 1, 1, 1, 1, 1, 1, 1, 1, 1, 1, 1, 1, 1, 1, 1, 1, 1, 1, 1, 1, 1, 1]
[1, 1, 1, 1, 1, 1, 1, 1, 1, 1, 1, 1, 1, 1, 1, 1, 1, 1, 1, 1, 1, 1, 1, 1, 1]
0.1796
-12.600957877933979
10
Resoults
22
[1, 1, 1, 1, 1, 1, 1, 1, 1, 1, 1, 1, 1, 1, 1, 1, 1, 1, 1, 1, 1, 1, 1, 1, 1]
[1, 1, 1, 1, 1, 1, 1, 1, 1, 1, 1, 1, 1, 1, 1, 1, 1, 1, 1, 1, 1, 1, 1, 1, 1]
0.1795
-12.68984654545784
Resoults
22
[1, 1, 1, 1, 1, 1, 1, 1, 1, 1, 1, 1, 1, 1, 1, 1, 1, 1, 1, 1, 1, 1, 1, 1, 1]
[1, 1, 1, 1, 1, 1, 1, 1, 1, 1, 1, 1, 1, 1, 1, 1, 1, 1, 1, 1, 1, 1, 1, 1, 1]
0.1795
-12.68984654545784
13
Resoults
23
[1, 1, 1, 1, 1, 1, 1, 1, 1, 1, 1, 1, 1, 1, 1, 1, 1, 1, 1, 1, 1, 1, 1, 1, 1]
[1, 1, 1, 1, 1, 1, 1, 1, 1, 1, 1, 1, 1, 1, 1, 1, 1, 1, 1, 1, 1, 1, 1, 1, 1]
0.1804
-12.77328684180975
Resoults
23
[1, 1, 1, 1, 1, 1, 1, 1, 1, 1, 1, 1, 1, 1, 1, 1, 1, 1, 1, 1, 1, 1, 1, 1, 1]
[1, 1, 1, 1, 1, 1, 1, 1, 1, 1, 1, 1, 1, 1, 1, 1, 1, 1, 1, 1, 1, 1, 1, 1, 1]
0.1804
-12.77328684180975
24
Resoults
24
[1, 1, 1, 1, 1, 1, 1, 1, 1, 1, 1, 1, 1, 1, 1, 1, 1, 1, 1, 1, 1, 1, 1, 1, 1]
[1, 1, 1, 1, 1, 1, 1, 1, 1, 1, 1, 1, 1, 1, 1, 1, 1, 1, 1, 1, 1, 1, 1, 1, 1]
0.1819
-12.867500625550747
Resoults
24
[1, 1, 1, 1, 1, 1, 1, 1, 1, 1, 1, 1, 1, 1, 1, 1, 1, 1, 1, 1, 1, 1, 1, 1, 1]
[1, 1, 1, 1, 1, 1, 1, 1, 1, 1, 1, 1, 1, 1, 1, 1, 1, 1, 1, 1, 1, 1, 1, 1, 1]
0.1819
-12.867500625550747
14
Resoults
25
[1, 1, 1, 1, 1, 1, 1, 1, 1, 1, 1, 1, 1, 1, 1, 1, 1, 1, 1, 1, 1, 1, 1, 1, 1]
[1, 1, 1, 1, 1, 1, 1, 1, 1, 1, 1, 1, 1, 1, 1, 1, 1, 1, 1, 1, 1, 1, 1, 1, 1]
0.182
-12.933425568044186
Resoults
25
[1, 1, 1, 1, 1, 1, 1, 1, 1, 1, 1, 1, 1, 1, 1, 1, 1, 1, 1, 1, 1, 1, 1, 1, 1]
[1, 1, 1, 1, 1, 1, 1, 1, 1, 1, 1, 1, 1, 1, 1, 1, 1, 1, 1, 1, 1, 1, 1, 1, 1]
0.182
-12.933425568044186
17
Resoults
26
[1, 1, 1, 1, 1, 1, 1, 1, 1, 1, 1, 1, 1, 1, 1, 1, 1, 1, 1, 1, 1, 1, 1, 1, 1]
[1, 1, 1, 1, 1, 1, 1, 1, 1, 1, 1, 1, 1, 1, 1, 1, 1, 1, 1, 1, 1, 1, 1, 1, 1]
0.1819
-13.030540980398655
Resoults
26
[1, 1, 1, 1, 1, 1, 1, 1, 1, 1, 1, 1, 1, 1, 1, 1, 1, 1, 1, 1, 1, 1, 1, 1, 1]
[1, 1, 1, 1, 1, 1, 1, 1, 1, 1, 1, 1, 1, 1, 1, 1, 1, 1, 1, 1, 1, 1, 1, 1, 1]
0.1819
-13.030540980398655
17
Resoults
27
[1, 1, 1, 1, 1, 1, 1, 1, 1, 1, 1, 1, 1, 1, 1, 1, 1, 1, 1, 1, 1, 1, 1, 1, 1]
[1, 1, 1, 1, 1, 1, 1, 1, 1, 1, 1, 1, 1, 1, 1, 1, 1, 1, 1, 1, 1, 1, 1, 1, 1]
0.1838
-13.122018076479435
Resoults
27
[1, 1, 1, 1, 1, 1, 1, 1, 1, 1, 1, 1, 1, 1, 1, 1, 1, 1, 1, 1, 1, 1, 1, 1, 1]
[1, 1, 1, 1, 1, 1, 1, 1, 1, 1, 1, 1, 1, 1, 1, 1, 1, 1, 1, 1, 1, 1, 1, 1, 1]
0.1838
-13.122018076479435
20
Resoults
28
[1, 1, 1, 1, 1, 1, 1, 1, 1, 1, 1, 1, 1, 1, 1, 1, 1, 1, 1, 1, 1, 1, 1, 1, 1]
[1, 1, 1, 1, 1, 1, 1, 1, 1, 1, 1, 1, 1, 1, 1, 1, 1, 1, 1, 1, 1, 1, 1, 1, 1]
0.1847
-13.205180749297142
Resoults
28
[1, 1, 1, 1, 1, 1, 1, 1, 1, 1, 1, 1, 1, 1, 1, 1, 1, 1, 1, 1, 1, 1, 1, 1, 1]
[1, 1, 1, 1, 1, 1, 1, 1, 1, 1, 1, 1, 1, 1, 1, 1, 1, 1, 1, 1, 1, 1, 1, 1, 1]
0.1847
-13.205180749297142
15
Resoults
29
[1, 1, 1, 1, 1, 1, 1, 1, 1, 1, 1, 1, 1, 1, 1, 1, 1, 1, 1, 1, 1, 1, 1, 1, 1]
[1, 1, 1, 1, 1, 1, 1, 1, 1, 1, 1, 1, 1, 1, 1, 1, 1, 1, 1, 1, 1, 1, 1, 1, 1]
0.1862
-13.315251253545284
Resoults
29
[1, 1, 1, 1, 1, 1, 1, 1, 1, 1, 1, 1, 1, 1, 1, 1, 1, 1, 1, 1, 1, 1, 1, 1, 1]
[1, 1, 1, 1, 1, 1, 1, 1, 1, 1, 1, 1, 1, 1, 1, 1, 1, 1, 1, 1, 1, 1, 1, 1, 1]
0.1862
-13.315251253545284
22
Resoults
30
[1, 1, 1, 1, 1, 1, 1, 1, 1, 1, 1, 1, 1, 1, 1, 1, 1, 1, 1, 1, 1, 1, 1, 1, 1]
[1, 1, 1, 1, 1, 1, 1, 1, 1, 1, 1, 1, 1, 1, 1, 1, 1, 1, 1, 1, 1, 1, 1, 1, 1]
0.1888
-13.420902729034424
Resoults
30
[1, 1, 1, 1, 1, 1, 1, 1, 1, 1, 1, 1, 1, 1, 1, 1, 1, 1, 1, 1, 1, 1, 1, 1, 1]
[1, 1, 1, 1, 1, 1, 1, 1, 1, 1, 1, 1, 1, 1, 1, 1, 1, 1, 1, 1, 1, 1, 1, 1, 1]
0.1888
-13.420902729034424
4
Resoults
31
[1, 1, 1, 1, 1, 1, 1, 1, 1, 1, 1, 1, 1, 1, 1, 1, 1, 1, 1, 1, 1, 1, 1, 1, 1]
[1, 1, 1, 1, 1, 1, 1, 1, 1, 1, 1, 1, 1, 1, 1, 1, 1, 1, 1, 1, 1, 1, 1, 1, 1]
0.1882
-13.494113624095917
Resoults
31
[1, 1, 1, 1, 1, 1, 1, 1, 1, 1, 1, 1, 1, 1, 1, 1, 1, 1, 1, 1, 1, 1, 1, 1, 1]
[1, 1, 1, 1, 1, 1, 1, 1, 1, 1, 1, 1, 1, 1, 1, 1, 1, 1, 1, 1, 1, 1, 1, 1, 1]
0.1882
-13.494113624095917
14
Resoults
32
[1, 1, 1, 1, 1, 1, 1, 1, 1, 1, 1, 1, 1, 1, 1, 1, 1, 1, 1, 1, 1, 1, 1, 1, 1]
[1, 1, 1, 1, 1, 1, 1, 1, 1, 1, 1, 1, 1, 1, 1, 1, 1, 1, 1, 1, 1, 1, 1, 1, 1]
0.1891
-13.565754003822803
Resoults
32
[1, 1, 1, 1, 1, 1, 1, 1, 1, 1, 1, 1, 1, 1, 1, 1, 1, 1, 1, 1, 1, 1, 1, 1, 1]
[1, 1, 1, 1, 1, 1, 1, 1, 1, 1, 1, 1, 1, 1, 1, 1, 1, 1, 1, 1, 1, 1, 1, 1, 1]
0.1891
-13.565754003822803
9
Resoults
33
[1, 1, 1, 1, 1, 1, 1, 1, 1, 1, 1, 1, 1, 1, 1, 1, 1, 1, 1, 1, 1, 1, 1, 1, 1]
[1, 1, 1, 1, 1, 1, 1, 1, 1, 1, 1, 1, 1, 1, 1, 1, 1, 1, 1, 1, 1, 1, 1, 1, 1]
0.1924
-13.725375570356846
Resoults
33
[1, 1, 1, 1, 1, 1, 1, 1, 1, 1, 1, 1, 1, 1, 1, 1, 1, 1, 1, 1, 1, 1, 1, 1, 1]
[1, 1, 1, 1, 1, 1, 1, 1, 1, 1, 1, 1, 1, 1, 1, 1, 1, 1, 1, 1, 1, 1, 1, 1, 1]
0.1924
-13.725375570356846
4
Resoults
34
[1, 1, 1, 1, 1, 1, 1, 1, 1, 1, 1, 1, 1, 1, 1, 1, 1, 1, 1, 1, 1, 1, 1, 1, 1]
[1, 1, 1, 1, 1, 1, 1, 1, 1, 1, 1, 1, 1, 1, 1, 1, 1, 1, 1, 1, 1, 1, 1, 1, 1]
0.1922
-13.80747964978218
Resoults
34
[1, 1, 1, 1, 1, 1, 1, 1, 1, 1, 1, 1, 1, 1, 1, 1, 1, 1, 1, 1, 1, 1, 1, 1, 1]
[1, 1, 1, 1, 1, 1, 1, 1, 1, 1, 1, 1, 1, 1, 1, 1, 1, 1, 1, 1, 1, 1, 1, 1, 1]
0.1922
-13.80747964978218
13
Resoults
35
[1, 1, 1, 1, 1, 1, 1, 1, 1, 1, 1, 1, 1, 1, 1, 1, 1, 1, 1, 1, 1, 1, 1, 1, 1]
[1, 1, 1, 1, 1, 1, 1, 1, 1, 1, 1, 1, 1, 1, 1, 1, 1, 1, 1, 1, 1, 1, 1, 1, 1]
0.1941
-13.952688857913017
Resoults
35
[1, 1, 1, 1, 1, 1, 1, 1, 1, 1, 1, 1, 1, 1, 1, 1, 1, 1, 1, 1, 1, 1, 1, 1, 1]
[1, 1, 1, 1, 1, 1, 1, 1, 1, 1, 1, 1, 1, 1, 1, 1, 1, 1, 1, 1, 1, 1, 1, 1, 1]
0.1941
-13.952688857913017
13
Resoults
36
[1, 1, 1, 1, 1, 1, 1, 1, 1, 1, 1, 1, 1, 1, 1, 1, 1, 1, 1, 1, 1, 1, 1, 1, 1]
[1, 1, 1, 1, 1, 1, 1, 1, 1, 1, 1, 1, 1, 1, 1, 1, 1, 1, 1, 1, 1, 1, 1, 1, 1]
0.1965
-14.079152211546898
Resoults
36
[1, 1, 1, 1, 1, 1, 1, 1, 1, 1, 1, 1, 1, 1, 1, 1, 1, 1, 1, 1, 1, 1, 1, 1, 1]
[1, 1, 1, 1, 1, 1, 1, 1, 1, 1, 1, 1, 1, 1, 1, 1, 1, 1, 1, 1, 1, 1, 1, 1, 1]
0.1965
-14.079152211546898
16
Resoults
37
[1, 1, 1, 1, 1, 1, 1, 1, 1, 1, 1, 1, 1, 1, 1, 1, 1, 1, 1, 1, 1, 1, 1, 1, 1]
[1, 1, 1, 1, 1, 1, 1, 1, 1, 1, 1, 1, 1, 1, 1, 1, 1, 1, 1, 1, 1, 1, 1, 1, 1]
0.2002
-14.202802374958992
Resoults
37
[1, 1, 1, 1, 1, 1, 1, 1, 1, 1, 1, 1, 1, 1, 1, 1, 1, 1, 1, 1, 1, 1, 1, 1, 1]
[1, 1, 1, 1, 1, 1, 1, 1, 1, 1, 1, 1, 1, 1, 1, 1, 1, 1, 1, 1, 1, 1, 1, 1, 1]
0.2002
-14.202802374958992
8
Resoults
38
[1, 1, 1, 1, 1, 1, 1, 1, 1, 1, 1, 1, 1, 1, 1, 1, 1, 1, 1, 1, 1, 1, 1, 1, 1]
[1, 1, 1, 1, 1, 1, 1, 1, 1, 1, 1, 1, 1, 1, 1, 1, 1, 1, 1, 1, 1, 1, 1, 1, 1]
0.2013
-14.373300716280937
Resoults
38
[1, 1, 1, 1, 1, 1, 1, 1, 1, 1, 1, 1, 1, 1, 1, 1, 1, 1, 1, 1, 1, 1, 1, 1, 1]
[1, 1, 1, 1, 1, 1, 1, 1, 1, 1, 1, 1, 1, 1, 1, 1, 1, 1, 1, 1, 1, 1, 1, 1, 1]
0.2013
-14.373300716280937
7
Resoults
39
[1, 1, 1, 1, 1, 1, 1, 1, 1, 1, 1, 1, 1, 1, 1, 1, 1, 1, 1, 1, 1, 1, 1, 1, 1]
[1, 1, 1, 1, 1, 1, 1, 1, 1, 1, 1, 1, 1, 1, 1, 1, 1, 1, 1, 1, 1, 1, 1, 1, 1]
0.2033
-14.490507125854492
Resoults
39
[1, 1, 1, 1, 1, 1, 1, 1, 1, 1, 1, 1, 1, 1, 1, 1, 1, 1, 1, 1, 1, 1, 1, 1, 1]
[1, 1, 1, 1, 1, 1, 1, 1, 1, 1, 1, 1, 1, 1, 1, 1, 1, 1, 1, 1, 1, 1, 1, 1, 1]
0.2033
-14.490507125854492
16
Resoults
40
[1, 1, 1, 1, 1, 1, 1, 1, 1, 1, 1, 1, 1, 1, 1, 1, 1, 1, 1, 1, 1, 1, 1, 1, 1]
[1, 1, 1, 1, 1, 1, 1, 1, 1, 1, 1, 1, 1, 1, 1, 1, 1, 1, 1, 1, 1, 1, 1, 1, 1]
0.2043
-14.608222901821136
Resoults
40
[1, 1, 1, 1, 1, 1, 1, 1, 1, 1, 1, 1, 1, 1, 1, 1, 1, 1, 1, 1, 1, 1, 1, 1, 1]
[1, 1, 1, 1, 1, 1, 1, 1, 1, 1, 1, 1, 1, 1, 1, 1, 1, 1, 1, 1, 1, 1, 1, 1, 1]
0.2043
-14.608222901821136
15
Resoults
41
[1, 1, 1, 1, 1, 1, 1, 1, 1, 1, 1, 1, 1, 1, 1, 1, 1, 1, 1, 1, 1, 1, 1, 1, 1]
[1, 1, 1, 1, 1, 1, 1, 1, 1, 1, 1, 1, 1, 1, 1, 1, 1, 1, 1, 1, 1, 1, 1, 1, 1]
0.205
-14.741762042045593
Resoults
41
[1, 1, 1, 1, 1, 1, 1, 1, 1, 1, 1, 1, 1, 1, 1, 1, 1, 1, 1, 1, 1, 1, 1, 1, 1]
[1, 1, 1, 1, 1, 1, 1, 1, 1, 1, 1, 1, 1, 1, 1, 1, 1, 1, 1, 1, 1, 1, 1, 1, 1]
0.205
-14.741762042045593
14
Resoults
42
[1, 1, 1, 1, 1, 1, 1, 1, 1, 1, 1, 1, 1, 1, 1, 1, 1, 1, 1, 1, 1, 1, 1, 1, 1]
[1, 1, 1, 1, 1, 1, 1, 1, 1, 1, 1, 1, 1, 1, 1, 1, 1, 1, 1, 1, 1, 1, 1, 1, 1]
0.2053
-14.847938641905785
Resoults
42
[1, 1, 1, 1, 1, 1, 1, 1, 1, 1, 1, 1, 1, 1, 1, 1, 1, 1, 1, 1, 1, 1, 1, 1, 1]
[1, 1, 1, 1, 1, 1, 1, 1, 1, 1, 1, 1, 1, 1, 1, 1, 1, 1, 1, 1, 1, 1, 1, 1, 1]
0.2053
-14.847938641905785
14
Resoults
43
[1, 1, 1, 1, 1, 1, 1, 1, 1, 1, 1, 1, 1, 1, 1, 1, 1, 1, 1, 1, 1, 1, 1, 1, 1]
[1, 1, 1, 1, 1, 1, 1, 1, 1, 1, 1, 1, 1, 1, 1, 1, 1, 1, 1, 1, 1, 1, 1, 1, 1]
0.2061
-14.909755244851112
Resoults
43
[1, 1, 1, 1, 1, 1, 1, 1, 1, 1, 1, 1, 1, 1, 1, 1, 1, 1, 1, 1, 1, 1, 1, 1, 1]
[1, 1, 1, 1, 1, 1, 1, 1, 1, 1, 1, 1, 1, 1, 1, 1, 1, 1, 1, 1, 1, 1, 1, 1, 1]
0.2061
-14.909755244851112
13
Resoults
44
[1, 1, 1, 1, 1, 1, 1, 1, 1, 1, 1, 1, 1, 1, 1, 1, 1, 1, 1, 1, 1, 1, 1, 1, 1]
[1, 1, 1, 1, 1, 1, 1, 1, 1, 1, 1, 1, 1, 1, 1, 1, 1, 1, 1, 1, 1, 1, 1, 1, 1]
0.2066
-15.003458589315414
Resoults
44
[1, 1, 1, 1, 1, 1, 1, 1, 1, 1, 1, 1, 1, 1, 1, 1, 1, 1, 1, 1, 1, 1, 1, 1, 1]
[1, 1, 1, 1, 1, 1, 1, 1, 1, 1, 1, 1, 1, 1, 1, 1, 1, 1, 1, 1, 1, 1, 1, 1, 1]
0.2066
-15.003458589315414
13
Resoults
45
[1, 1, 1, 1, 1, 1, 1, 1, 1, 1, 1, 1, 1, 1, 1, 1, 1, 1, 1, 1, 1, 1, 1, 1, 1]
[1, 1, 1, 1, 1, 1, 1, 1, 1, 1, 1, 1, 1, 1, 1, 1, 1, 1, 1, 1, 1, 1, 1, 1, 1]
0.2089
-15.201057985424995
Resoults
45
[1, 1, 1, 1, 1, 1, 1, 1, 1, 1, 1, 1, 1, 1, 1, 1, 1, 1, 1, 1, 1, 1, 1, 1, 1]
[1, 1, 1, 1, 1, 1, 1, 1, 1, 1, 1, 1, 1, 1, 1, 1, 1, 1, 1, 1, 1, 1, 1, 1, 1]
0.2089
-15.201057985424995
9
Resoults
46
[1, 1, 1, 1, 1, 1, 1, 1, 1, 1, 1, 1, 1, 1, 1, 1, 1, 1, 1, 1, 1, 1, 1, 1, 1]
[1, 1, 1, 1, 1, 1, 1, 1, 1, 1, 1, 1, 1, 1, 1, 1, 1, 1, 1, 1, 1, 1, 1, 1, 1]
0.2096
-15.390802949666977
Resoults
46
[1, 1, 1, 1, 1, 1, 1, 1, 1, 1, 1, 1, 1, 1, 1, 1, 1, 1, 1, 1, 1, 1, 1, 1, 1]
[1, 1, 1, 1, 1, 1, 1, 1, 1, 1, 1, 1, 1, 1, 1, 1, 1, 1, 1, 1, 1, 1, 1, 1, 1]
0.2096
-15.390802949666977
13
Resoults
47
[1, 1, 1, 1, 1, 1, 1, 1, 1, 1, 1, 1, 1, 1, 1, 1, 1, 1, 1, 1, 1, 1, 1, 1, 1]
[1, 1, 1, 1, 1, 1, 1, 1, 1, 1, 1, 1, 1, 1, 1, 1, 1, 1, 1, 1, 1, 1, 1, 1, 1]
0.2105
-15.452606409788132
Resoults
47
[1, 1, 1, 1, 1, 1, 1, 1, 1, 1, 1, 1, 1, 1, 1, 1, 1, 1, 1, 1, 1, 1, 1, 1, 1]
[1, 1, 1, 1, 1, 1, 1, 1, 1, 1, 1, 1, 1, 1, 1, 1, 1, 1, 1, 1, 1, 1, 1, 1, 1]
0.2105
-15.452606409788132
18
Resoults
48
[1, 1, 1, 1, 1, 1, 1, 1, 1, 1, 1, 1, 1, 1, 1, 1, 1, 1, 1, 1, 1, 1, 1, 1, 1]
[1, 1, 1, 1, 1, 1, 1, 1, 1, 1, 1, 1, 1, 1, 1, 1, 1, 1, 1, 1, 1, 1, 1, 1, 1]
0.2126
-15.537477195262909
Resoults
48
[1, 1, 1, 1, 1, 1, 1, 1, 1, 1, 1, 1, 1, 1, 1, 1, 1, 1, 1, 1, 1, 1, 1, 1, 1]
[1, 1, 1, 1, 1, 1, 1, 1, 1, 1, 1, 1, 1, 1, 1, 1, 1, 1, 1, 1, 1, 1, 1, 1, 1]
0.2126
-15.537477195262909
21
Resoults
49
[1, 1, 1, 1, 1, 1, 1, 1, 1, 1, 1, 1, 1, 1, 1, 1, 1, 1, 1, 1, 1, 1, 1, 1, 1]
[1, 1, 1, 1, 1, 1, 1, 1, 1, 1, 1, 1, 1, 1, 1, 1, 1, 1, 1, 1, 1, 1, 1, 1, 1]
0.2153
-15.711456999182701
Resoults
49
[1, 1, 1, 1, 1, 1, 1, 1, 1, 1, 1, 1, 1, 1, 1, 1, 1, 1, 1, 1, 1, 1, 1, 1, 1]
[1, 1, 1, 1, 1, 1, 1, 1, 1, 1, 1, 1, 1, 1, 1, 1, 1, 1, 1, 1, 1, 1, 1, 1, 1]
0.2153
-15.711456999182701

Experimental details:
    Model     : mlp
    Optimizer : sgd
    Learning  : 0.01
    Global Rounds   : 50

    Federated parameters:
    Non-IID
    Fraction of users  : 0.0
    Local Batch size   : 10
    Local Epochs       : 1

Files already downloaded and verified
Files already downloaded and verified
18
Resoults
0
[1, 1, 1, 1, 1, 1, 1, 1, 1, 1, 1, 1, 1, 1, 1, 1, 1, 1, 1, 1, 1, 1, 1, 1, 1]
[1, 1, 1, 1, 1, 1, 1, 1, 1, 1, 1, 1, 1, 1, 1, 1, 1, 1, 1, 1, 1, 1, 1, 1, 1]
0.1025
-7.938337787985802
Resoults
0
[1, 1, 1, 1, 1, 1, 1, 1, 1, 1, 1, 1, 1, 1, 1, 1, 1, 1, 1, 1, 1, 1, 1, 1, 1]
[1, 1, 1, 1, 1, 1, 1, 1, 1, 1, 1, 1, 1, 1, 1, 1, 1, 1, 1, 1, 1, 1, 1, 1, 1]
0.1025
-7.938337787985802
12
Resoults
1
[1, 1, 1, 1, 1, 1, 1, 1, 1, 1, 1, 1, 1, 1, 1, 1, 1, 1, 1, 1, 1, 1, 1, 1, 1]
[1, 1, 1, 1, 1, 1, 1, 1, 1, 1, 1, 1, 1, 1, 1, 1, 1, 1, 1, 1, 1, 1, 1, 1, 1]
0.125
-8.067354813218117
Resoults
1
[1, 1, 1, 1, 1, 1, 1, 1, 1, 1, 1, 1, 1, 1, 1, 1, 1, 1, 1, 1, 1, 1, 1, 1, 1]
[1, 1, 1, 1, 1, 1, 1, 1, 1, 1, 1, 1, 1, 1, 1, 1, 1, 1, 1, 1, 1, 1, 1, 1, 1]
0.125
-8.067354813218117
8
Resoults
2
[1, 1, 1, 1, 1, 1, 1, 1, 1, 1, 1, 1, 1, 1, 1, 1, 1, 1, 1, 1, 1, 1, 1, 1, 1]
[1, 1, 1, 1, 1, 1, 1, 1, 1, 1, 1, 1, 1, 1, 1, 1, 1, 1, 1, 1, 1, 1, 1, 1, 1]
0.1509
-8.220727175474167
Resoults
2
[1, 1, 1, 1, 1, 1, 1, 1, 1, 1, 1, 1, 1, 1, 1, 1, 1, 1, 1, 1, 1, 1, 1, 1, 1]
[1, 1, 1, 1, 1, 1, 1, 1, 1, 1, 1, 1, 1, 1, 1, 1, 1, 1, 1, 1, 1, 1, 1, 1, 1]
0.1509
-8.220727175474167
22
Resoults
3
[1, 1, 1, 1, 1, 1, 1, 1, 1, 1, 1, 1, 1, 1, 1, 1, 1, 1, 1, 1, 1, 1, 1, 1, 1]
[1, 1, 1, 1, 1, 1, 1, 1, 1, 1, 1, 1, 1, 1, 1, 1, 1, 1, 1, 1, 1, 1, 1, 1, 1]
0.1659
-8.329982854425907
Resoults
3
[1, 1, 1, 1, 1, 1, 1, 1, 1, 1, 1, 1, 1, 1, 1, 1, 1, 1, 1, 1, 1, 1, 1, 1, 1]
[1, 1, 1, 1, 1, 1, 1, 1, 1, 1, 1, 1, 1, 1, 1, 1, 1, 1, 1, 1, 1, 1, 1, 1, 1]
0.1659
-8.329982854425907
10
Resoults
4
[1, 1, 1, 1, 1, 1, 1, 1, 1, 1, 1, 1, 1, 1, 1, 1, 1, 1, 1, 1, 1, 1, 1, 1, 1]
[1, 1, 1, 1, 1, 1, 1, 1, 1, 1, 1, 1, 1, 1, 1, 1, 1, 1, 1, 1, 1, 1, 1, 1, 1]
0.1792
-8.441274680197239
Resoults
4
[1, 1, 1, 1, 1, 1, 1, 1, 1, 1, 1, 1, 1, 1, 1, 1, 1, 1, 1, 1, 1, 1, 1, 1, 1]
[1, 1, 1, 1, 1, 1, 1, 1, 1, 1, 1, 1, 1, 1, 1, 1, 1, 1, 1, 1, 1, 1, 1, 1, 1]
0.1792
-8.441274680197239
18
Resoults
5
[1, 1, 1, 1, 1, 1, 1, 1, 1, 1, 1, 1, 1, 1, 1, 1, 1, 1, 1, 1, 1, 1, 1, 1, 1]
[1, 1, 1, 1, 1, 1, 1, 1, 1, 1, 1, 1, 1, 1, 1, 1, 1, 1, 1, 1, 1, 1, 1, 1, 1]
0.1863
-8.51533342152834
Resoults
5
[1, 1, 1, 1, 1, 1, 1, 1, 1, 1, 1, 1, 1, 1, 1, 1, 1, 1, 1, 1, 1, 1, 1, 1, 1]
[1, 1, 1, 1, 1, 1, 1, 1, 1, 1, 1, 1, 1, 1, 1, 1, 1, 1, 1, 1, 1, 1, 1, 1, 1]
0.1863
-8.51533342152834
19
Resoults
6
[1, 1, 1, 1, 1, 1, 1, 1, 1, 1, 1, 1, 1, 1, 1, 1, 1, 1, 1, 1, 1, 1, 1, 1, 1]
[1, 1, 1, 1, 1, 1, 1, 1, 1, 1, 1, 1, 1, 1, 1, 1, 1, 1, 1, 1, 1, 1, 1, 1, 1]
0.1892
-8.664784736931324
Resoults
6
[1, 1, 1, 1, 1, 1, 1, 1, 1, 1, 1, 1, 1, 1, 1, 1, 1, 1, 1, 1, 1, 1, 1, 1, 1]
[1, 1, 1, 1, 1, 1, 1, 1, 1, 1, 1, 1, 1, 1, 1, 1, 1, 1, 1, 1, 1, 1, 1, 1, 1]
0.1892
-8.664784736931324
1
Resoults
7
[1, 1, 1, 1, 1, 1, 1, 1, 1, 1, 1, 1, 1, 1, 1, 1, 1, 1, 1, 1, 1, 1, 1, 1, 1]
[1, 1, 1, 1, 1, 1, 1, 1, 1, 1, 1, 1, 1, 1, 1, 1, 1, 1, 1, 1, 1, 1, 1, 1, 1]
0.1938
-8.829622007906437
Resoults
7
[1, 1, 1, 1, 1, 1, 1, 1, 1, 1, 1, 1, 1, 1, 1, 1, 1, 1, 1, 1, 1, 1, 1, 1, 1]
[1, 1, 1, 1, 1, 1, 1, 1, 1, 1, 1, 1, 1, 1, 1, 1, 1, 1, 1, 1, 1, 1, 1, 1, 1]
0.1938
-8.829622007906437
23
Resoults
8
[1, 1, 1, 1, 1, 1, 1, 1, 1, 1, 1, 1, 1, 1, 1, 1, 1, 1, 1, 1, 1, 1, 1, 1, 1]
[1, 1, 1, 1, 1, 1, 1, 1, 1, 1, 1, 1, 1, 1, 1, 1, 1, 1, 1, 1, 1, 1, 1, 1, 1]
0.2014
-8.966745980083942
Resoults
8
[1, 1, 1, 1, 1, 1, 1, 1, 1, 1, 1, 1, 1, 1, 1, 1, 1, 1, 1, 1, 1, 1, 1, 1, 1]
[1, 1, 1, 1, 1, 1, 1, 1, 1, 1, 1, 1, 1, 1, 1, 1, 1, 1, 1, 1, 1, 1, 1, 1, 1]
0.2014
-8.966745980083942
5
Resoults
9
[1, 1, 1, 1, 1, 1, 1, 1, 1, 1, 1, 1, 1, 1, 1, 1, 1, 1, 1, 1, 1, 1, 1, 1, 1]
[1, 1, 1, 1, 1, 1, 1, 1, 1, 1, 1, 1, 1, 1, 1, 1, 1, 1, 1, 1, 1, 1, 1, 1, 1]
0.1987
-9.202560730278492
Resoults
9
[1, 1, 1, 1, 1, 1, 1, 1, 1, 1, 1, 1, 1, 1, 1, 1, 1, 1, 1, 1, 1, 1, 1, 1, 1]
[1, 1, 1, 1, 1, 1, 1, 1, 1, 1, 1, 1, 1, 1, 1, 1, 1, 1, 1, 1, 1, 1, 1, 1, 1]
0.1987
-9.202560730278492
1
Resoults
10
[1, 1, 1, 1, 1, 1, 1, 1, 1, 1, 1, 1, 1, 1, 1, 1, 1, 1, 1, 1, 1, 1, 1, 1, 1]
[1, 1, 1, 1, 1, 1, 1, 1, 1, 1, 1, 1, 1, 1, 1, 1, 1, 1, 1, 1, 1, 1, 1, 1, 1]
0.2014
-9.44639553874731
Resoults
10
[1, 1, 1, 1, 1, 1, 1, 1, 1, 1, 1, 1, 1, 1, 1, 1, 1, 1, 1, 1, 1, 1, 1, 1, 1]
[1, 1, 1, 1, 1, 1, 1, 1, 1, 1, 1, 1, 1, 1, 1, 1, 1, 1, 1, 1, 1, 1, 1, 1, 1]
0.2014
-9.44639553874731
3
Resoults
11
[1, 1, 1, 1, 1, 1, 1, 1, 1, 1, 1, 1, 1, 1, 1, 1, 1, 1, 1, 1, 1, 1, 1, 1, 1]
[1, 1, 1, 1, 1, 1, 1, 1, 1, 1, 1, 1, 1, 1, 1, 1, 1, 1, 1, 1, 1, 1, 1, 1, 1]
0.2004
-9.683158054947853
Resoults
11
[1, 1, 1, 1, 1, 1, 1, 1, 1, 1, 1, 1, 1, 1, 1, 1, 1, 1, 1, 1, 1, 1, 1, 1, 1]
[1, 1, 1, 1, 1, 1, 1, 1, 1, 1, 1, 1, 1, 1, 1, 1, 1, 1, 1, 1, 1, 1, 1, 1, 1]
0.2004
-9.683158054947853
12
Resoults
12
[1, 1, 1, 1, 1, 1, 1, 1, 1, 1, 1, 1, 1, 1, 1, 1, 1, 1, 1, 1, 1, 1, 1, 1, 1]
[1, 1, 1, 1, 1, 1, 1, 1, 1, 1, 1, 1, 1, 1, 1, 1, 1, 1, 1, 1, 1, 1, 1, 1, 1]
0.2016
-9.992058493196964
Resoults
12
[1, 1, 1, 1, 1, 1, 1, 1, 1, 1, 1, 1, 1, 1, 1, 1, 1, 1, 1, 1, 1, 1, 1, 1, 1]
[1, 1, 1, 1, 1, 1, 1, 1, 1, 1, 1, 1, 1, 1, 1, 1, 1, 1, 1, 1, 1, 1, 1, 1, 1]
0.2016
-9.992058493196964
15
Resoults
13
[1, 1, 1, 1, 1, 1, 1, 1, 1, 1, 1, 1, 1, 1, 1, 1, 1, 1, 1, 1, 1, 1, 1, 1, 1]
[1, 1, 1, 1, 1, 1, 1, 1, 1, 1, 1, 1, 1, 1, 1, 1, 1, 1, 1, 1, 1, 1, 1, 1, 1]
0.198
-10.452866338193417
Resoults
13
[1, 1, 1, 1, 1, 1, 1, 1, 1, 1, 1, 1, 1, 1, 1, 1, 1, 1, 1, 1, 1, 1, 1, 1, 1]
[1, 1, 1, 1, 1, 1, 1, 1, 1, 1, 1, 1, 1, 1, 1, 1, 1, 1, 1, 1, 1, 1, 1, 1, 1]
0.198
-10.452866338193417
20
Resoults
14
[1, 1, 1, 1, 1, 1, 1, 1, 1, 1, 1, 1, 1, 1, 1, 1, 1, 1, 1, 1, 1, 1, 1, 1, 1]
[1, 1, 1, 1, 1, 1, 1, 1, 1, 1, 1, 1, 1, 1, 1, 1, 1, 1, 1, 1, 1, 1, 1, 1, 1]
0.1963
-10.831426747143269
Resoults
14
[1, 1, 1, 1, 1, 1, 1, 1, 1, 1, 1, 1, 1, 1, 1, 1, 1, 1, 1, 1, 1, 1, 1, 1, 1]
[1, 1, 1, 1, 1, 1, 1, 1, 1, 1, 1, 1, 1, 1, 1, 1, 1, 1, 1, 1, 1, 1, 1, 1, 1]
0.1963
-10.831426747143269
6
Resoults
15
[1, 1, 1, 1, 1, 1, 1, 1, 1, 1, 1, 1, 1, 1, 1, 1, 1, 1, 1, 1, 1, 1, 1, 1, 1]
[1, 1, 1, 1, 1, 1, 1, 1, 1, 1, 1, 1, 1, 1, 1, 1, 1, 1, 1, 1, 1, 1, 1, 1, 1]
0.1937
-11.159291557967663
Resoults
15
[1, 1, 1, 1, 1, 1, 1, 1, 1, 1, 1, 1, 1, 1, 1, 1, 1, 1, 1, 1, 1, 1, 1, 1, 1]
[1, 1, 1, 1, 1, 1, 1, 1, 1, 1, 1, 1, 1, 1, 1, 1, 1, 1, 1, 1, 1, 1, 1, 1, 1]
0.1937
-11.159291557967663
10
Resoults
16
[1, 1, 1, 1, 1, 1, 1, 1, 1, 1, 1, 1, 1, 1, 1, 1, 1, 1, 1, 1, 1, 1, 1, 1, 1]
[1, 1, 1, 1, 1, 1, 1, 1, 1, 1, 1, 1, 1, 1, 1, 1, 1, 1, 1, 1, 1, 1, 1, 1, 1]
0.1932
-11.46251667290926
Resoults
16
[1, 1, 1, 1, 1, 1, 1, 1, 1, 1, 1, 1, 1, 1, 1, 1, 1, 1, 1, 1, 1, 1, 1, 1, 1]
[1, 1, 1, 1, 1, 1, 1, 1, 1, 1, 1, 1, 1, 1, 1, 1, 1, 1, 1, 1, 1, 1, 1, 1, 1]
0.1932
-11.46251667290926
1
Resoults
17
[1, 1, 1, 1, 1, 1, 1, 1, 1, 1, 1, 1, 1, 1, 1, 1, 1, 1, 1, 1, 1, 1, 1, 1, 1]
[1, 1, 1, 1, 1, 1, 1, 1, 1, 1, 1, 1, 1, 1, 1, 1, 1, 1, 1, 1, 1, 1, 1, 1, 1]
0.1938
-11.698638550937176
Resoults
17
[1, 1, 1, 1, 1, 1, 1, 1, 1, 1, 1, 1, 1, 1, 1, 1, 1, 1, 1, 1, 1, 1, 1, 1, 1]
[1, 1, 1, 1, 1, 1, 1, 1, 1, 1, 1, 1, 1, 1, 1, 1, 1, 1, 1, 1, 1, 1, 1, 1, 1]
0.1938
-11.698638550937176
8
Resoults
18
[1, 1, 1, 1, 1, 1, 1, 1, 1, 1, 1, 1, 1, 1, 1, 1, 1, 1, 1, 1, 1, 1, 1, 1, 1]
[1, 1, 1, 1, 1, 1, 1, 1, 1, 1, 1, 1, 1, 1, 1, 1, 1, 1, 1, 1, 1, 1, 1, 1, 1]
0.194
-11.979937352240086
Resoults
18
[1, 1, 1, 1, 1, 1, 1, 1, 1, 1, 1, 1, 1, 1, 1, 1, 1, 1, 1, 1, 1, 1, 1, 1, 1]
[1, 1, 1, 1, 1, 1, 1, 1, 1, 1, 1, 1, 1, 1, 1, 1, 1, 1, 1, 1, 1, 1, 1, 1, 1]
0.194
-11.979937352240086
2
Resoults
19
[1, 1, 1, 1, 1, 1, 1, 1, 1, 1, 1, 1, 1, 1, 1, 1, 1, 1, 1, 1, 1, 1, 1, 1, 1]
[1, 1, 1, 1, 1, 1, 1, 1, 1, 1, 1, 1, 1, 1, 1, 1, 1, 1, 1, 1, 1, 1, 1, 1, 1]
0.195
-12.20704922825098
Resoults
19
[1, 1, 1, 1, 1, 1, 1, 1, 1, 1, 1, 1, 1, 1, 1, 1, 1, 1, 1, 1, 1, 1, 1, 1, 1]
[1, 1, 1, 1, 1, 1, 1, 1, 1, 1, 1, 1, 1, 1, 1, 1, 1, 1, 1, 1, 1, 1, 1, 1, 1]
0.195
-12.20704922825098
2
Resoults
20
[1, 1, 1, 1, 1, 1, 1, 1, 1, 1, 1, 1, 1, 1, 1, 1, 1, 1, 1, 1, 1, 1, 1, 1, 1]
[1, 1, 1, 1, 1, 1, 1, 1, 1, 1, 1, 1, 1, 1, 1, 1, 1, 1, 1, 1, 1, 1, 1, 1, 1]
0.1928
-12.404963053762913
Resoults
20
[1, 1, 1, 1, 1, 1, 1, 1, 1, 1, 1, 1, 1, 1, 1, 1, 1, 1, 1, 1, 1, 1, 1, 1, 1]
[1, 1, 1, 1, 1, 1, 1, 1, 1, 1, 1, 1, 1, 1, 1, 1, 1, 1, 1, 1, 1, 1, 1, 1, 1]
0.1928
-12.404963053762913
23
Resoults
21
[1, 1, 1, 1, 1, 1, 1, 1, 1, 1, 1, 1, 1, 1, 1, 1, 1, 1, 1, 1, 1, 1, 1, 1, 1]
[1, 1, 1, 1, 1, 1, 1, 1, 1, 1, 1, 1, 1, 1, 1, 1, 1, 1, 1, 1, 1, 1, 1, 1, 1]
0.1915
-12.56377548724413
Resoults
21
[1, 1, 1, 1, 1, 1, 1, 1, 1, 1, 1, 1, 1, 1, 1, 1, 1, 1, 1, 1, 1, 1, 1, 1, 1]
[1, 1, 1, 1, 1, 1, 1, 1, 1, 1, 1, 1, 1, 1, 1, 1, 1, 1, 1, 1, 1, 1, 1, 1, 1]
0.1915
-12.56377548724413
23
Resoults
22
[1, 1, 1, 1, 1, 1, 1, 1, 1, 1, 1, 1, 1, 1, 1, 1, 1, 1, 1, 1, 1, 1, 1, 1, 1]
[1, 1, 1, 1, 1, 1, 1, 1, 1, 1, 1, 1, 1, 1, 1, 1, 1, 1, 1, 1, 1, 1, 1, 1, 1]
0.1924
-12.708190612494946
Resoults
22
[1, 1, 1, 1, 1, 1, 1, 1, 1, 1, 1, 1, 1, 1, 1, 1, 1, 1, 1, 1, 1, 1, 1, 1, 1]
[1, 1, 1, 1, 1, 1, 1, 1, 1, 1, 1, 1, 1, 1, 1, 1, 1, 1, 1, 1, 1, 1, 1, 1, 1]
0.1924
-12.708190612494946
13
Resoults
23
[1, 1, 1, 1, 1, 1, 1, 1, 1, 1, 1, 1, 1, 1, 1, 1, 1, 1, 1, 1, 1, 1, 1, 1, 1]
[1, 1, 1, 1, 1, 1, 1, 1, 1, 1, 1, 1, 1, 1, 1, 1, 1, 1, 1, 1, 1, 1, 1, 1, 1]
0.192
-12.820834964513779
Resoults
23
[1, 1, 1, 1, 1, 1, 1, 1, 1, 1, 1, 1, 1, 1, 1, 1, 1, 1, 1, 1, 1, 1, 1, 1, 1]
[1, 1, 1, 1, 1, 1, 1, 1, 1, 1, 1, 1, 1, 1, 1, 1, 1, 1, 1, 1, 1, 1, 1, 1, 1]
0.192
-12.820834964513779
20
Resoults
24
[1, 1, 1, 1, 1, 1, 1, 1, 1, 1, 1, 1, 1, 1, 1, 1, 1, 1, 1, 1, 1, 1, 1, 1, 1]
[1, 1, 1, 1, 1, 1, 1, 1, 1, 1, 1, 1, 1, 1, 1, 1, 1, 1, 1, 1, 1, 1, 1, 1, 1]
0.1916
-13.020058922469616
Resoults
24
[1, 1, 1, 1, 1, 1, 1, 1, 1, 1, 1, 1, 1, 1, 1, 1, 1, 1, 1, 1, 1, 1, 1, 1, 1]
[1, 1, 1, 1, 1, 1, 1, 1, 1, 1, 1, 1, 1, 1, 1, 1, 1, 1, 1, 1, 1, 1, 1, 1, 1]
0.1916
-13.020058922469616
2
Resoults
25
[1, 1, 1, 1, 1, 1, 1, 1, 1, 1, 1, 1, 1, 1, 1, 1, 1, 1, 1, 1, 1, 1, 1, 1, 1]
[1, 1, 1, 1, 1, 1, 1, 1, 1, 1, 1, 1, 1, 1, 1, 1, 1, 1, 1, 1, 1, 1, 1, 1, 1]
0.1936
-13.146714359521866
Resoults
25
[1, 1, 1, 1, 1, 1, 1, 1, 1, 1, 1, 1, 1, 1, 1, 1, 1, 1, 1, 1, 1, 1, 1, 1, 1]
[1, 1, 1, 1, 1, 1, 1, 1, 1, 1, 1, 1, 1, 1, 1, 1, 1, 1, 1, 1, 1, 1, 1, 1, 1]
0.1936
-13.146714359521866
15
Resoults
26
[1, 1, 1, 1, 1, 1, 1, 1, 1, 1, 1, 1, 1, 1, 1, 1, 1, 1, 1, 1, 1, 1, 1, 1, 1]
[1, 1, 1, 1, 1, 1, 1, 1, 1, 1, 1, 1, 1, 1, 1, 1, 1, 1, 1, 1, 1, 1, 1, 1, 1]
0.1941
-13.33049701154232
Resoults
26
[1, 1, 1, 1, 1, 1, 1, 1, 1, 1, 1, 1, 1, 1, 1, 1, 1, 1, 1, 1, 1, 1, 1, 1, 1]
[1, 1, 1, 1, 1, 1, 1, 1, 1, 1, 1, 1, 1, 1, 1, 1, 1, 1, 1, 1, 1, 1, 1, 1, 1]
0.1941
-13.33049701154232
8
Resoults
27
[1, 1, 1, 1, 1, 1, 1, 1, 1, 1, 1, 1, 1, 1, 1, 1, 1, 1, 1, 1, 1, 1, 1, 1, 1]
[1, 1, 1, 1, 1, 1, 1, 1, 1, 1, 1, 1, 1, 1, 1, 1, 1, 1, 1, 1, 1, 1, 1, 1, 1]
0.1976
-13.49612183123827
Resoults
27
[1, 1, 1, 1, 1, 1, 1, 1, 1, 1, 1, 1, 1, 1, 1, 1, 1, 1, 1, 1, 1, 1, 1, 1, 1]
[1, 1, 1, 1, 1, 1, 1, 1, 1, 1, 1, 1, 1, 1, 1, 1, 1, 1, 1, 1, 1, 1, 1, 1, 1]
0.1976
-13.49612183123827
15
Resoults
28
[1, 1, 1, 1, 1, 1, 1, 1, 1, 1, 1, 1, 1, 1, 1, 1, 1, 1, 1, 1, 1, 1, 1, 1, 1]
[1, 1, 1, 1, 1, 1, 1, 1, 1, 1, 1, 1, 1, 1, 1, 1, 1, 1, 1, 1, 1, 1, 1, 1, 1]
0.2001
-13.663253784179688
Resoults
28
[1, 1, 1, 1, 1, 1, 1, 1, 1, 1, 1, 1, 1, 1, 1, 1, 1, 1, 1, 1, 1, 1, 1, 1, 1]
[1, 1, 1, 1, 1, 1, 1, 1, 1, 1, 1, 1, 1, 1, 1, 1, 1, 1, 1, 1, 1, 1, 1, 1, 1]
0.2001
-13.663253784179688
15
Resoults
29
[1, 1, 1, 1, 1, 1, 1, 1, 1, 1, 1, 1, 1, 1, 1, 1, 1, 1, 1, 1, 1, 1, 1, 1, 1]
[1, 1, 1, 1, 1, 1, 1, 1, 1, 1, 1, 1, 1, 1, 1, 1, 1, 1, 1, 1, 1, 1, 1, 1, 1]
0.2017
-13.82087778300047
Resoults
29
[1, 1, 1, 1, 1, 1, 1, 1, 1, 1, 1, 1, 1, 1, 1, 1, 1, 1, 1, 1, 1, 1, 1, 1, 1]
[1, 1, 1, 1, 1, 1, 1, 1, 1, 1, 1, 1, 1, 1, 1, 1, 1, 1, 1, 1, 1, 1, 1, 1, 1]
0.2017
-13.82087778300047
4
Resoults
30
[1, 1, 1, 1, 1, 1, 1, 1, 1, 1, 1, 1, 1, 1, 1, 1, 1, 1, 1, 1, 1, 1, 1, 1, 1]
[1, 1, 1, 1, 1, 1, 1, 1, 1, 1, 1, 1, 1, 1, 1, 1, 1, 1, 1, 1, 1, 1, 1, 1, 1]
0.2008
-13.920837707817554
Resoults
30
[1, 1, 1, 1, 1, 1, 1, 1, 1, 1, 1, 1, 1, 1, 1, 1, 1, 1, 1, 1, 1, 1, 1, 1, 1]
[1, 1, 1, 1, 1, 1, 1, 1, 1, 1, 1, 1, 1, 1, 1, 1, 1, 1, 1, 1, 1, 1, 1, 1, 1]
0.2008
-13.920837707817554
7
Resoults
31
[1, 1, 1, 1, 1, 1, 1, 1, 1, 1, 1, 1, 1, 1, 1, 1, 1, 1, 1, 1, 1, 1, 1, 1, 1]
[1, 1, 1, 1, 1, 1, 1, 1, 1, 1, 1, 1, 1, 1, 1, 1, 1, 1, 1, 1, 1, 1, 1, 1, 1]
0.2038
-14.102493397891521
Resoults
31
[1, 1, 1, 1, 1, 1, 1, 1, 1, 1, 1, 1, 1, 1, 1, 1, 1, 1, 1, 1, 1, 1, 1, 1, 1]
[1, 1, 1, 1, 1, 1, 1, 1, 1, 1, 1, 1, 1, 1, 1, 1, 1, 1, 1, 1, 1, 1, 1, 1, 1]
0.2038
-14.102493397891521
1
Resoults
32
[1, 1, 1, 1, 1, 1, 1, 1, 1, 1, 1, 1, 1, 1, 1, 1, 1, 1, 1, 1, 1, 1, 1, 1, 1]
[1, 1, 1, 1, 1, 1, 1, 1, 1, 1, 1, 1, 1, 1, 1, 1, 1, 1, 1, 1, 1, 1, 1, 1, 1]
0.2048
-14.244915090501308
Resoults
32
[1, 1, 1, 1, 1, 1, 1, 1, 1, 1, 1, 1, 1, 1, 1, 1, 1, 1, 1, 1, 1, 1, 1, 1, 1]
[1, 1, 1, 1, 1, 1, 1, 1, 1, 1, 1, 1, 1, 1, 1, 1, 1, 1, 1, 1, 1, 1, 1, 1, 1]
0.2048
-14.244915090501308
4
Resoults
33
[1, 1, 1, 1, 1, 1, 1, 1, 1, 1, 1, 1, 1, 1, 1, 1, 1, 1, 1, 1, 1, 1, 1, 1, 1]
[1, 1, 1, 1, 1, 1, 1, 1, 1, 1, 1, 1, 1, 1, 1, 1, 1, 1, 1, 1, 1, 1, 1, 1, 1]
0.2072
-14.366316512227058
Resoults
33
[1, 1, 1, 1, 1, 1, 1, 1, 1, 1, 1, 1, 1, 1, 1, 1, 1, 1, 1, 1, 1, 1, 1, 1, 1]
[1, 1, 1, 1, 1, 1, 1, 1, 1, 1, 1, 1, 1, 1, 1, 1, 1, 1, 1, 1, 1, 1, 1, 1, 1]
0.2072
-14.366316512227058
20
Resoults
34
[1, 1, 1, 1, 1, 1, 1, 1, 1, 1, 1, 1, 1, 1, 1, 1, 1, 1, 1, 1, 1, 1, 1, 1, 1]
[1, 1, 1, 1, 1, 1, 1, 1, 1, 1, 1, 1, 1, 1, 1, 1, 1, 1, 1, 1, 1, 1, 1, 1, 1]
0.2107
-14.470382608473301
Resoults
34
[1, 1, 1, 1, 1, 1, 1, 1, 1, 1, 1, 1, 1, 1, 1, 1, 1, 1, 1, 1, 1, 1, 1, 1, 1]
[1, 1, 1, 1, 1, 1, 1, 1, 1, 1, 1, 1, 1, 1, 1, 1, 1, 1, 1, 1, 1, 1, 1, 1, 1]
0.2107
-14.470382608473301
24
Resoults
35
[1, 1, 1, 1, 1, 1, 1, 1, 1, 1, 1, 1, 1, 1, 1, 1, 1, 1, 1, 1, 1, 1, 1, 1, 1]
[1, 1, 1, 1, 1, 1, 1, 1, 1, 1, 1, 1, 1, 1, 1, 1, 1, 1, 1, 1, 1, 1, 1, 1, 1]
0.2113
-14.600962549448013
Resoults
35
[1, 1, 1, 1, 1, 1, 1, 1, 1, 1, 1, 1, 1, 1, 1, 1, 1, 1, 1, 1, 1, 1, 1, 1, 1]
[1, 1, 1, 1, 1, 1, 1, 1, 1, 1, 1, 1, 1, 1, 1, 1, 1, 1, 1, 1, 1, 1, 1, 1, 1]
0.2113
-14.600962549448013
2
Resoults
36
[1, 1, 1, 1, 1, 1, 1, 1, 1, 1, 1, 1, 1, 1, 1, 1, 1, 1, 1, 1, 1, 1, 1, 1, 1]
[1, 1, 1, 1, 1, 1, 1, 1, 1, 1, 1, 1, 1, 1, 1, 1, 1, 1, 1, 1, 1, 1, 1, 1, 1]
0.215
-14.67417760193348
Resoults
36
[1, 1, 1, 1, 1, 1, 1, 1, 1, 1, 1, 1, 1, 1, 1, 1, 1, 1, 1, 1, 1, 1, 1, 1, 1]
[1, 1, 1, 1, 1, 1, 1, 1, 1, 1, 1, 1, 1, 1, 1, 1, 1, 1, 1, 1, 1, 1, 1, 1, 1]
0.215
-14.67417760193348
4
Resoults
37
[1, 1, 1, 1, 1, 1, 1, 1, 1, 1, 1, 1, 1, 1, 1, 1, 1, 1, 1, 1, 1, 1, 1, 1, 1]
[1, 1, 1, 1, 1, 1, 1, 1, 1, 1, 1, 1, 1, 1, 1, 1, 1, 1, 1, 1, 1, 1, 1, 1, 1]
0.2134
-14.782322742044926
Resoults
37
[1, 1, 1, 1, 1, 1, 1, 1, 1, 1, 1, 1, 1, 1, 1, 1, 1, 1, 1, 1, 1, 1, 1, 1, 1]
[1, 1, 1, 1, 1, 1, 1, 1, 1, 1, 1, 1, 1, 1, 1, 1, 1, 1, 1, 1, 1, 1, 1, 1, 1]
0.2134
-14.782322742044926
15
Resoults
38
[1, 1, 1, 1, 1, 1, 1, 1, 1, 1, 1, 1, 1, 1, 1, 1, 1, 1, 1, 1, 1, 1, 1, 1, 1]
[1, 1, 1, 1, 1, 1, 1, 1, 1, 1, 1, 1, 1, 1, 1, 1, 1, 1, 1, 1, 1, 1, 1, 1, 1]
0.2166
-14.981504790484905
Resoults
38
[1, 1, 1, 1, 1, 1, 1, 1, 1, 1, 1, 1, 1, 1, 1, 1, 1, 1, 1, 1, 1, 1, 1, 1, 1]
[1, 1, 1, 1, 1, 1, 1, 1, 1, 1, 1, 1, 1, 1, 1, 1, 1, 1, 1, 1, 1, 1, 1, 1, 1]
0.2166
-14.981504790484905
15
Resoults
39
[1, 1, 1, 1, 1, 1, 1, 1, 1, 1, 1, 1, 1, 1, 1, 1, 1, 1, 1, 1, 1, 1, 1, 1, 1]
[1, 1, 1, 1, 1, 1, 1, 1, 1, 1, 1, 1, 1, 1, 1, 1, 1, 1, 1, 1, 1, 1, 1, 1, 1]
0.2203
-15.178759597241879
Resoults
39
[1, 1, 1, 1, 1, 1, 1, 1, 1, 1, 1, 1, 1, 1, 1, 1, 1, 1, 1, 1, 1, 1, 1, 1, 1]
[1, 1, 1, 1, 1, 1, 1, 1, 1, 1, 1, 1, 1, 1, 1, 1, 1, 1, 1, 1, 1, 1, 1, 1, 1]
0.2203
-15.178759597241879
20
Resoults
40
[1, 1, 1, 1, 1, 1, 1, 1, 1, 1, 1, 1, 1, 1, 1, 1, 1, 1, 1, 1, 1, 1, 1, 1, 1]
[1, 1, 1, 1, 1, 1, 1, 1, 1, 1, 1, 1, 1, 1, 1, 1, 1, 1, 1, 1, 1, 1, 1, 1, 1]
0.2209
-15.291812047362328
Resoults
40
[1, 1, 1, 1, 1, 1, 1, 1, 1, 1, 1, 1, 1, 1, 1, 1, 1, 1, 1, 1, 1, 1, 1, 1, 1]
[1, 1, 1, 1, 1, 1, 1, 1, 1, 1, 1, 1, 1, 1, 1, 1, 1, 1, 1, 1, 1, 1, 1, 1, 1]
0.2209
-15.291812047362328
5
Resoults
41
[1, 1, 1, 1, 1, 1, 1, 1, 1, 1, 1, 1, 1, 1, 1, 1, 1, 1, 1, 1, 1, 1, 1, 1, 1]
[1, 1, 1, 1, 1, 1, 1, 1, 1, 1, 1, 1, 1, 1, 1, 1, 1, 1, 1, 1, 1, 1, 1, 1, 1]
0.2203
-15.36183413863182
Resoults
41
[1, 1, 1, 1, 1, 1, 1, 1, 1, 1, 1, 1, 1, 1, 1, 1, 1, 1, 1, 1, 1, 1, 1, 1, 1]
[1, 1, 1, 1, 1, 1, 1, 1, 1, 1, 1, 1, 1, 1, 1, 1, 1, 1, 1, 1, 1, 1, 1, 1, 1]
0.2203
-15.36183413863182
0
Resoults
42
[1, 1, 1, 1, 1, 1, 1, 1, 1, 1, 1, 1, 1, 1, 1, 1, 1, 1, 1, 1, 1, 1, 1, 1, 1]
[1, 1, 1, 1, 1, 1, 1, 1, 1, 1, 1, 1, 1, 1, 1, 1, 1, 1, 1, 1, 1, 1, 1, 1, 1]
0.2223
-15.514758490025997
Resoults
42
[1, 1, 1, 1, 1, 1, 1, 1, 1, 1, 1, 1, 1, 1, 1, 1, 1, 1, 1, 1, 1, 1, 1, 1, 1]
[1, 1, 1, 1, 1, 1, 1, 1, 1, 1, 1, 1, 1, 1, 1, 1, 1, 1, 1, 1, 1, 1, 1, 1, 1]
0.2223
-15.514758490025997
1
Resoults
43
[1, 1, 1, 1, 1, 1, 1, 1, 1, 1, 1, 1, 1, 1, 1, 1, 1, 1, 1, 1, 1, 1, 1, 1, 1]
[1, 1, 1, 1, 1, 1, 1, 1, 1, 1, 1, 1, 1, 1, 1, 1, 1, 1, 1, 1, 1, 1, 1, 1, 1]
0.2243
-15.617179222404957
Resoults
43
[1, 1, 1, 1, 1, 1, 1, 1, 1, 1, 1, 1, 1, 1, 1, 1, 1, 1, 1, 1, 1, 1, 1, 1, 1]
[1, 1, 1, 1, 1, 1, 1, 1, 1, 1, 1, 1, 1, 1, 1, 1, 1, 1, 1, 1, 1, 1, 1, 1, 1]
0.2243
-15.617179222404957
21
Resoults
44
[1, 1, 1, 1, 1, 1, 1, 1, 1, 1, 1, 1, 1, 1, 1, 1, 1, 1, 1, 1, 1, 1, 1, 1, 1]
[1, 1, 1, 1, 1, 1, 1, 1, 1, 1, 1, 1, 1, 1, 1, 1, 1, 1, 1, 1, 1, 1, 1, 1, 1]
0.2269
-15.734147436916828
Resoults
44
[1, 1, 1, 1, 1, 1, 1, 1, 1, 1, 1, 1, 1, 1, 1, 1, 1, 1, 1, 1, 1, 1, 1, 1, 1]
[1, 1, 1, 1, 1, 1, 1, 1, 1, 1, 1, 1, 1, 1, 1, 1, 1, 1, 1, 1, 1, 1, 1, 1, 1]
0.2269
-15.734147436916828
6
Resoults
45
[1, 1, 1, 1, 1, 1, 1, 1, 1, 1, 1, 1, 1, 1, 1, 1, 1, 1, 1, 1, 1, 1, 1, 1, 1]
[1, 1, 1, 1, 1, 1, 1, 1, 1, 1, 1, 1, 1, 1, 1, 1, 1, 1, 1, 1, 1, 1, 1, 1, 1]
0.2283
-15.812897212803364
Resoults
45
[1, 1, 1, 1, 1, 1, 1, 1, 1, 1, 1, 1, 1, 1, 1, 1, 1, 1, 1, 1, 1, 1, 1, 1, 1]
[1, 1, 1, 1, 1, 1, 1, 1, 1, 1, 1, 1, 1, 1, 1, 1, 1, 1, 1, 1, 1, 1, 1, 1, 1]
0.2283
-15.812897212803364
7
Resoults
46
[1, 1, 1, 1, 1, 1, 1, 1, 1, 1, 1, 1, 1, 1, 1, 1, 1, 1, 1, 1, 1, 1, 1, 1, 1]
[1, 1, 1, 1, 1, 1, 1, 1, 1, 1, 1, 1, 1, 1, 1, 1, 1, 1, 1, 1, 1, 1, 1, 1, 1]
0.2295
-15.894178733229637
Resoults
46
[1, 1, 1, 1, 1, 1, 1, 1, 1, 1, 1, 1, 1, 1, 1, 1, 1, 1, 1, 1, 1, 1, 1, 1, 1]
[1, 1, 1, 1, 1, 1, 1, 1, 1, 1, 1, 1, 1, 1, 1, 1, 1, 1, 1, 1, 1, 1, 1, 1, 1]
0.2295
-15.894178733229637
12
Resoults
47
[1, 1, 1, 1, 1, 1, 1, 1, 1, 1, 1, 1, 1, 1, 1, 1, 1, 1, 1, 1, 1, 1, 1, 1, 1]
[1, 1, 1, 1, 1, 1, 1, 1, 1, 1, 1, 1, 1, 1, 1, 1, 1, 1, 1, 1, 1, 1, 1, 1, 1]
0.2304
-15.955438919365406
Resoults
47
[1, 1, 1, 1, 1, 1, 1, 1, 1, 1, 1, 1, 1, 1, 1, 1, 1, 1, 1, 1, 1, 1, 1, 1, 1]
[1, 1, 1, 1, 1, 1, 1, 1, 1, 1, 1, 1, 1, 1, 1, 1, 1, 1, 1, 1, 1, 1, 1, 1, 1]
0.2304
-15.955438919365406
8
Resoults
48
[1, 1, 1, 1, 1, 1, 1, 1, 1, 1, 1, 1, 1, 1, 1, 1, 1, 1, 1, 1, 1, 1, 1, 1, 1]
[1, 1, 1, 1, 1, 1, 1, 1, 1, 1, 1, 1, 1, 1, 1, 1, 1, 1, 1, 1, 1, 1, 1, 1, 1]
0.2336
-16.15473072230816
Resoults
48
[1, 1, 1, 1, 1, 1, 1, 1, 1, 1, 1, 1, 1, 1, 1, 1, 1, 1, 1, 1, 1, 1, 1, 1, 1]
[1, 1, 1, 1, 1, 1, 1, 1, 1, 1, 1, 1, 1, 1, 1, 1, 1, 1, 1, 1, 1, 1, 1, 1, 1]
0.2336
-16.15473072230816
19
Resoults
49
[1, 1, 1, 1, 1, 1, 1, 1, 1, 1, 1, 1, 1, 1, 1, 1, 1, 1, 1, 1, 1, 1, 1, 1, 1]
[1, 1, 1, 1, 1, 1, 1, 1, 1, 1, 1, 1, 1, 1, 1, 1, 1, 1, 1, 1, 1, 1, 1, 1, 1]
0.2376
-16.308984495699406
Resoults
49
[1, 1, 1, 1, 1, 1, 1, 1, 1, 1, 1, 1, 1, 1, 1, 1, 1, 1, 1, 1, 1, 1, 1, 1, 1]
[1, 1, 1, 1, 1, 1, 1, 1, 1, 1, 1, 1, 1, 1, 1, 1, 1, 1, 1, 1, 1, 1, 1, 1, 1]
0.2376
-16.308984495699406
