
Experimental details:
    Model     : cnn
    Optimizer : sgd
    Learning  : 0.1
    Global Rounds   : 50

    Federated parameters:
    Non-IID
    Fraction of users  : 0.2
    Local Batch size   : 10
    Local Epochs       : 1

K
Resoults
0
[1, 1, 1, 1, 1]
[1, 1, 1, 1, 1]
0.1147
181.76021456718445
UJKOR
K
Resoults
1
[1, 1, 1, 1, 1]
[1, 1, 1, 1, 1]
0.3147
172.57390069961548
UJKOR
K
Resoults
2
[1, 1, 1, 1, 1]
[1, 1, 1, 1, 1]
0.2424
180.27191400527954
UJKOR
K
Resoults
3
[1, 1, 1, 1, 1]
[1, 1, 1, 1, 1]
0.5013
146.5285164117813
UJKOR
K
Resoults
4
[1, 1, 1, 1, 1]
[1, 1, 1, 1, 1]
0.543
137.18155419826508
UJKOR
K
Resoults
5
[1, 1, 1, 1, 1]
[1, 1, 1, 1, 1]
0.4788
154.8429412841797
UJKOR
K
Resoults
6
[1, 1, 1, 1, 1]
[1, 1, 1, 1, 1]
0.6632
113.27497935295105
UJKOR
K
Resoults
7
[1, 1, 1, 1, 1]
[1, 1, 1, 1, 1]
0.5681
131.56651878356934
UJKOR
K
Resoults
8
[1, 1, 1, 1, 1]
[1, 1, 1, 1, 1]
0.4416
172.13178956508636
UJKOR
K
Resoults
9
[1, 1, 1, 1, 1]
[1, 1, 1, 1, 1]
0.5271
146.7511384487152
UJKOR
K
Resoults
10
[1, 1, 1, 1, 1]
[1, 1, 1, 1, 1]
0.2846
185.62578630447388
UJKOR
K
Resoults
11
[1, 1, 1, 1, 1]
[1, 1, 1, 1, 1]
0.5315
145.8267763853073
UJKOR
K
Resoults
12
[1, 1, 1, 1, 1]
[1, 1, 1, 1, 1]
0.4876
157.8448213338852
UJKOR
K
Resoults
13
[1, 1, 1, 1, 1]
[1, 1, 1, 1, 1]
0.5179
149.48743295669556
UJKOR
K
Resoults
14
[1, 1, 1, 1, 1]
[1, 1, 1, 1, 1]
0.5307
142.1738382577896
UJKOR
K
Resoults
15
[1, 1, 1, 1, 1]
[1, 1, 1, 1, 1]
0.5503
146.78881978988647
UJKOR
K
Resoults
16
[1, 1, 1, 1, 1]
[1, 1, 1, 1, 1]
0.5388
150.00730645656586
UJKOR
K
Resoults
17
[1, 1, 1, 1, 1]
[1, 1, 1, 1, 1]
0.5584
156.1488642692566
UJKOR
K
Resoults
18
[1, 1, 1, 1, 1]
[1, 1, 1, 1, 1]
0.5896
167.59048187732697
UJKOR
K
Resoults
19
[1, 1, 1, 1, 1]
[1, 1, 1, 1, 1]
0.5472
141.70582830905914
UJKOR
K
Resoults
20
[1, 1, 1, 1, 1]
[1, 1, 1, 1, 1]
0.5938
143.96316277980804
UJKOR
K
Resoults
21
[1, 1, 1, 1, 1]
[1, 1, 1, 1, 1]
0.5656
171.3134377002716
UJKOR
K
Resoults
22
[1, 1, 1, 1, 1]
[1, 1, 1, 1, 1]
0.5517
144.18508124351501
UJKOR
K
Resoults
23
[1, 1, 1, 1, 1]
[1, 1, 1, 1, 1]
0.5567
174.08363044261932
UJKOR
K
Resoults
24
[1, 1, 1, 1, 1]
[1, 1, 1, 1, 1]
0.5952
160.11122298240662
UJKOR
K
Resoults
25
[1, 1, 1, 1, 1]
[1, 1, 1, 1, 1]
0.5652
155.1707854270935
UJKOR
K
Resoults
26
[1, 1, 1, 1, 1]
[1, 1, 1, 1, 1]
0.5993
149.26262509822845
UJKOR
K
Resoults
27
[1, 1, 1, 1, 1]
[1, 1, 1, 1, 1]
0.6171
124.9639368057251
UJKOR
K
Resoults
28
[1, 1, 1, 1, 1]
[1, 1, 1, 1, 1]
0.5351
145.15224134922028
UJKOR
K
Resoults
29
[1, 1, 1, 1, 1]
[1, 1, 1, 1, 1]
0.6128
137.05290257930756
UJKOR
K
Resoults
30
[1, 1, 1, 1, 1]
[1, 1, 1, 1, 1]
0.5268
192.42608451843262
UJKOR
K
Resoults
31
[1, 1, 1, 1, 1]
[1, 1, 1, 1, 1]
0.2597
179.87130331993103
UJKOR
K
Resoults
32
[1, 1, 1, 1, 1]
[1, 1, 1, 1, 1]
0.338
177.16247022151947
UJKOR
K
Resoults
33
[1, 1, 1, 1, 1]
[1, 1, 1, 1, 1]
0.5588
147.46510648727417
UJKOR
K
Resoults
34
[1, 1, 1, 1, 1]
[1, 1, 1, 1, 1]
0.5301
145.57597696781158
UJKOR
K
Resoults
35
[1, 1, 1, 1, 1]
[1, 1, 1, 1, 1]
0.4321
158.09846901893616
UJKOR
K
Resoults
36
[1, 1, 1, 1, 1]
[1, 1, 1, 1, 1]
0.5613
142.07077026367188
UJKOR
K
Resoults
37
[1, 1, 1, 1, 1]
[1, 1, 1, 1, 1]
0.4734
164.5162398815155
UJKOR
K
Resoults
38
[1, 1, 1, 1, 1]
[1, 1, 1, 1, 1]
0.5752
159.23560440540314
UJKOR
K
Resoults
39
[1, 1, 1, 1, 1]
[1, 1, 1, 1, 1]
0.6229
153.91760969161987
UJKOR
K
Resoults
40
[1, 1, 1, 1, 1]
[1, 1, 1, 1, 1]
0.5716
136.78635621070862
UJKOR
K
Resoults
41
[1, 1, 1, 1, 1]
[1, 1, 1, 1, 1]
0.625
138.67742478847504
UJKOR
K
Resoults
42
[1, 1, 1, 1, 1]
[1, 1, 1, 1, 1]
0.6093
149.78590941429138
UJKOR
K
Resoults
43
[1, 1, 1, 1, 1]
[1, 1, 1, 1, 1]
0.5996
153.26922273635864
UJKOR
K
Resoults
44
[1, 1, 1, 1, 1]
[1, 1, 1, 1, 1]
0.6094
135.55023217201233
UJKOR
K
Resoults
45
[1, 1, 1, 1, 1]
[1, 1, 1, 1, 1]
0.5738
132.6752746105194
UJKOR
K
Resoults
46
[1, 1, 1, 1, 1]
[1, 1, 1, 1, 1]
0.5736
139.09481394290924
UJKOR
K
Resoults
47
[1, 1, 1, 1, 1]
[1, 1, 1, 1, 1]
0.5991
138.4137921333313
UJKOR
K
Resoults
48
[1, 1, 1, 1, 1]
[1, 1, 1, 1, 1]
0.6191
142.26015102863312
UJKOR
K
Resoults
49
[1, 1, 1, 1, 1]
[1, 1, 1, 1, 1]
0.6164
157.7589340209961
UJKOR
