
Experimental details:
    Model     : mlp
    Optimizer : sgd
    Learning  : 0.05
    Global Rounds   : 50

    Federated parameters:
    Non-IID
    Fraction of users  : 0.2
    Local Batch size   : 10
    Local Epochs       : 1

Files already downloaded and verified
Files already downloaded and verified
K
Resoults
0
[1, 1, 1, 1, 1]
[1, 1, 1, 1, 1]
0.1787
-8.933720171451569
UJKOR
K
Resoults
1
[1, 1, 1, 1, 1]
[1, 1, 1, 1, 1]
0.1579
-9.985075816512108
UJKOR
K
Resoults
2
[1, 1, 1, 1, 1]
[1, 1, 1, 1, 1]
0.2132
-10.565791971981525
UJKOR
K
Resoults
3
[1, 1, 1, 1, 1]
[1, 1, 1, 1, 1]
0.1772
-11.377280838787556
UJKOR
K
Resoults
4
[1, 1, 1, 1, 1]
[1, 1, 1, 1, 1]
0.1633
-11.748429298400879
UJKOR
K
Resoults
5
[1, 1, 1, 1, 1]
[1, 1, 1, 1, 1]
0.1724
-12.222340360283852
UJKOR
K
Resoults
6
[1, 1, 1, 1, 1]
[1, 1, 1, 1, 1]
0.1705
-12.631657049059868
UJKOR
K
Resoults
7
[1, 1, 1, 1, 1]
[1, 1, 1, 1, 1]
0.1856
-13.497166648507118
UJKOR
K
Resoults
8
[1, 1, 1, 1, 1]
[1, 1, 1, 1, 1]
0.2167
-14.195417493581772
UJKOR
K
Resoults
9
[1, 1, 1, 1, 1]
[1, 1, 1, 1, 1]
0.1945
-14.024779543280602
UJKOR
K
Resoults
10
[1, 1, 1, 1, 1]
[1, 1, 1, 1, 1]
0.1986
-14.700703263282776
UJKOR
K
Resoults
11
[1, 1, 1, 1, 1]
[1, 1, 1, 1, 1]
0.2019
-15.165592417120934
UJKOR
K
Resoults
12
[1, 1, 1, 1, 1]
[1, 1, 1, 1, 1]
0.1971
-14.89876140654087
UJKOR
K
Resoults
13
[1, 1, 1, 1, 1]
[1, 1, 1, 1, 1]
0.2084
-15.685744032263756
UJKOR
K
Resoults
14
[1, 1, 1, 1, 1]
[1, 1, 1, 1, 1]
0.2128
-15.99860280752182
UJKOR
K
Resoults
15
[1, 1, 1, 1, 1]
[1, 1, 1, 1, 1]
0.2089
-15.789505049586296
UJKOR
K
Resoults
16
[1, 1, 1, 1, 1]
[1, 1, 1, 1, 1]
0.2166
-16.19528503715992
UJKOR
K
Resoults
17
[1, 1, 1, 1, 1]
[1, 1, 1, 1, 1]
0.2232
-16.943546921014786
UJKOR
K
Resoults
18
[1, 1, 1, 1, 1]
[1, 1, 1, 1, 1]
0.2225
-16.863566234707832
UJKOR
K
Resoults
19
[1, 1, 1, 1, 1]
[1, 1, 1, 1, 1]
0.2154
-16.511603757739067
UJKOR
K
Resoults
20
[1, 1, 1, 1, 1]
[1, 1, 1, 1, 1]
0.2077
-15.951325386762619
UJKOR
K
Resoults
21
[1, 1, 1, 1, 1]
[1, 1, 1, 1, 1]
0.2253
-17.049168810248375
UJKOR
K
Resoults
22
[1, 1, 1, 1, 1]
[1, 1, 1, 1, 1]
0.2148
-16.410662174224854
UJKOR
K
Resoults
23
[1, 1, 1, 1, 1]
[1, 1, 1, 1, 1]
0.2295
-17.48624348640442
UJKOR
K
Resoults
24
[1, 1, 1, 1, 1]
[1, 1, 1, 1, 1]
0.2343
-17.92628726363182
UJKOR
K
Resoults
25
[1, 1, 1, 1, 1]
[1, 1, 1, 1, 1]
0.2253
-17.410707399249077
UJKOR
K
Resoults
26
[1, 1, 1, 1, 1]
[1, 1, 1, 1, 1]
0.2305
-17.610681265592575
UJKOR
K
Resoults
27
[1, 1, 1, 1, 1]
[1, 1, 1, 1, 1]
0.224
-17.291602045297623
UJKOR
K
Resoults
28
[1, 1, 1, 1, 1]
[1, 1, 1, 1, 1]
0.2177
-16.763705372810364
UJKOR
K
Resoults
29
[1, 1, 1, 1, 1]
[1, 1, 1, 1, 1]
0.2083
-16.0521419942379
UJKOR
K
Resoults
30
[1, 1, 1, 1, 1]
[1, 1, 1, 1, 1]
0.2323
-17.860987678170204
UJKOR
K
Resoults
31
[1, 1, 1, 1, 1]
[1, 1, 1, 1, 1]
0.2297
-17.904468029737473
UJKOR
K
Resoults
32
[1, 1, 1, 1, 1]
[1, 1, 1, 1, 1]
0.2425
-18.549204736948013
UJKOR
K
Resoults
33
[1, 1, 1, 1, 1]
[1, 1, 1, 1, 1]
0.2434
-18.49993886053562
UJKOR
K
Resoults
34
[1, 1, 1, 1, 1]
[1, 1, 1, 1, 1]
0.2389
-18.003816843032837
UJKOR
K
Resoults
35
[1, 1, 1, 1, 1]
[1, 1, 1, 1, 1]
0.224
-17.19107775390148
UJKOR
K
Resoults
36
[1, 1, 1, 1, 1]
[1, 1, 1, 1, 1]
0.2327
-17.629245206713676
UJKOR
K
Resoults
37
[1, 1, 1, 1, 1]
[1, 1, 1, 1, 1]
0.248
-18.76663936674595
UJKOR
K
Resoults
38
[1, 1, 1, 1, 1]
[1, 1, 1, 1, 1]
0.2446
-18.610177502036095
UJKOR
K
Resoults
39
[1, 1, 1, 1, 1]
[1, 1, 1, 1, 1]
0.2349
-17.933802098035812
UJKOR
K
Resoults
40
[1, 1, 1, 1, 1]
[1, 1, 1, 1, 1]
0.247
-18.935020804405212
UJKOR
K
Resoults
41
[1, 1, 1, 1, 1]
[1, 1, 1, 1, 1]
0.2426
-18.563426986336708
UJKOR
K
Resoults
42
[1, 1, 1, 1, 1]
[1, 1, 1, 1, 1]
0.2394
-18.513462364673615
UJKOR
K
Resoults
43
[1, 1, 1, 1, 1]
[1, 1, 1, 1, 1]
0.2405
-18.3691958039999
UJKOR
K
Resoults
44
[1, 1, 1, 1, 1]
[1, 1, 1, 1, 1]
0.2391
-18.439557179808617
UJKOR
K
Resoults
45
[1, 1, 1, 1, 1]
[1, 1, 1, 1, 1]
0.245
-18.801698446273804
UJKOR
K
Resoults
46
[1, 1, 1, 1, 1]
[1, 1, 1, 1, 1]
0.2474
-19.053353860974312
UJKOR
K
Resoults
47
[1, 1, 1, 1, 1]
[1, 1, 1, 1, 1]
0.2517
-19.310570433735847
UJKOR
K
Resoults
48
[1, 1, 1, 1, 1]
[1, 1, 1, 1, 1]
0.2487
-18.98421972990036
UJKOR
K
Resoults
49
[1, 1, 1, 1, 1]
[1, 1, 1, 1, 1]
0.2545
-19.521209329366684
UJKOR
