
Experimental details:
    Model     : mlp
    Optimizer : sgd
    Learning  : 0.05
    Global Rounds   : 50

    Federated parameters:
    Non-IID
    Fraction of users  : 0.2
    Local Batch size   : 10
    Local Epochs       : 1

K
Resoults
0
[1, 1, 1, 1, 1]
[1, 1, 1, 1, 1]
0.2694
-11.470382817089558
UJKOR
K
Resoults
1
[1, 1, 1, 1, 1]
[1, 1, 1, 1, 1]
0.4076
-21.44085094332695
UJKOR
K
Resoults
2
[1, 1, 1, 1, 1]
[1, 1, 1, 1, 1]
0.483
-30.258095413446426
UJKOR
K
Resoults
3
[1, 1, 1, 1, 1]
[1, 1, 1, 1, 1]
0.5312
-36.61310338973999
UJKOR
K
Resoults
4
[1, 1, 1, 1, 1]
[1, 1, 1, 1, 1]
0.5724
-41.71838262677193
UJKOR
K
Resoults
5
[1, 1, 1, 1, 1]
[1, 1, 1, 1, 1]
0.6379
-45.420459628105164
UJKOR
K
Resoults
6
[1, 1, 1, 1, 1]
[1, 1, 1, 1, 1]
0.6666
-47.91756737232208
UJKOR
K
Resoults
7
[1, 1, 1, 1, 1]
[1, 1, 1, 1, 1]
0.6684
-49.38778069615364
UJKOR
K
Resoults
8
[1, 1, 1, 1, 1]
[1, 1, 1, 1, 1]
0.69
-51.40318465232849
UJKOR
K
Resoults
9
[1, 1, 1, 1, 1]
[1, 1, 1, 1, 1]
0.6926
-52.12204170227051
UJKOR
K
Resoults
10
[1, 1, 1, 1, 1]
[1, 1, 1, 1, 1]
0.6966
-52.51260668039322
UJKOR
K
Resoults
11
[1, 1, 1, 1, 1]
[1, 1, 1, 1, 1]
0.6809
-52.03323370218277
UJKOR
K
Resoults
12
[1, 1, 1, 1, 1]
[1, 1, 1, 1, 1]
0.7079
-54.074340879917145
UJKOR
K
Resoults
13
[1, 1, 1, 1, 1]
[1, 1, 1, 1, 1]
0.7002
-53.63388580083847
UJKOR
K
Resoults
14
[1, 1, 1, 1, 1]
[1, 1, 1, 1, 1]
0.7112
-54.513447523117065
UJKOR
K
Resoults
15
[1, 1, 1, 1, 1]
[1, 1, 1, 1, 1]
0.7054
-54.4968786239624
UJKOR
K
Resoults
16
[1, 1, 1, 1, 1]
[1, 1, 1, 1, 1]
0.7147
-55.130135893821716
UJKOR
K
Resoults
17
[1, 1, 1, 1, 1]
[1, 1, 1, 1, 1]
0.7136
-54.958472430706024
UJKOR
K
Resoults
18
[1, 1, 1, 1, 1]
[1, 1, 1, 1, 1]
0.7146
-55.28778529167175
UJKOR
K
Resoults
19
[1, 1, 1, 1, 1]
[1, 1, 1, 1, 1]
0.7074
-54.74418240785599
UJKOR
K
Resoults
20
[1, 1, 1, 1, 1]
[1, 1, 1, 1, 1]
0.7143
-55.23305094242096
UJKOR
K
Resoults
21
[1, 1, 1, 1, 1]
[1, 1, 1, 1, 1]
0.7215
-55.92929780483246
UJKOR
K
Resoults
22
[1, 1, 1, 1, 1]
[1, 1, 1, 1, 1]
0.7097
-55.1839844584465
UJKOR
K
Resoults
23
[1, 1, 1, 1, 1]
[1, 1, 1, 1, 1]
0.7245
-56.18288367986679
UJKOR
K
Resoults
24
[1, 1, 1, 1, 1]
[1, 1, 1, 1, 1]
0.7176
-55.77511352300644
UJKOR
K
Resoults
25
[1, 1, 1, 1, 1]
[1, 1, 1, 1, 1]
0.716
-55.711186587810516
UJKOR
K
Resoults
26
[1, 1, 1, 1, 1]
[1, 1, 1, 1, 1]
0.719
-55.9843453168869
UJKOR
K
Resoults
27
[1, 1, 1, 1, 1]
[1, 1, 1, 1, 1]
0.7268
-56.55878281593323
UJKOR
K
Resoults
28
[1, 1, 1, 1, 1]
[1, 1, 1, 1, 1]
0.7326
-57.00889176130295
UJKOR
K
Resoults
29
[1, 1, 1, 1, 1]
[1, 1, 1, 1, 1]
0.7286
-56.703985154628754
UJKOR
K
Resoults
30
[1, 1, 1, 1, 1]
[1, 1, 1, 1, 1]
0.7283
-56.79557693004608
UJKOR
K
Resoults
31
[1, 1, 1, 1, 1]
[1, 1, 1, 1, 1]
0.7178
-55.91785091161728
UJKOR
K
Resoults
32
[1, 1, 1, 1, 1]
[1, 1, 1, 1, 1]
0.7198
-56.28988742828369
UJKOR
K
Resoults
33
[1, 1, 1, 1, 1]
[1, 1, 1, 1, 1]
0.7311
-57.04630821943283
UJKOR
K
Resoults
34
[1, 1, 1, 1, 1]
[1, 1, 1, 1, 1]
0.7331
-57.202498853206635
UJKOR
K
Resoults
35
[1, 1, 1, 1, 1]
[1, 1, 1, 1, 1]
0.7245
-56.574156641960144
UJKOR
K
Resoults
36
[1, 1, 1, 1, 1]
[1, 1, 1, 1, 1]
0.7342
-57.27140361070633
UJKOR
K
Resoults
37
[1, 1, 1, 1, 1]
[1, 1, 1, 1, 1]
0.7261
-56.67749243974686
UJKOR
K
Resoults
38
[1, 1, 1, 1, 1]
[1, 1, 1, 1, 1]
0.7305
-57.01844000816345
UJKOR
K
Resoults
39
[1, 1, 1, 1, 1]
[1, 1, 1, 1, 1]
0.7279
-57.05339300632477
UJKOR
K
Resoults
40
[1, 1, 1, 1, 1]
[1, 1, 1, 1, 1]
0.7319
-57.24715054035187
UJKOR
K
Resoults
41
[1, 1, 1, 1, 1]
[1, 1, 1, 1, 1]
0.7295
-57.02654153108597
UJKOR
K
Resoults
42
[1, 1, 1, 1, 1]
[1, 1, 1, 1, 1]
0.7266
-57.01831191778183
UJKOR
K
Resoults
43
[1, 1, 1, 1, 1]
[1, 1, 1, 1, 1]
0.7281
-57.13529396057129
UJKOR
K
Resoults
44
[1, 1, 1, 1, 1]
[1, 1, 1, 1, 1]
0.7291
-57.17182207107544
UJKOR
K
Resoults
45
[1, 1, 1, 1, 1]
[1, 1, 1, 1, 1]
0.7302
-57.29508149623871
UJKOR
K
Resoults
46
[1, 1, 1, 1, 1]
[1, 1, 1, 1, 1]
0.7371
-57.7276885509491
UJKOR
K
Resoults
47
[1, 1, 1, 1, 1]
[1, 1, 1, 1, 1]
0.7348
-57.59443819522858
UJKOR
K
Resoults
48
[1, 1, 1, 1, 1]
[1, 1, 1, 1, 1]
0.7323
-57.405601382255554
UJKOR
K
Resoults
49
[1, 1, 1, 1, 1]
[1, 1, 1, 1, 1]
0.7339
-57.506193816661835
UJKOR
